0 0.053757 0.500658 0.034598 0.052632
0 0.099702 0.635855 0.030506 0.057237
0 0.065662 0.742763 0.026414 0.056579
0 0.144531 0.268092 0.032366 0.049342
0 0.338914 0.572368 0.032738 0.063158
0 0.309152 0.801645 0.031994 0.057237
0 0.452567 0.736842 0.026414 0.064474
0 0.429874 0.296053 0.027902 0.068421
0 0.469494 0.532237 0.034226 0.068421
0 0.472098 0.587500 0.032738 0.060526
0 0.028832 0.853289 0.044271 0.077632
0 0.679315 0.157566 0.040179 0.046711
0 0.782552 0.048355 0.032366 0.078289
0 0.803757 0.271382 0.026414 0.065132
0 0.866629 0.668092 0.032366 0.059868
0 0.767857 0.724013 0.029762 0.053289
0 0.228981 0.557895 0.022693 0.052632
0 0.912574 0.115132 0.031994 0.063158
0 0.916667 0.480592 0.031994 0.074342