0 0.985863 0.764474 0.028274 0.053947
0 0.882812 0.770724 0.044643 0.049342
0 0.569382 0.663487 0.046503 0.042763
0 0.596168 0.705921 0.042783 0.056579
0 0.666109 0.340789 0.046503 0.046053
0 0.652902 0.257237 0.046131 0.050000
0 0.585379 0.280592 0.051711 0.033553
0 0.915923 0.072039 0.046131 0.040132
0 0.393043 0.370395 0.036086 0.064474
0 0.500558 0.804934 0.039807 0.075658
0 0.338356 0.054934 0.026414 0.046711
0 0.333891 0.079934 0.032366 0.044079
0 0.311756 0.204934 0.029762 0.046711
0 0.290923 0.233882 0.036458 0.040132
0 0.341518 0.888487 0.029762 0.044079
0 0.361421 0.915132 0.026414 0.035526
0 0.342262 0.925000 0.031994 0.035526
0 0.273624 0.872697 0.028646 0.053289