0 0.207403 0.055921 0.039807 0.060526
0 0.682850 0.105592 0.027902 0.065132
0 0.157552 0.315461 0.030134 0.063816
0 0.653274 0.355263 0.032738 0.063158
0 0.687128 0.222697 0.026786 0.050658
0 0.059338 0.586513 0.038318 0.042763
0 0.494234 0.625329 0.050223 0.071711
0 0.684338 0.544737 0.042783 0.057895
0 0.813802 0.646711 0.044271 0.057895
0 0.755394 0.041447 0.028646 0.057895
0 0.377976 0.936842 0.023810 0.047368
0 0.461682 0.978618 0.032738 0.042763
0 0.678199 0.950000 0.037946 0.053947
0 0.850632 0.510526 0.024926 0.050000
0 0.893415 0.519079 0.034598 0.067105