0 0.274368 0.393750 0.026414 0.054605
0 0.316406 0.384211 0.038318 0.067105
0 0.342820 0.461513 0.030134 0.065132
0 0.424665 0.384868 0.046503 0.078947
0 0.383557 0.064474 0.053571 0.071053
0 0.490699 0.263158 0.032738 0.060526
0 0.504278 0.302303 0.022693 0.040132
0 0.341146 0.701645 0.035714 0.046711
0 0.520647 0.348026 0.026414 0.036842
0 0.607329 0.165789 0.042783 0.060526
0 0.700521 0.217763 0.052083 0.085526
0 0.138579 0.382237 0.026414 0.056579
0 0.105283 0.788487 0.035714 0.080921
0 0.540737 0.322039 0.042039 0.046711
0 0.572545 0.273355 0.046131 0.075658
0 0.895461 0.218750 0.032738 0.059868
0 0.839472 0.088158 0.038318 0.053947
0 0.962612 0.448684 0.040551 0.067105
0 0.983073 0.349013 0.026414 0.042763
0 0.975818 0.575000 0.036458 0.064474
0 0.957403 0.693750 0.042039 0.070395
0 0.813430 0.936842 0.042039 0.064474
0 0.686756 0.973026 0.053571 0.053947