0 0.854911 0.769079 0.030506 0.053947
0 0.750744 0.775329 0.044643 0.049342
0 0.437314 0.668092 0.046503 0.042763
0 0.464100 0.710526 0.042783 0.056579
0 0.534040 0.345395 0.046503 0.046053
0 0.520833 0.261842 0.046131 0.050000
0 0.453311 0.285197 0.051711 0.033553
0 0.783854 0.076645 0.046131 0.040132
0 0.260975 0.375000 0.036086 0.064474
0 0.368490 0.809539 0.039807 0.075658
0 0.206287 0.059539 0.026414 0.046711
0 0.201823 0.084539 0.032366 0.044079
0 0.179688 0.209539 0.029762 0.046711
0 0.158854 0.238487 0.036458 0.040132
0 0.209449 0.893092 0.029762 0.044079
0 0.229353 0.919737 0.026414 0.035526
0 0.210193 0.929605 0.031994 0.035526
0 0.141555 0.877303 0.028646 0.053289