0 0.058222 0.059539 0.024182 0.074342
0 0.326823 0.037829 0.039807 0.075658
0 0.446615 0.019408 0.028646 0.038816
0 0.457031 0.250658 0.030134 0.064474
0 0.020647 0.381579 0.024926 0.053947
0 0.107143 0.500000 0.030506 0.063158
0 0.116257 0.752961 0.026414 0.046711
0 0.364397 0.723026 0.038318 0.068421
0 0.428757 0.692105 0.039807 0.052632
0 0.456287 0.650987 0.027902 0.050658
0 0.164621 0.900000 0.022693 0.050000
0 0.286644 0.831250 0.026414 0.046711
0 0.489955 0.955921 0.032738 0.053947
0 0.490513 0.144079 0.024926 0.056579
0 0.623140 0.072697 0.030506 0.040132
0 0.698103 0.312829 0.024182 0.040132
0 0.732329 0.090132 0.033854 0.052632
0 0.776972 0.807895 0.027902 0.056579
0 0.731027 0.974671 0.034226 0.046711
0 0.839658 0.251974 0.034226 0.053947
0 0.859933 0.110526 0.022693 0.046053
0 0.859189 0.063158 0.030134 0.042105