0 0.455357 0.978289 0.031994 0.043421
0 0.485491 0.969408 0.036458 0.059868
0 0.544457 0.948355 0.032366 0.053289
0 0.555990 0.849013 0.032366 0.063816
0 0.257068 0.723355 0.037946 0.065132
0 0.578683 0.548355 0.033854 0.053289
0 0.588356 0.408882 0.034598 0.061184
0 0.501860 0.408553 0.037946 0.067105
0 0.504836 0.106908 0.043899 0.082237
0 0.409040 0.598355 0.027902 0.050658
0 0.424851 0.609211 0.034226 0.063158
0 0.414249 0.650987 0.024182 0.046711
0 0.413318 0.525658 0.032738 0.067105
0 0.659784 0.460855 0.026414 0.053289
0 0.739769 0.374671 0.036830 0.071711
0 0.730283 0.297368 0.034226 0.068421
0 0.688616 0.239474 0.038690 0.052632
0 0.341704 0.355263 0.021949 0.052632
0 0.260231 0.431908 0.039807 0.074342
0 0.836124 0.557237 0.040551 0.084211
0 0.858073 0.338816 0.036086 0.056579