0 0.288132 0.068092 0.024182 0.074342
0 0.127232 0.022697 0.036458 0.045395
0 0.556734 0.046382 0.039807 0.075658
0 0.676525 0.023684 0.028646 0.047368
0 0.206287 0.124013 0.028646 0.067763
0 0.079613 0.172368 0.032738 0.057895
0 0.686942 0.259211 0.030134 0.064474
0 0.250558 0.390132 0.024926 0.053947
0 0.337054 0.508553 0.030506 0.063158
0 0.023996 0.577632 0.026414 0.052632
0 0.346168 0.761513 0.026414 0.046711
0 0.594308 0.731579 0.038318 0.068421
0 0.658668 0.700658 0.039807 0.052632
0 0.686198 0.659539 0.027902 0.050658
0 0.394531 0.908553 0.022693 0.050000
0 0.516555 0.839803 0.026414 0.046711
0 0.719866 0.964474 0.032738 0.053947
0 0.199777 0.946053 0.036458 0.053947
0 0.720424 0.152632 0.024926 0.056579
0 0.853051 0.081250 0.030506 0.040132
0 0.928013 0.321382 0.024182 0.040132
0 0.962240 0.098684 0.033854 0.052632