0 0.050595 0.215132 0.053571 0.084211
0 0.088542 0.493750 0.044643 0.086184
0 0.093750 0.670395 0.037946 0.056579
0 0.178013 0.593421 0.039807 0.050000
0 0.188058 0.437500 0.030134 0.064474
0 0.254464 0.326974 0.030506 0.064474
0 0.320499 0.682566 0.042039 0.053289
0 0.265253 0.948684 0.042411 0.064474
0 0.394345 0.568421 0.030506 0.064474
0 0.544271 0.602961 0.029762 0.044079
0 0.686012 0.521382 0.032738 0.057237
0 0.707589 0.526974 0.030506 0.063158
0 0.794829 0.731579 0.036086 0.060526
0 0.801711 0.841447 0.029762 0.052632
0 0.768787 0.976645 0.026414 0.040132
0 0.865141 0.660526 0.027902 0.042105
0 0.826451 0.146711 0.030878 0.071053
0 0.862909 0.143421 0.027902 0.064474
0 0.536272 0.171382 0.028646 0.070395
0 0.494606 0.337500 0.024182 0.057895
0 0.189360 0.078618 0.036458 0.071711
0 0.221726 0.032895 0.032738 0.065789
0 0.965402 0.498026 0.029762 0.063158