0 0.368490 0.641118 0.036086 0.078289
0 0.375186 0.810526 0.030878 0.057895
0 0.298921 0.475329 0.038318 0.075658
0 0.397135 0.121711 0.038318 0.067105
0 0.431548 0.069737 0.030506 0.085526
0 0.585379 0.309868 0.039807 0.085526
0 0.765997 0.544079 0.036458 0.092105
0 0.917225 0.489145 0.033854 0.044079
0 0.914807 0.404605 0.031994 0.081579
0 0.900856 0.032895 0.030134 0.063158
0 0.662202 0.114474 0.034226 0.063158
0 0.227865 0.055263 0.047991 0.089474
0 0.159412 0.132895 0.039807 0.085526
0 0.143043 0.813816 0.050223 0.078947
0 0.076823 0.761513 0.042783 0.078289
0 0.061570 0.464803 0.042039 0.071711
0 0.043899 0.080921 0.034226 0.084211