0 0.482701 0.826974 0.045759 0.078947
0 0.737351 0.582237 0.050595 0.085526
0 0.807106 0.786842 0.024182 0.047368
0 0.835938 0.808882 0.029762 0.044079
0 0.787946 0.885526 0.023810 0.052632
0 0.602679 0.871711 0.034226 0.060526
0 0.438616 0.912829 0.023810 0.046711
0 0.453125 0.452303 0.029762 0.053289
0 0.557478 0.600000 0.022693 0.052632
0 0.635231 0.323684 0.028646 0.053947
0 0.760045 0.288816 0.036458 0.060526
0 0.854725 0.291118 0.030134 0.053289
0 0.940662 0.576645 0.033854 0.049342
0 0.941034 0.612829 0.038318 0.046711
0 0.981213 0.089145 0.037574 0.091447
0 0.966518 0.021382 0.032738 0.042763
0 0.574963 0.112500 0.030134 0.064474
0 0.552083 0.072368 0.036458 0.063158
0 0.520275 0.044737 0.028646 0.056579
0 0.360491 0.469408 0.020089 0.050658
0 0.321429 0.720724 0.017857 0.038816
0 0.067708 0.403947 0.023810 0.052632
0 0.043341 0.357566 0.030134 0.046711
0 0.134487 0.041776 0.030134 0.046711