0 0.667783 0.597368 0.034226 0.050000
0 0.630394 0.607237 0.032366 0.057895
0 0.768973 0.955921 0.042411 0.056579
0 0.846912 0.493750 0.052455 0.059868
0 0.929501 0.931908 0.027902 0.042763
0 0.569382 0.359539 0.040551 0.053289
0 0.482329 0.981250 0.039807 0.037500
0 0.339658 0.632566 0.040179 0.054605
0 0.290179 0.802632 0.053571 0.053947
0 0.061570 0.786184 0.042783 0.073684
0 0.031994 0.482237 0.030506 0.052632
0 0.273065 0.146053 0.038690 0.064474
0 0.036830 0.090132 0.040179 0.050000
0 0.410714 0.076645 0.029762 0.063816
0 0.730841 0.062500 0.020461 0.053947