0 0.581287 0.115461 0.024182 0.074342
0 0.420387 0.057566 0.036458 0.070395
0 0.849888 0.093750 0.039807 0.075658
0 0.969680 0.065789 0.028646 0.057895
0 0.499442 0.171382 0.028646 0.067763
0 0.372768 0.219737 0.032738 0.057895
0 0.980097 0.306579 0.030134 0.064474
0 0.543713 0.437500 0.024926 0.053947
0 0.630208 0.555921 0.030506 0.063158
0 0.172619 0.542105 0.029762 0.057895
0 0.317150 0.625000 0.026414 0.052632
0 0.265811 0.785855 0.026414 0.046711
0 0.639323 0.808882 0.026414 0.046711
0 0.887463 0.778947 0.038318 0.068421
0 0.951823 0.748026 0.039807 0.052632
0 0.979353 0.706908 0.027902 0.050658
0 0.687686 0.955921 0.022693 0.050000
0 0.809710 0.887171 0.026414 0.046711