0 0.683222 0.019737 0.030878 0.039474
0 0.869048 0.026974 0.030506 0.042105
0 0.514881 0.056579 0.032738 0.052632
0 0.150670 0.150000 0.032738 0.064474
0 0.331845 0.259539 0.030506 0.070395
0 0.374442 0.350000 0.039807 0.064474
0 0.227865 0.431250 0.032366 0.046711
0 0.302083 0.509868 0.030506 0.057895
0 0.381324 0.419408 0.037946 0.071711
0 0.491257 0.483224 0.046503 0.071711
0 0.501302 0.381579 0.038318 0.063158
0 0.672619 0.422697 0.038690 0.074342
0 0.767113 0.495066 0.036458 0.065132
0 0.929315 0.378289 0.044643 0.089474
0 0.145461 0.458882 0.030506 0.049342
0 0.053385 0.581908 0.022693 0.040132
0 0.053013 0.645724 0.018973 0.044079
0 0.066220 0.658882 0.022321 0.042763
0 0.216704 0.600987 0.028646 0.046711
0 0.474702 0.610855 0.053571 0.078289
0 0.927455 0.595395 0.038690 0.052632
0 0.059710 0.701645 0.024926 0.049342
0 0.805804 0.785526 0.031994 0.052632
0 0.771391 0.830263 0.034598 0.053947
0 0.762091 0.882895 0.027902 0.060526
0 0.844680 0.944737 0.030878 0.057895
0 0.195312 0.907895 0.028274 0.050000