0 0.197917 0.759539 0.030506 0.053289
0 0.586310 0.749013 0.035714 0.063816
0 0.118304 0.695724 0.023810 0.044079
0 0.182850 0.671382 0.030134 0.049342
0 0.752418 0.617434 0.033854 0.061184
0 0.446429 0.484211 0.031994 0.056579
0 0.636347 0.437829 0.040551 0.074342
0 0.358073 0.414145 0.042039 0.074342
0 0.187686 0.399013 0.032366 0.063816
0 0.695499 0.384539 0.036086 0.054605
0 0.176339 0.327961 0.030506 0.053289
0 0.668713 0.321382 0.036086 0.061184
0 0.546317 0.315132 0.034598 0.057895
0 0.224330 0.275658 0.036458 0.053947
0 0.515439 0.278618 0.042783 0.074342
0 0.470796 0.270724 0.046503 0.084868
0 0.519159 0.160526 0.033854 0.053947
0 0.144903 0.159211 0.030134 0.050000
0 0.167039 0.119408 0.026786 0.049342
0 0.232515 0.102961 0.030506 0.050658
0 0.835379 0.082895 0.036830 0.063158
0 0.871280 0.067434 0.031994 0.057237
0 0.619048 0.792763 0.046131 0.084211
0 0.643043 0.834868 0.030134 0.064474