0 0.457031 0.976316 0.028646 0.047368
0 0.744792 0.938158 0.030506 0.053947
0 0.896019 0.811513 0.033854 0.061184
0 0.505952 0.653947 0.035714 0.064474
0 0.229725 0.639803 0.032366 0.057237
0 0.907552 0.594737 0.036086 0.052632
0 0.509487 0.577303 0.036830 0.065132
0 0.324591 0.452961 0.034598 0.061184
0 0.639695 0.411184 0.030878 0.050000
0 0.828125 0.317763 0.031994 0.056579
0 0.274926 0.284868 0.034226 0.060526
0 0.399740 0.275000 0.030134 0.052632
0 0.482329 0.268092 0.032366 0.057237
0 0.177269 0.252632 0.030878 0.071053
0 0.647693 0.244408 0.032738 0.053289
0 0.420759 0.219737 0.029762 0.064474
0 0.212612 0.227961 0.027902 0.070395
0 0.041109 0.480263 0.022693 0.042105
0 0.076823 0.355263 0.022693 0.035526
0 0.017857 0.115461 0.030506 0.046711