0 0.561942 0.407566 0.026414 0.054605
0 0.603981 0.398026 0.038318 0.067105
0 0.630394 0.475329 0.030134 0.065132
0 0.712240 0.398684 0.046503 0.078947
0 0.671131 0.078289 0.053571 0.071053
0 0.778274 0.276974 0.032738 0.060526
0 0.791853 0.316118 0.022693 0.040132
0 0.628720 0.715461 0.035714 0.046711
0 0.836310 0.328289 0.036458 0.056579
0 0.863839 0.278618 0.030506 0.061184
0 0.808222 0.361842 0.026414 0.036842
0 0.894903 0.179605 0.042783 0.060526
0 0.981027 0.231579 0.037946 0.085526
0 0.426153 0.396053 0.026414 0.056579
0 0.255766 0.540461 0.027902 0.044079
0 0.202195 0.608224 0.036086 0.050658
0 0.175037 0.453947 0.038318 0.053947
0 0.077195 0.421053 0.026414 0.053947
0 0.106213 0.102961 0.047991 0.075658
0 0.143973 0.074013 0.032738 0.050658
0 0.021763 0.618092 0.026414 0.046711
0 0.164621 0.753618 0.038318 0.054605
0 0.392857 0.802303 0.035714 0.080921
0 0.126116 0.807895 0.029762 0.043421