0 0.832217 0.774671 0.049851 0.086184
0 0.810826 0.700329 0.040551 0.080921
0 0.731399 0.612171 0.038690 0.092763
0 0.635603 0.703947 0.044271 0.092105
0 0.549107 0.913158 0.031994 0.100000
0 0.980469 0.789474 0.039062 0.085526
0 0.247396 0.751316 0.040179 0.081579
0 0.219866 0.644408 0.031994 0.070395
0 0.425781 0.506250 0.042783 0.074342
0 0.211496 0.549013 0.056176 0.095395
0 0.482143 0.284868 0.042411 0.067105
0 0.759115 0.278947 0.033854 0.081579
0 0.220796 0.301974 0.039807 0.052632
0 0.250930 0.192763 0.045759 0.064474
0 0.246094 0.142105 0.042783 0.084211
0 0.839100 0.230592 0.042783 0.071711
0 0.868304 0.180921 0.056548 0.102632
0 0.783110 0.057237 0.048363 0.073684