0 0.700521 0.772039 0.049851 0.086184
0 0.679129 0.697697 0.040551 0.080921
0 0.599702 0.609539 0.038690 0.092763
0 0.503906 0.701316 0.044271 0.092105
0 0.417411 0.910526 0.031994 0.100000
0 0.851376 0.786842 0.044271 0.085526
0 0.115699 0.748684 0.040179 0.081579
0 0.088170 0.641776 0.031994 0.070395
0 0.294085 0.503618 0.042783 0.074342
0 0.079799 0.546382 0.056176 0.095395
0 0.350446 0.282237 0.042411 0.067105
0 0.627418 0.276316 0.033854 0.081579
0 0.089100 0.299342 0.039807 0.052632
0 0.119234 0.190132 0.045759 0.064474
0 0.114397 0.139474 0.042783 0.084211
0 0.707403 0.227961 0.042783 0.071711
0 0.736607 0.178289 0.056548 0.102632
0 0.884487 0.244737 0.093378 0.117105
0 0.651414 0.054605 0.048363 0.073684