0 0.485863 0.976316 0.032738 0.047368
0 0.507254 0.841776 0.034598 0.046711
0 0.269717 0.816776 0.029762 0.046711
0 0.804501 0.964803 0.026414 0.046711
0 0.908110 0.900329 0.028274 0.046711
0 0.505208 0.789474 0.028274 0.052632
0 0.952009 0.732566 0.032738 0.074342
0 0.465030 0.554276 0.030506 0.075658
0 0.605097 0.675987 0.042783 0.070395
0 0.378720 0.823026 0.023810 0.050000
0 0.142857 0.888158 0.036458 0.057895
0 0.186942 0.519408 0.036830 0.075658
0 0.096168 0.762171 0.022693 0.074342
0 0.848400 0.528289 0.020461 0.057895
0 0.723214 0.423355 0.031994 0.040132
0 0.950707 0.378947 0.026414 0.064474
0 0.821801 0.300000 0.034226 0.064474
0 0.035714 0.342434 0.030506 0.046711