0 0.498884 0.947039 0.034226 0.061184
0 0.192894 0.813816 0.030878 0.053947
0 0.382440 0.767434 0.030506 0.054605
0 0.105097 0.743750 0.030878 0.054605
0 0.441964 0.714474 0.035714 0.053947
0 0.414993 0.650987 0.034598 0.059868
0 0.292783 0.645066 0.034226 0.059868
0 0.261533 0.607895 0.032738 0.056579
0 0.216332 0.601316 0.036086 0.067105
0 0.265439 0.490461 0.033854 0.054605
0 0.582589 0.410526 0.036458 0.063158
0 0.617560 0.394079 0.031994 0.057895
0 0.653646 0.266447 0.031994 0.053947
0 0.788132 0.149671 0.036086 0.059868
0 0.175781 0.114474 0.032366 0.056579
0 0.588914 0.024342 0.034226 0.048684
0 0.850632 0.210526 0.042039 0.088158
0 0.808222 0.564474 0.039807 0.067105
0 0.757626 0.170724 0.052455 0.074342
0 0.904948 0.372039 0.042783 0.080921
0 0.979539 0.204605 0.032738 0.073684