0 0.029948 0.458553 0.024182 0.064474
0 0.072731 0.325658 0.027902 0.064474
0 0.273065 0.511184 0.031994 0.053947
0 0.349702 0.622368 0.036458 0.060526
0 0.225074 0.677632 0.038690 0.060526
0 0.396577 0.895066 0.032738 0.054605
0 0.428199 0.570395 0.031994 0.063158
0 0.456101 0.355263 0.036458 0.052632
0 0.504464 0.283882 0.026042 0.053289
0 0.696801 0.550329 0.038690 0.050658
0 0.819010 0.520395 0.034598 0.052632
0 0.864955 0.655592 0.030506 0.057237
0 0.830915 0.762500 0.026414 0.056579
0 0.491815 0.072368 0.032738 0.056579
0 0.759487 0.089474 0.027902 0.052632
0 0.909784 0.287829 0.032366 0.049342
0 0.329427 0.160855 0.020461 0.049342
0 0.276228 0.123355 0.021949 0.046711
0 0.278646 0.266776 0.029762 0.053289
0 0.337798 0.306250 0.038690 0.075658