0 0.017857 0.529605 0.030506 0.064474
0 0.309524 0.482566 0.032738 0.057237
0 0.331101 0.488158 0.030506 0.063158
0 0.418341 0.692763 0.036086 0.060526
0 0.425223 0.802632 0.029762 0.052632
0 0.392299 0.937829 0.026414 0.040132
0 0.488653 0.621711 0.027902 0.042105
0 0.449963 0.107895 0.030878 0.071053
0 0.486421 0.104605 0.027902 0.064474
0 0.159784 0.132566 0.028646 0.070395
0 0.118118 0.298684 0.024182 0.057895
0 0.588914 0.459211 0.029762 0.063158
0 0.739583 0.580921 0.036458 0.060526
0 0.753162 0.433553 0.039807 0.057895
0 0.905692 0.195395 0.024926 0.063158
0 0.172247 0.583224 0.036458 0.067763