0 0.595796 0.648355 0.036086 0.078289
0 0.602493 0.817763 0.030878 0.057895
0 0.526228 0.482566 0.038318 0.075658
0 0.624442 0.128947 0.038318 0.067105
0 0.658854 0.076974 0.030506 0.085526
0 0.812686 0.317105 0.039807 0.085526
0 0.987537 0.551316 0.024926 0.092105
0 0.889509 0.121711 0.034226 0.063158
0 0.455171 0.062500 0.047991 0.089474
0 0.386719 0.140132 0.039807 0.085526
0 0.370350 0.821053 0.050223 0.078947
0 0.304129 0.768750 0.042783 0.078289
0 0.288876 0.472039 0.042039 0.071711
0 0.271205 0.088158 0.034226 0.084211
0 0.197545 0.107566 0.038690 0.086184
0 0.148251 0.163158 0.042783 0.089474
0 0.130208 0.402961 0.042411 0.065132
0 0.101562 0.640461 0.031994 0.054605