0 0.396949 0.976316 0.031994 0.047368
0 0.427083 0.965461 0.036458 0.059868
0 0.486049 0.944408 0.032366 0.053289
0 0.497582 0.845066 0.032366 0.063816
0 0.520275 0.544408 0.033854 0.053289
0 0.529948 0.404934 0.034598 0.061184
0 0.443452 0.404605 0.037946 0.067105
0 0.446429 0.102961 0.043899 0.082237
0 0.350632 0.594408 0.027902 0.050658
0 0.366443 0.605263 0.034226 0.063158
0 0.355841 0.647039 0.024182 0.046711
0 0.354911 0.521711 0.032738 0.067105
0 0.601376 0.456908 0.026414 0.053289
0 0.681362 0.370724 0.036830 0.071711
0 0.671875 0.293421 0.034226 0.068421
0 0.630208 0.235526 0.038690 0.052632
0 0.283296 0.351316 0.021949 0.052632
0 0.201823 0.427961 0.039807 0.074342
0 0.777716 0.553289 0.040551 0.084211
0 0.799665 0.334868 0.036086 0.056579