0 0.130952 0.445724 0.035714 0.082237
0 0.050037 0.403947 0.042783 0.094737
0 0.211868 0.693750 0.042783 0.075658
0 0.319568 0.577632 0.046131 0.085526
0 0.341518 0.800987 0.036458 0.049342
0 0.445871 0.643092 0.030134 0.075658
0 0.376488 0.379276 0.032738 0.070395
0 0.572173 0.328618 0.026042 0.074342
0 0.704985 0.475329 0.037946 0.070395
0 0.795201 0.607566 0.036086 0.071711
0 0.479539 0.110855 0.035714 0.074342
0 0.243862 0.114803 0.042039 0.061184
0 0.174107 0.065461 0.040179 0.070395
0 0.900112 0.524671 0.038318 0.075658