0 0.436012 0.951645 0.031994 0.057237
0 0.543899 0.945066 0.029762 0.050658
0 0.977121 0.936842 0.030878 0.052632
0 0.248326 0.845066 0.026414 0.050658
0 0.746280 0.794737 0.026786 0.056579
0 0.413876 0.777961 0.032366 0.053289
0 0.728981 0.739803 0.030134 0.053289
0 0.593750 0.700000 0.026786 0.050000
0 0.288876 0.655592 0.026414 0.053289
0 0.686942 0.456579 0.030134 0.053947
0 0.331101 0.388158 0.028274 0.047368
0 0.020275 0.309539 0.040551 0.088816
0 0.091704 0.391776 0.036086 0.070395
0 0.342634 0.222368 0.034226 0.064474
0 0.465216 0.216447 0.030134 0.052632
0 0.692336 0.237171 0.035714 0.053289
0 0.485119 0.168092 0.038690 0.042763
0 0.098400 0.160855 0.024182 0.050658