0 0.160342 0.292434 0.029762 0.067763
0 0.118862 0.455263 0.036830 0.057895
0 0.018601 0.687171 0.035714 0.080921
0 0.163876 0.727961 0.040551 0.067763
0 0.303943 0.635526 0.032738 0.056579
0 0.321429 0.638158 0.026042 0.052632
0 0.412946 0.838487 0.041667 0.071711
0 0.483445 0.774013 0.026414 0.054605
0 0.584077 0.609211 0.023810 0.035526
0 0.736793 0.727961 0.028646 0.057237
0 0.750372 0.580592 0.020833 0.046711
0 0.905692 0.339803 0.022693 0.038816
0 0.984747 0.305592 0.030506 0.040132
0 0.662760 0.141447 0.032366 0.050000
0 0.488839 0.251316 0.036458 0.057895
0 0.446243 0.259211 0.042783 0.060526
0 0.377232 0.023684 0.032738 0.047368
0 0.419457 0.949342 0.033854 0.064474