0 0.200149 0.493750 0.030506 0.053289
0 0.588542 0.483224 0.035714 0.063816
0 0.120536 0.429934 0.023810 0.044079
0 0.185082 0.405592 0.030134 0.049342
0 0.754650 0.351645 0.033854 0.061184
0 0.448661 0.218421 0.031994 0.056579
0 0.638579 0.172039 0.040551 0.074342
0 0.360305 0.148355 0.042039 0.074342
0 0.189918 0.133224 0.032366 0.063816
0 0.697731 0.118750 0.036086 0.054605
0 0.178571 0.062171 0.030506 0.053289
0 0.670945 0.055592 0.036086 0.061184
0 0.548549 0.049342 0.034598 0.057895
0 0.226562 0.018421 0.036458 0.036842
0 0.517671 0.025000 0.042783 0.050000
0 0.621280 0.526974 0.046131 0.084211
0 0.645275 0.569079 0.030134 0.064474
0 0.834449 0.752961 0.048363 0.082237
0 0.928013 0.755921 0.042783 0.075000
0 0.710193 0.782566 0.034226 0.046711
0 0.111235 0.811842 0.032738 0.057895
0 0.138765 0.856908 0.029762 0.057237
0 0.525298 0.903289 0.037946 0.063158
0 0.424107 0.908882 0.026786 0.049342
0 0.042969 0.960197 0.024182 0.044079