0 0.019717 0.561842 0.030506 0.064474
0 0.311384 0.514803 0.032738 0.057237
0 0.332961 0.520395 0.030506 0.063158
0 0.420201 0.725000 0.036086 0.060526
0 0.427083 0.834868 0.029762 0.052632
0 0.394159 0.970066 0.026414 0.040132
0 0.490513 0.653947 0.027902 0.042105
0 0.451823 0.140132 0.030878 0.071053
0 0.488281 0.136842 0.027902 0.064474
0 0.161644 0.164803 0.028646 0.070395
0 0.119978 0.330921 0.024182 0.057895
0 0.590774 0.491447 0.029762 0.063158
0 0.741443 0.613158 0.036458 0.060526
0 0.755022 0.465789 0.039807 0.057895
0 0.665737 0.034211 0.042039 0.060526
0 0.907552 0.227632 0.024926 0.063158
0 0.174107 0.615461 0.036458 0.067763