0 0.718564 0.356579 0.047991 0.089474
0 0.460938 0.401645 0.038690 0.086184
0 0.393601 0.697039 0.042411 0.065132
0 0.364955 0.934539 0.031994 0.054605
0 0.290737 0.924342 0.040551 0.057895
0 0.218750 0.617105 0.049851 0.085526
0 0.184152 0.464474 0.032738 0.094737
0 0.149740 0.514803 0.030134 0.105921
0 0.137835 0.588816 0.040551 0.130263
0 0.299293 0.281579 0.042783 0.085526
0 0.778088 0.263487 0.040551 0.075658
0 0.149554 0.196382 0.048363 0.074342
0 0.969680 0.253947 0.042783 0.081579
0 0.935082 0.390461 0.046503 0.082237
0 0.898251 0.440461 0.039807 0.071711
0 0.799851 0.791776 0.034226 0.070395
0 0.875930 0.959211 0.036830 0.057895
0 0.420015 0.457566 0.032738 0.053289
0 0.657366 0.434211 0.032738 0.084211
0 0.538690 0.371053 0.031994 0.057895
0 0.561012 0.762500 0.029762 0.057895
0 0.049107 0.128289 0.032738 0.094737
0 0.301897 0.074671 0.057664 0.105921
0 0.666295 0.052632 0.052083 0.057895
0 0.843750 0.076645 0.034226 0.075658
0 0.937686 0.106908 0.045759 0.065132