0 0.562686 0.535855 0.026414 0.054605
0 0.604725 0.526316 0.038318 0.067105
0 0.631138 0.603618 0.030134 0.065132
0 0.712984 0.526974 0.046503 0.078947
0 0.671875 0.206579 0.053571 0.071053
0 0.779018 0.405263 0.032738 0.060526
0 0.792597 0.444408 0.022693 0.040132
0 0.629464 0.843750 0.035714 0.046711
0 0.837054 0.456579 0.036458 0.056579
0 0.864583 0.406908 0.030506 0.061184
0 0.808966 0.490132 0.026414 0.036842
0 0.786458 0.091447 0.031994 0.056579
0 0.895647 0.307895 0.042783 0.060526
0 0.981399 0.359868 0.037202 0.085526
0 0.426897 0.524342 0.026414 0.056579
0 0.256510 0.668750 0.027902 0.044079
0 0.202939 0.736513 0.036086 0.050658
0 0.175781 0.582237 0.038318 0.053947
0 0.077939 0.549342 0.026414 0.053947
0 0.106957 0.231250 0.047991 0.075658
0 0.144717 0.202303 0.032738 0.050658
0 0.022507 0.746382 0.026414 0.046711
0 0.165365 0.881908 0.038318 0.054605
0 0.393601 0.930592 0.035714 0.080921
0 0.126860 0.936184 0.029762 0.043421