0 0.410528 0.645724 0.036086 0.078289
0 0.417225 0.815132 0.030878 0.057895
0 0.340960 0.479934 0.038318 0.075658
0 0.439174 0.126316 0.038318 0.067105
0 0.473586 0.074342 0.030506 0.085526
0 0.627418 0.314474 0.039807 0.085526
0 0.808036 0.548684 0.036458 0.092105
0 0.959263 0.493750 0.033854 0.044079
0 0.956845 0.409211 0.031994 0.081579
0 0.942894 0.037500 0.030134 0.063158
0 0.704241 0.119079 0.034226 0.063158
0 0.269903 0.059868 0.047991 0.089474
0 0.201451 0.137500 0.039807 0.085526
0 0.185082 0.818421 0.050223 0.078947
0 0.118862 0.766118 0.042783 0.078289
0 0.103609 0.469408 0.042039 0.071711
0 0.085938 0.085526 0.034226 0.084211