0 0.016555 0.375658 0.033110 0.060526
0 0.488653 0.425329 0.027902 0.065132
0 0.459077 0.675000 0.032738 0.063158
0 0.492932 0.542434 0.026786 0.050658
0 0.300037 0.945066 0.050223 0.071711
0 0.490141 0.864474 0.042783 0.057895
0 0.619606 0.966447 0.044271 0.057895
0 0.561198 0.361184 0.028646 0.057895
0 0.656436 0.830263 0.024926 0.050000
0 0.699219 0.838816 0.034598 0.067105
0 0.241629 0.307895 0.045759 0.068421
0 0.808966 0.327961 0.046503 0.074342
0 0.378348 0.225000 0.030506 0.085526
0 0.400298 0.224013 0.026786 0.075658
0 0.657738 0.192763 0.036458 0.057895
0 0.821057 0.175000 0.030506 0.073684
0 0.188430 0.040461 0.030878 0.074342
0 0.090216 0.271053 0.021949 0.078947