0 0.378162 0.825658 0.045759 0.078947
0 0.632812 0.580921 0.050595 0.085526
0 0.702567 0.785526 0.024182 0.047368
0 0.731399 0.807566 0.029762 0.044079
0 0.683408 0.884211 0.023810 0.052632
0 0.498140 0.870395 0.034226 0.060526
0 0.334077 0.911513 0.023810 0.046711
0 0.348586 0.450987 0.029762 0.053289
0 0.452939 0.598684 0.022693 0.052632
0 0.530692 0.322368 0.028646 0.053947
0 0.655506 0.287500 0.036458 0.060526
0 0.750186 0.289803 0.030134 0.053289
0 0.836124 0.575329 0.033854 0.049342
0 0.836496 0.611513 0.038318 0.046711
0 0.885975 0.087829 0.056176 0.091447
0 0.861979 0.020724 0.032738 0.041447
0 0.470424 0.111184 0.030134 0.064474
0 0.447545 0.071053 0.036458 0.063158
0 0.415737 0.043421 0.028646 0.056579
0 0.255952 0.468092 0.020089 0.050658
0 0.216890 0.719408 0.017857 0.038816