0 0.167783 0.860855 0.036458 0.053289
0 0.167411 0.824671 0.042411 0.050658
0 0.926339 0.791447 0.031994 0.057895
0 0.633371 0.559539 0.039807 0.054605
0 0.405878 0.491447 0.040179 0.060526
0 0.598214 0.501974 0.038690 0.060526
0 0.940662 0.538158 0.040551 0.064474
0 0.215960 0.345724 0.045759 0.078289
0 0.192708 0.267434 0.040179 0.075658
0 0.084635 0.544737 0.028646 0.053947
0 0.446801 0.103618 0.034226 0.057237
0 0.735491 0.059211 0.032738 0.060526
0 0.776600 0.437829 0.024926 0.046711
0 0.755952 0.393421 0.031994 0.053947
0 0.796875 0.355592 0.029762 0.042763