0 0.194940 0.541118 0.038690 0.050658
0 0.317150 0.511184 0.034598 0.052632
0 0.363095 0.646382 0.030506 0.057237
0 0.329055 0.753289 0.026414 0.056579
0 0.257626 0.080263 0.027902 0.052632
0 0.407924 0.278618 0.032366 0.049342
0 0.492188 0.564803 0.029762 0.053289
0 0.602307 0.582895 0.032738 0.063158
0 0.572545 0.812171 0.031994 0.057237
0 0.715960 0.747368 0.026414 0.064474
0 0.693266 0.306579 0.027902 0.068421
0 0.732887 0.542763 0.034226 0.068421
0 0.735491 0.598026 0.032738 0.060526
0 0.827567 0.444737 0.040551 0.073684
0 0.292225 0.863816 0.044271 0.077632
0 0.942708 0.168092 0.040179 0.046711