0 0.523438 0.981908 0.029762 0.036184
0 0.239211 0.786842 0.031994 0.063158
0 0.848958 0.693750 0.026786 0.054605
0 0.714658 0.550987 0.029762 0.067763
0 0.465216 0.617105 0.024926 0.060526
0 0.662946 0.858882 0.032738 0.042763
0 0.670015 0.466776 0.020089 0.040132
0 0.494234 0.430592 0.027902 0.065132
0 0.631882 0.415789 0.038318 0.063158
0 0.848772 0.437171 0.026414 0.049342
0 0.709263 0.270724 0.024926 0.054605
0 0.742188 0.259211 0.026042 0.064474
0 0.796875 0.244737 0.038690 0.050000
0 0.250186 0.455263 0.026414 0.043421
0 0.256324 0.359868 0.032738 0.052632
0 0.517113 0.025658 0.020833 0.051316
0 0.813802 0.151316 0.027902 0.057895