0 0.244048 0.447697 0.035714 0.082237
0 0.163132 0.405921 0.042783 0.094737
0 0.324963 0.695724 0.042783 0.075658
0 0.432664 0.579605 0.046131 0.085526
0 0.454613 0.802961 0.036458 0.049342
0 0.558966 0.645066 0.030134 0.075658
0 0.489583 0.381250 0.032738 0.070395
0 0.685268 0.330592 0.026042 0.074342
0 0.818080 0.477303 0.037946 0.070395
0 0.908296 0.609539 0.036086 0.071711
0 0.592634 0.112829 0.035714 0.074342
0 0.356957 0.116776 0.042039 0.061184
0 0.287202 0.067434 0.040179 0.070395
0 0.015253 0.449671 0.030506 0.063816