0 0.378720 0.121382 0.023810 0.050658
0 0.373512 0.182895 0.026042 0.057895
0 0.391927 0.197039 0.022693 0.049342
0 0.380580 0.239474 0.020089 0.053947
0 0.224144 0.309868 0.022693 0.063158
0 0.202753 0.732566 0.020833 0.049342
0 0.167597 0.926974 0.026414 0.064474
0 0.339472 0.715789 0.021949 0.053947
0 0.375930 0.775000 0.024926 0.063158
0 0.420201 0.852632 0.026414 0.063158
0 0.555432 0.738158 0.034226 0.067105
0 0.724516 0.598355 0.027902 0.063816
0 0.518601 0.440789 0.023810 0.056579
0 0.506510 0.536184 0.024182 0.057895
0 0.451451 0.557237 0.026414 0.067105
0 0.416667 0.575000 0.024554 0.064474
0 0.544271 0.138158 0.029762 0.056579
0 0.628162 0.051974 0.026414 0.052632
0 0.802455 0.150000 0.036458 0.057895
0 0.953311 0.870395 0.024182 0.052632