0 0.279576 0.652961 0.026414 0.054605
0 0.321615 0.643421 0.038318 0.067105
0 0.348028 0.720724 0.030134 0.065132
0 0.429874 0.644079 0.046503 0.078947
0 0.388765 0.323684 0.053571 0.071053
0 0.495908 0.522368 0.032738 0.060526
0 0.509487 0.561513 0.022693 0.040132
0 0.346354 0.960855 0.035714 0.046711
0 0.553943 0.573684 0.036458 0.056579
0 0.581473 0.524013 0.030506 0.061184
0 0.525856 0.607237 0.026414 0.036842
0 0.539807 0.033553 0.037946 0.064474
0 0.588542 0.028289 0.040179 0.056579
0 0.503348 0.208553 0.031994 0.056579
0 0.612537 0.425000 0.042783 0.060526
0 0.705729 0.476974 0.052083 0.085526
0 0.143787 0.641447 0.026414 0.056579
0 0.843378 0.341776 0.040179 0.071711
0 0.901042 0.470066 0.035714 0.080921
0 0.964658 0.709539 0.034226 0.070395
0 0.986235 0.605921 0.027530 0.056579
0 0.978609 0.825987 0.022693 0.053289
0 0.957589 0.948355 0.036458 0.082237