0 0.025298 0.436842 0.036458 0.052632
0 0.130022 0.675987 0.036086 0.053289
0 0.299293 0.688816 0.042783 0.064474
0 0.422433 0.878947 0.056176 0.057895
0 0.391741 0.719737 0.052083 0.064474
0 0.236607 0.883882 0.049851 0.046711
0 0.329799 0.357237 0.042783 0.053947
0 0.361793 0.336513 0.050223 0.074342
0 0.482515 0.812829 0.035714 0.046711
0 0.651786 0.675658 0.029762 0.052632
0 0.784040 0.672697 0.026414 0.054605
0 0.826079 0.663158 0.038318 0.067105
0 0.852493 0.740461 0.030134 0.065132
0 0.934338 0.663816 0.046503 0.078947
0 0.893229 0.343421 0.053571 0.071053