0 0.015067 0.845724 0.030134 0.054605
0 0.074405 0.792763 0.035714 0.053947
0 0.047433 0.729276 0.034598 0.059868
0 0.215030 0.488816 0.036458 0.063158
0 0.250000 0.472368 0.031994 0.057895
0 0.286086 0.344737 0.031994 0.053947
0 0.420573 0.227961 0.036086 0.059868
0 0.221354 0.100658 0.034226 0.052632
0 0.483073 0.288816 0.042039 0.088158
0 0.440662 0.642763 0.039807 0.067105
0 0.390067 0.249013 0.052455 0.074342
0 0.537388 0.450329 0.042783 0.080921
0 0.611979 0.282895 0.032738 0.073684
0 0.718378 0.655592 0.034226 0.075658
0 0.720424 0.582566 0.038318 0.074342
0 0.696057 0.278289 0.036458 0.063158
0 0.632254 0.226645 0.039807 0.059868
0 0.670387 0.976645 0.034226 0.046711