0 0.157552 0.824342 0.045759 0.078947
0 0.412202 0.579605 0.050595 0.085526
0 0.481957 0.784211 0.024182 0.047368
0 0.510789 0.806250 0.029762 0.044079
0 0.462798 0.882895 0.023810 0.052632
0 0.277530 0.869079 0.034226 0.060526
0 0.113467 0.910197 0.023810 0.046711
0 0.127976 0.449671 0.029762 0.053289
0 0.232329 0.597368 0.022693 0.052632
0 0.310082 0.321053 0.028646 0.053947
0 0.434896 0.286184 0.036458 0.060526
0 0.529576 0.288487 0.030134 0.053289
0 0.615513 0.574013 0.033854 0.049342
0 0.615885 0.610197 0.038318 0.046711
0 0.790923 0.973355 0.032738 0.053289
0 0.858073 0.241118 0.038318 0.074342
0 0.665365 0.086513 0.056176 0.091447
0 0.641369 0.020066 0.032738 0.040132
0 0.249814 0.109868 0.030134 0.064474
0 0.226935 0.069737 0.036458 0.063158
0 0.195126 0.042105 0.028646 0.056579