0 0.559710 0.975329 0.028646 0.049342
0 0.847470 0.936184 0.030506 0.053947
0 0.608631 0.651974 0.035714 0.064474
0 0.332403 0.637829 0.032366 0.057237
0 0.612165 0.575329 0.036830 0.065132
0 0.427269 0.450987 0.034598 0.061184
0 0.742374 0.409211 0.030878 0.050000
0 0.930804 0.315789 0.031994 0.056579
0 0.377604 0.282895 0.034226 0.060526
0 0.502418 0.273026 0.030134 0.052632
0 0.585007 0.266118 0.032366 0.057237
0 0.279948 0.250658 0.030878 0.071053
0 0.750372 0.242434 0.032738 0.053289
0 0.523438 0.217763 0.029762 0.064474
0 0.315290 0.225987 0.027902 0.070395
0 0.143787 0.478289 0.022693 0.042105
0 0.179501 0.353289 0.022693 0.035526
0 0.120536 0.113487 0.030506 0.046711
0 0.106957 0.493421 0.032366 0.064474