0 0.286272 0.819079 0.024182 0.043421
0 0.014509 0.801645 0.029018 0.057237
0 0.190290 0.746382 0.027902 0.053289
0 0.020647 0.702632 0.030134 0.046053
0 0.035714 0.369737 0.036458 0.057895
0 0.202567 0.334211 0.042783 0.071053
0 0.084263 0.284868 0.042783 0.053947
0 0.390439 0.342763 0.040551 0.057895
0 0.407366 0.252632 0.031994 0.063158
0 0.437128 0.279934 0.036458 0.070395
0 0.159412 0.058224 0.042783 0.059868
0 0.451079 0.706908 0.042783 0.071711
0 0.451451 0.917763 0.034598 0.071053
0 0.536644 0.079276 0.036086 0.057237
0 0.535156 0.042434 0.030134 0.057237
0 0.629278 0.497368 0.040551 0.057895
0 0.341146 0.046053 0.049851 0.084211
0 0.712426 0.445395 0.036458 0.052632
0 0.817150 0.684539 0.036086 0.053289