0 0.125372 0.231579 0.032738 0.060526
0 0.170015 0.059539 0.032738 0.075658
0 0.024926 0.456908 0.035714 0.071711
0 0.178571 0.491776 0.034226 0.054605
0 0.326265 0.409211 0.084077 0.094737
0 0.427455 0.610197 0.052083 0.057237
0 0.436570 0.731579 0.042783 0.063158
0 0.404576 0.847697 0.045759 0.049342
0 0.458333 0.042434 0.034226 0.046711
0 0.496652 0.036842 0.035714 0.052632
0 0.499628 0.555921 0.032738 0.056579
0 0.592262 0.370724 0.038690 0.046711
0 0.757626 0.354276 0.033854 0.053289
0 0.746466 0.506908 0.039807 0.071711
0 0.919643 0.124342 0.030506 0.057895