0 0.196057 0.957566 0.030506 0.053289
0 0.584449 0.947039 0.035714 0.063816
0 0.116443 0.893750 0.023810 0.044079
0 0.180990 0.869408 0.030134 0.049342
0 0.750558 0.815461 0.033854 0.061184
0 0.444568 0.682237 0.031994 0.056579
0 0.634487 0.635855 0.040551 0.074342
0 0.356213 0.612171 0.042039 0.074342
0 0.185826 0.597039 0.032366 0.063816
0 0.693638 0.582566 0.036086 0.054605
0 0.174479 0.525987 0.030506 0.053289
0 0.666853 0.519408 0.036086 0.061184
0 0.544457 0.513158 0.034598 0.057895
0 0.222470 0.473684 0.036458 0.053947
0 0.513579 0.476645 0.042783 0.074342
0 0.468936 0.468750 0.046503 0.084868
0 0.517299 0.358553 0.033854 0.053947
0 0.143043 0.357237 0.030134 0.050000
0 0.165179 0.317434 0.026786 0.049342
0 0.230655 0.300987 0.030506 0.050658
0 0.833519 0.280921 0.036830 0.063158
0 0.869420 0.265461 0.031994 0.057237
0 0.904204 0.137829 0.030134 0.050658