0 0.766741 0.405263 0.028274 0.047368
0 0.527344 0.408882 0.036086 0.070395
0 0.449033 0.327632 0.071429 0.096053
0 0.530320 0.179934 0.042039 0.080921
0 0.376116 0.207566 0.048363 0.054605
0 0.685268 0.871711 0.049851 0.060526
0 0.726749 0.681250 0.044271 0.070395
0 0.848214 0.800658 0.052083 0.057895
0 0.867560 0.967763 0.052083 0.064474
0 0.977121 0.968750 0.045759 0.062500
0 0.922805 0.189803 0.042039 0.053289
0 0.895461 0.241447 0.062500 0.064474
0 0.772693 0.240789 0.058036 0.067105
0 0.236979 0.175000 0.035714 0.052632
0 0.223958 0.395724 0.036458 0.078289
0 0.339844 0.106250 0.039807 0.071711
0 0.079613 0.528618 0.036458 0.046711