0 0.580729 0.901645 0.036458 0.053289
0 0.580357 0.865461 0.042411 0.050658
0 0.818824 0.532237 0.040179 0.060526
0 0.628906 0.386513 0.045759 0.078289
0 0.605655 0.308224 0.040179 0.075658
0 0.497582 0.585526 0.028646 0.053947
0 0.859747 0.144408 0.034226 0.057237
0 0.377604 0.876645 0.047619 0.070395
0 0.278274 0.615789 0.035714 0.063158
0 0.327195 0.191776 0.046503 0.063816
0 0.159226 0.318421 0.032738 0.057895
0 0.191592 0.361842 0.036458 0.056579
0 0.213170 0.408882 0.034226 0.075658
0 0.198475 0.890461 0.045759 0.070395
0 0.095238 0.746711 0.030506 0.053947
0 0.398996 0.587171 0.040551 0.071711