0 0.745908 0.936513 0.026786 0.057237
0 0.688802 0.903289 0.027902 0.060526
0 0.674479 0.760526 0.028274 0.047368
0 0.535156 0.581250 0.026414 0.057237
0 0.527530 0.539145 0.029762 0.049342
0 0.243304 0.337500 0.031994 0.063158
0 0.853051 0.244408 0.026786 0.054605
0 0.718750 0.101645 0.029762 0.067763
0 0.469308 0.167763 0.024926 0.060526
0 0.198847 0.378289 0.024182 0.056579
0 0.474888 0.958882 0.022693 0.040132
0 0.736421 0.793421 0.018229 0.039474
0 0.895275 0.704276 0.026414 0.049342
0 0.913504 0.524671 0.026414 0.053289
0 0.667039 0.409539 0.032738 0.042763
0 0.674107 0.018750 0.020089 0.037500