0 0.100632 0.044079 0.030134 0.064474
0 0.013579 0.516447 0.027158 0.068421
0 0.072359 0.485526 0.039807 0.052632
0 0.099888 0.444408 0.027902 0.050658
0 0.133557 0.749342 0.032738 0.053947
0 0.341704 0.106250 0.024182 0.040132
0 0.374628 0.768092 0.034226 0.046711
0 0.483259 0.045395 0.034226 0.053947
0 0.637091 0.326645 0.030878 0.049342
0 0.414807 0.599342 0.035714 0.053947
0 0.745536 0.569737 0.034226 0.050000
0 0.708147 0.579605 0.032366 0.057895
0 0.802827 0.031908 0.029762 0.046711
0 0.069196 0.859868 0.034226 0.050000
0 0.562314 0.954605 0.042783 0.057895
0 0.584077 0.962171 0.036458 0.046711
0 0.846726 0.928289 0.042411 0.056579
0 0.924665 0.466118 0.052455 0.059868