0 0.324405 0.899671 0.036458 0.053289
0 0.324033 0.863487 0.042411 0.050658
0 0.789993 0.598355 0.039807 0.054605
0 0.562500 0.530263 0.040179 0.060526
0 0.754836 0.540789 0.038690 0.060526
0 0.372582 0.384539 0.045759 0.078289
0 0.349330 0.306250 0.040179 0.075658
0 0.241257 0.583553 0.028646 0.053947
0 0.603423 0.142434 0.034226 0.057237
0 0.892113 0.098026 0.032738 0.060526
0 0.933222 0.476645 0.024926 0.046711
0 0.912574 0.432237 0.031994 0.053947
0 0.953497 0.394408 0.029762 0.042763
0 0.154390 0.575987 0.046131 0.054605
0 0.121280 0.874671 0.047619 0.070395
0 0.021949 0.613816 0.035714 0.063158
0 0.070871 0.189803 0.046503 0.063816