0 0.200893 0.207566 0.030506 0.053289
0 0.589286 0.197039 0.035714 0.063816
0 0.121280 0.143750 0.023810 0.044079
0 0.185826 0.119408 0.030134 0.049342
0 0.755394 0.065461 0.033854 0.061184
0 0.622024 0.240789 0.046131 0.084211
0 0.646019 0.282895 0.030134 0.064474
0 0.835193 0.466776 0.048363 0.082237
0 0.928757 0.469737 0.042783 0.075000
0 0.710938 0.496382 0.034226 0.046711
0 0.111979 0.525658 0.032738 0.057895
0 0.139509 0.570724 0.029762 0.057237
0 0.526042 0.617105 0.037946 0.063158
0 0.424851 0.622697 0.026786 0.049342
0 0.043713 0.674013 0.024182 0.044079
0 0.811756 0.756908 0.049851 0.078289
0 0.391927 0.888487 0.030134 0.053289
0 0.884301 0.962500 0.030506 0.052632
0 0.905506 0.982237 0.029762 0.032895