0 0.718936 0.565132 0.047991 0.089474
0 0.461310 0.610197 0.038690 0.086184
0 0.393973 0.905592 0.042411 0.065132
0 0.219122 0.825658 0.049851 0.085526
0 0.184524 0.673026 0.032738 0.094737
0 0.150112 0.723355 0.030134 0.105921
0 0.138207 0.797368 0.040551 0.130263
0 0.299665 0.490132 0.042783 0.085526
0 0.778460 0.472039 0.040551 0.075658
0 0.149926 0.404934 0.048363 0.074342
0 0.970052 0.462500 0.042783 0.081579
0 0.935454 0.599013 0.046503 0.082237
0 0.898624 0.649013 0.039807 0.071711
0 0.420387 0.666118 0.032738 0.053289
0 0.657738 0.642763 0.032738 0.084211
0 0.539062 0.579605 0.031994 0.057895
0 0.561384 0.971053 0.029762 0.057895
0 0.049479 0.336842 0.032738 0.094737
0 0.302269 0.283224 0.057664 0.105921
0 0.666667 0.261184 0.052083 0.057895
0 0.844122 0.285197 0.034226 0.075658
0 0.938058 0.315461 0.045759 0.065132
0 0.486607 0.082566 0.041667 0.071711
0 0.566964 0.026645 0.028274 0.053289