0 0.092262 0.564474 0.032738 0.063158
0 0.062500 0.793750 0.031994 0.057237
0 0.205915 0.728947 0.026414 0.064474
0 0.183222 0.288158 0.027902 0.068421
0 0.222842 0.524342 0.034226 0.068421
0 0.225446 0.579605 0.032738 0.060526
0 0.432664 0.149671 0.040179 0.046711
0 0.535900 0.040461 0.032366 0.078289
0 0.557106 0.263487 0.026414 0.065132
0 0.665923 0.107237 0.031994 0.063158
0 0.670015 0.472697 0.031994 0.074342
0 0.881138 0.737171 0.021949 0.049342
0 0.885231 0.704934 0.028646 0.053289
0 0.523065 0.700658 0.034226 0.050000
0 0.625558 0.638487 0.027902 0.057237
0 0.956287 0.688158 0.038318 0.060526