0 0.298177 0.807895 0.030134 0.067105
0 0.580357 0.674671 0.035714 0.065132
0 0.622768 0.608224 0.041667 0.095395
0 0.696057 0.586513 0.038690 0.075658
0 0.207217 0.329934 0.036458 0.080921
0 0.465030 0.275000 0.048363 0.077632
0 0.303757 0.397697 0.024926 0.063816
0 0.345610 0.676974 0.032738 0.052632
0 0.308036 0.721382 0.032738 0.053289
0 0.384301 0.834539 0.036458 0.071711
0 0.465402 0.486184 0.028274 0.052632
0 0.554874 0.912171 0.022693 0.044079
0 0.651972 0.084868 0.033854 0.060526
0 0.816220 0.657237 0.030506 0.056579
0 0.831101 0.251974 0.036458 0.050000
0 0.727307 0.019408 0.036458 0.038816
0 0.891927 0.577632 0.028646 0.060526
0 0.721726 0.975329 0.034226 0.049342