0 0.619234 0.791776 0.030134 0.044079
0 0.733073 0.968421 0.039807 0.057895
0 0.343378 0.763816 0.040179 0.064474
0 0.169643 0.747368 0.038690 0.056579
0 0.161458 0.671711 0.032738 0.063158
0 0.209635 0.620395 0.046503 0.064474
0 0.456473 0.617763 0.034226 0.068421
0 0.501860 0.622368 0.032738 0.057895
0 0.532180 0.671382 0.036086 0.065132
0 0.653274 0.672697 0.036458 0.065132
0 0.129278 0.503618 0.030134 0.050658
0 0.152158 0.459211 0.029762 0.053947
0 0.218006 0.449671 0.032738 0.046711
0 0.505766 0.511184 0.030134 0.063158
0 0.434896 0.835855 0.040179 0.074342
0 0.416667 0.132237 0.032738 0.064474
0 0.821801 0.430263 0.046131 0.078947
0 0.855097 0.408882 0.039807 0.067763
0 0.888207 0.285197 0.038318 0.070395
0 0.828125 0.041118 0.032738 0.067763
0 0.194382 0.032895 0.042783 0.065789
0 0.680804 0.730592 0.034226 0.078289