0 0.381510 0.665461 0.026414 0.054605
0 0.423549 0.655921 0.038318 0.067105
0 0.449963 0.733224 0.030134 0.065132
0 0.531808 0.656579 0.046503 0.078947
0 0.490699 0.336184 0.053571 0.071053
0 0.597842 0.534868 0.032738 0.060526
0 0.611421 0.574013 0.022693 0.040132
0 0.448289 0.973355 0.035714 0.046711
0 0.655878 0.586184 0.036458 0.056579
0 0.683408 0.536513 0.030506 0.061184
0 0.627790 0.619737 0.026414 0.036842
0 0.641741 0.046053 0.037946 0.064474
0 0.690476 0.034539 0.040179 0.069079
0 0.605283 0.221053 0.031994 0.056579
0 0.714472 0.437500 0.042783 0.060526
0 0.807664 0.489474 0.052083 0.085526
0 0.245722 0.653947 0.026414 0.056579
0 0.945312 0.354276 0.040179 0.071711
0 0.075335 0.798355 0.027902 0.044079
0 0.021763 0.866118 0.036086 0.050658