0 0.306548 0.683224 0.030506 0.044079
0 0.314918 0.724342 0.024182 0.063158
0 0.460379 0.903289 0.026414 0.047368
0 0.512649 0.943421 0.020089 0.035526
0 0.673735 0.853947 0.023810 0.042105
0 0.694568 0.667763 0.034226 0.057895
0 0.944382 0.874342 0.027902 0.046053
0 0.632254 0.384539 0.028646 0.046711
0 0.499442 0.230263 0.026414 0.052632
0 0.632626 0.118750 0.042783 0.074342
0 0.459077 0.151974 0.035714 0.050000
0 0.417969 0.101645 0.033854 0.046711
0 0.281622 0.115132 0.030506 0.053947
0 0.247768 0.305263 0.029762 0.056579
0 0.042411 0.157566 0.031994 0.067763
0 0.026972 0.476974 0.028646 0.063158
0 0.445871 0.553289 0.028646 0.057895