0 0.842820 0.937829 0.052455 0.059868
0 0.027902 0.926316 0.030506 0.052632
0 0.268973 0.590132 0.038690 0.064474
0 0.032738 0.534211 0.040179 0.050000
0 0.406622 0.520724 0.029762 0.063816
0 0.726749 0.506579 0.020461 0.053947
0 0.063430 0.419408 0.036086 0.046711
0 0.828869 0.436513 0.029762 0.046711
0 0.300037 0.361184 0.026414 0.050000
0 0.190290 0.346711 0.030134 0.063158
0 0.424851 0.379276 0.023810 0.040132
0 0.426525 0.327961 0.030878 0.054605
0 0.879650 0.270395 0.027902 0.056579
0 0.021577 0.290789 0.031994 0.053947
0 0.557850 0.811513 0.026414 0.074342