0 0.330171 0.647039 0.036086 0.078289
0 0.336868 0.816447 0.030878 0.057895
0 0.260603 0.481250 0.038318 0.075658
0 0.358817 0.127632 0.038318 0.067105
0 0.393229 0.075658 0.030506 0.085526
0 0.547061 0.315789 0.039807 0.085526
0 0.727679 0.550000 0.036458 0.092105
0 0.878906 0.495066 0.033854 0.044079
0 0.876488 0.410526 0.031994 0.081579
0 0.862537 0.038816 0.030134 0.063158
0 0.623884 0.120395 0.034226 0.063158
0 0.189546 0.061184 0.047991 0.089474
0 0.121094 0.138816 0.039807 0.085526
0 0.104725 0.819737 0.050223 0.078947
0 0.038504 0.767434 0.042783 0.078289