0 0.031436 0.730263 0.026414 0.052632
0 0.103051 0.179276 0.026042 0.046711
0 0.249628 0.462829 0.036458 0.044079
0 0.320126 0.706250 0.026414 0.046711
0 0.354911 0.698026 0.032738 0.052632
0 0.533482 0.599342 0.036458 0.057895
0 0.779762 0.797368 0.029762 0.063158
0 0.855655 0.763816 0.029762 0.053947
0 0.944940 0.762500 0.035714 0.057895
0 0.854353 0.141447 0.024926 0.035526
0 0.951451 0.101316 0.042039 0.056579
0 0.416853 0.155592 0.030878 0.053289
0 0.514695 0.090132 0.030134 0.032895
0 0.776228 0.194408 0.030134 0.046711