0 0.548549 0.664145 0.026414 0.054605
0 0.590588 0.654605 0.038318 0.067105
0 0.617001 0.731908 0.030134 0.065132
0 0.698847 0.655263 0.046503 0.078947
0 0.657738 0.334868 0.053571 0.071053
0 0.764881 0.533553 0.032738 0.060526
0 0.778460 0.572697 0.022693 0.040132
0 0.615327 0.972039 0.035714 0.046711
0 0.822917 0.584868 0.036458 0.056579
0 0.850446 0.535197 0.030506 0.061184
0 0.794829 0.618421 0.026414 0.036842
0 0.808780 0.044737 0.037946 0.064474
0 0.857515 0.033882 0.040179 0.067763
0 0.772321 0.219737 0.031994 0.056579
0 0.881510 0.436184 0.042783 0.060526
0 0.974330 0.488158 0.051339 0.085526
0 0.412760 0.652632 0.026414 0.056579
0 0.242374 0.797039 0.027902 0.044079
0 0.188802 0.864803 0.036086 0.050658
0 0.161644 0.710526 0.038318 0.053947
0 0.063802 0.677632 0.026414 0.053947
0 0.092820 0.359539 0.047991 0.075658
0 0.130580 0.330592 0.032738 0.050658