0 0.776228 0.034868 0.039807 0.063158
0 0.241071 0.029605 0.032738 0.059211
0 0.207961 0.048684 0.035714 0.057895
0 0.175409 0.375658 0.032366 0.057895
0 0.528646 0.359211 0.032738 0.052632
0 0.665365 0.361184 0.056176 0.071053
0 0.706473 0.350000 0.036458 0.057895
0 0.818452 0.361184 0.047619 0.081579
0 0.885603 0.233882 0.039807 0.053289
0 0.899554 0.260197 0.040179 0.042763
0 0.906250 0.318092 0.034226 0.065132
0 0.930804 0.285855 0.020089 0.042763
0 0.963728 0.239145 0.042783 0.046711
0 0.734189 0.425987 0.030134 0.049342
0 0.359189 0.497697 0.040551 0.074342
0 0.271949 0.406579 0.029762 0.060526
0 0.302641 0.554605 0.040551 0.073684
0 0.113839 0.570066 0.017857 0.046711
0 0.064360 0.695724 0.040179 0.046711
0 0.227493 0.777961 0.027902 0.046711
0 0.263765 0.725987 0.029762 0.036184
0 0.498884 0.774013 0.031994 0.049342
0 0.736421 0.686513 0.039807 0.067763
0 0.417783 0.961842 0.038690 0.067105