0 0.180432 0.944079 0.029762 0.047368
0 0.749814 0.890132 0.033854 0.060526
0 0.444382 0.758882 0.042783 0.078289
0 0.633743 0.710855 0.030878 0.054605
0 0.355469 0.687171 0.032366 0.057237
0 0.185268 0.671711 0.032738 0.063158
0 0.692894 0.658224 0.034598 0.054605
0 0.173735 0.600000 0.030506 0.052632
0 0.666109 0.595066 0.034598 0.061184
0 0.543899 0.588487 0.043899 0.075658
0 0.221726 0.548026 0.036458 0.053947
0 0.512835 0.553618 0.042783 0.078289
0 0.468378 0.544079 0.047619 0.085526
0 0.141927 0.432237 0.030134 0.050000
0 0.516369 0.433553 0.032738 0.056579
0 0.164249 0.391447 0.027902 0.047368
0 0.230655 0.376316 0.042411 0.071053
0 0.832775 0.355921 0.036086 0.063158
0 0.868862 0.340461 0.030878 0.057237
0 0.903460 0.211842 0.030878 0.052632
0 0.426711 0.059539 0.032738 0.054605
0 0.117001 0.969079 0.038318 0.061842