0 0.375186 0.555592 0.046503 0.071711
0 0.205171 0.665789 0.030134 0.067105
0 0.170201 0.670066 0.027902 0.057237
0 0.620164 0.750658 0.028274 0.053947
0 0.700335 0.717434 0.026414 0.054605
0 0.792411 0.709539 0.026786 0.049342
0 0.835193 0.710855 0.022321 0.044079
0 0.971540 0.420395 0.026414 0.036842
0 0.790365 0.051316 0.020461 0.056579
0 0.694940 0.092105 0.016369 0.035526
0 0.626488 0.113816 0.022321 0.036842
0 0.361049 0.061513 0.030134 0.059868
0 0.265067 0.130263 0.024926 0.053947
0 0.095424 0.422368 0.042039 0.071053