0 0.179688 0.926974 0.029762 0.047368
0 0.749070 0.873026 0.033854 0.060526
0 0.443638 0.741776 0.042783 0.078289
0 0.632999 0.693750 0.030878 0.054605
0 0.354725 0.670066 0.032366 0.057237
0 0.184524 0.654605 0.032738 0.063158
0 0.692150 0.641118 0.034598 0.054605
0 0.172991 0.582895 0.030506 0.052632
0 0.665365 0.577961 0.034598 0.061184
0 0.543155 0.571382 0.043899 0.075658
0 0.220982 0.530921 0.036458 0.053947
0 0.512091 0.536513 0.042783 0.078289
0 0.467634 0.526974 0.047619 0.085526
0 0.141183 0.415132 0.030134 0.050000
0 0.515625 0.416447 0.032738 0.056579
0 0.163504 0.374342 0.027902 0.047368
0 0.229911 0.359211 0.042411 0.071053
0 0.832031 0.338816 0.036086 0.063158
0 0.868118 0.323355 0.030878 0.057237
0 0.902716 0.194737 0.030878 0.052632
0 0.425967 0.042434 0.032738 0.054605
0 0.116257 0.952961 0.038318 0.063816