0 0.699777 0.766118 0.049851 0.086184
0 0.678385 0.691776 0.040551 0.080921
0 0.598958 0.603618 0.038690 0.092763
0 0.503162 0.695395 0.044271 0.092105
0 0.416667 0.904605 0.031994 0.100000
0 0.850632 0.780921 0.044271 0.085526
0 0.114955 0.742763 0.040179 0.081579
0 0.087426 0.635855 0.031994 0.070395
0 0.293341 0.497697 0.042783 0.074342
0 0.079055 0.540461 0.056176 0.095395
0 0.349702 0.276316 0.042411 0.067105
0 0.626674 0.270395 0.033854 0.081579
0 0.088356 0.293421 0.039807 0.052632
0 0.118490 0.184211 0.045759 0.064474
0 0.113653 0.133553 0.042783 0.084211
0 0.706659 0.222039 0.042783 0.071711
0 0.735863 0.172368 0.056548 0.102632
0 0.883743 0.238816 0.093378 0.117105
0 0.650670 0.048684 0.048363 0.073684