0 0.737537 0.042434 0.030134 0.049342
0 0.362537 0.114145 0.040551 0.074342
0 0.275298 0.026645 0.029762 0.053289
0 0.305990 0.171053 0.040551 0.073684
0 0.117188 0.186513 0.017857 0.046711
0 0.067708 0.312171 0.040179 0.046711
0 0.230841 0.394408 0.027902 0.046711
0 0.267113 0.342434 0.029762 0.036184
0 0.739769 0.302961 0.039807 0.067763
0 0.421131 0.578289 0.038690 0.067105
0 0.750186 0.680263 0.038318 0.057895
0 0.757068 0.767434 0.036458 0.070395
0 0.598772 0.818750 0.048735 0.053289
0 0.131138 0.746053 0.036830 0.056579
0 0.499442 0.379934 0.039807 0.070395
0 0.202939 0.902303 0.039807 0.053289