0 0.039062 0.491118 0.044643 0.086184
0 0.044271 0.667763 0.037946 0.056579
0 0.128534 0.590789 0.039807 0.050000
0 0.138579 0.434868 0.030134 0.064474
0 0.204985 0.324342 0.030506 0.064474
0 0.271019 0.679934 0.042039 0.053289
0 0.215774 0.946053 0.042411 0.064474
0 0.344866 0.565789 0.030506 0.064474
0 0.494792 0.600329 0.029762 0.044079
0 0.636533 0.518750 0.032738 0.057237
0 0.658110 0.524342 0.030506 0.063158
0 0.745350 0.728947 0.036086 0.060526
0 0.752232 0.838816 0.029762 0.052632
0 0.719308 0.974013 0.026414 0.040132
0 0.815662 0.657895 0.027902 0.042105
0 0.776972 0.144079 0.030878 0.071053
0 0.813430 0.140789 0.027902 0.064474
0 0.486793 0.168750 0.028646 0.070395
0 0.445126 0.334868 0.024182 0.057895
0 0.139881 0.075987 0.036458 0.071711
0 0.172247 0.031579 0.032738 0.063158
0 0.915923 0.495395 0.029762 0.063158