0 0.718564 0.248684 0.047991 0.089474
0 0.460938 0.293750 0.038690 0.086184
0 0.393601 0.589145 0.042411 0.065132
0 0.364955 0.826645 0.031994 0.054605
0 0.290737 0.816447 0.040551 0.057895
0 0.218750 0.509211 0.049851 0.085526
0 0.184152 0.356579 0.032738 0.094737
0 0.154204 0.928618 0.033854 0.078289
0 0.149740 0.406908 0.030134 0.105921
0 0.137835 0.480921 0.040551 0.130263
0 0.299293 0.173684 0.042783 0.085526
0 0.778088 0.155592 0.040551 0.075658
0 0.149554 0.088487 0.048363 0.074342
0 0.969680 0.146053 0.042783 0.081579
0 0.935082 0.282566 0.046503 0.082237
0 0.898251 0.332566 0.039807 0.071711
0 0.799851 0.683882 0.034226 0.070395
0 0.875930 0.851316 0.036830 0.057895
0 0.572917 0.957566 0.029762 0.067763
0 0.420015 0.349671 0.032738 0.053289
0 0.657366 0.326316 0.032738 0.084211
0 0.538690 0.263158 0.031994 0.057895
0 0.561012 0.654605 0.029762 0.057895