0 0.239397 0.935526 0.030878 0.046053
0 0.593750 0.925987 0.035714 0.059868
0 0.209821 0.563816 0.036458 0.063158
0 0.393415 0.434539 0.026414 0.044079
0 0.518229 0.402632 0.035714 0.057895
0 0.939546 0.361513 0.042039 0.067763
0 0.331101 0.221711 0.026786 0.046053
0 0.749070 0.205592 0.047991 0.074342
0 0.308222 0.181579 0.040551 0.067105
0 0.275856 0.155921 0.039807 0.060526
0 0.725074 0.132566 0.031994 0.049342
0 0.500000 0.693750 0.053571 0.082237
0 0.566592 0.898026 0.032738 0.067105
0 0.363467 0.978289 0.037946 0.043421
0 0.312314 0.710526 0.038318 0.064474
0 0.113281 0.571382 0.030134 0.044079
0 0.074963 0.824013 0.030134 0.042763
0 0.701637 0.726974 0.037946 0.057895
0 0.701637 0.690789 0.030506 0.064474
0 0.614397 0.401974 0.042783 0.057895