0 0.915737 0.981250 0.028646 0.037500
0 0.964658 0.663816 0.035714 0.064474
0 0.688430 0.649671 0.032366 0.057237
0 0.968192 0.587171 0.036830 0.065132
0 0.783296 0.462829 0.034598 0.061184
0 0.733631 0.294737 0.034226 0.060526
0 0.858445 0.284868 0.030134 0.052632
0 0.941034 0.277961 0.032366 0.057237
0 0.635975 0.262500 0.030878 0.071053
0 0.879464 0.229605 0.029762 0.064474
0 0.671317 0.237829 0.027902 0.070395
0 0.499814 0.490132 0.022693 0.042105
0 0.535528 0.365132 0.022693 0.035526
0 0.476562 0.125329 0.030506 0.046711
0 0.462984 0.505263 0.032366 0.064474
0 0.329985 0.814145 0.035714 0.042763
0 0.299479 0.747368 0.037946 0.060526
0 0.269159 0.860855 0.027902 0.053289
0 0.181362 0.744737 0.040551 0.057895
0 0.152902 0.706250 0.036458 0.046711
0 0.157366 0.586842 0.035714 0.053947
0 0.106585 0.699671 0.026414 0.067763
0 0.082403 0.909539 0.022693 0.049342
0 0.068266 0.212171 0.022693 0.049342