0 0.201265 0.332237 0.032738 0.060526
0 0.245908 0.160197 0.032738 0.075658
0 0.100818 0.557566 0.035714 0.071711
0 0.254464 0.592434 0.034226 0.054605
0 0.029576 0.669408 0.036086 0.053289
0 0.402158 0.509868 0.084077 0.094737
0 0.503348 0.710855 0.052083 0.057237
0 0.512463 0.832237 0.042783 0.063158
0 0.480469 0.948355 0.045759 0.049342
0 0.534226 0.143092 0.034226 0.046711
0 0.572545 0.137500 0.035714 0.052632
0 0.575521 0.656579 0.032738 0.056579
0 0.668155 0.471382 0.038690 0.046711
0 0.746094 0.023026 0.042783 0.046053
0 0.833519 0.454934 0.033854 0.053289
0 0.822359 0.607566 0.039807 0.071711