0 0.142113 0.315132 0.032738 0.060526
0 0.186756 0.143092 0.032738 0.075658
0 0.041667 0.540461 0.035714 0.071711
0 0.195312 0.575329 0.034226 0.054605
0 0.343006 0.492763 0.084077 0.094737
0 0.444196 0.693750 0.052083 0.057237
0 0.453311 0.815132 0.042783 0.063158
0 0.421317 0.931250 0.045759 0.049342
0 0.475074 0.125987 0.034226 0.046711
0 0.513393 0.120395 0.035714 0.052632
0 0.516369 0.639474 0.032738 0.056579
0 0.609003 0.454276 0.038690 0.046711
0 0.774368 0.437829 0.033854 0.053289
0 0.763207 0.590461 0.039807 0.071711
0 0.936384 0.207895 0.030506 0.057895