0 0.052269 0.500658 0.034598 0.052632
0 0.098214 0.635855 0.030506 0.057237
0 0.064174 0.742763 0.026414 0.056579
0 0.143043 0.268092 0.032366 0.049342
0 0.337426 0.572368 0.032738 0.063158
0 0.307664 0.801645 0.031994 0.057237
0 0.451079 0.736842 0.026414 0.064474
0 0.428385 0.296053 0.027902 0.068421
0 0.468006 0.532237 0.034226 0.068421
0 0.470610 0.587500 0.032738 0.060526
0 0.027344 0.853289 0.044271 0.077632
0 0.677827 0.157566 0.040179 0.046711
0 0.781064 0.048355 0.032366 0.078289
0 0.802269 0.271382 0.026414 0.065132
0 0.865141 0.668092 0.032366 0.059868
0 0.766369 0.724013 0.029762 0.053289
0 0.227493 0.557895 0.022693 0.052632
0 0.911086 0.115132 0.031994 0.063158
0 0.915179 0.480592 0.031994 0.074342