0 0.123326 0.106579 0.036830 0.057895
0 0.023065 0.338487 0.035714 0.080921
0 0.168341 0.379276 0.040551 0.067763
0 0.308408 0.286842 0.032738 0.056579
0 0.325893 0.289474 0.026042 0.052632
0 0.417411 0.489803 0.041667 0.071711
0 0.487909 0.425329 0.026414 0.054605
0 0.588542 0.260526 0.023810 0.035526
0 0.741257 0.379276 0.028646 0.057237
0 0.754836 0.231908 0.020833 0.046711
0 0.423921 0.600658 0.033854 0.064474
0 0.389323 0.749013 0.040551 0.074342
0 0.414621 0.925000 0.030878 0.071053
0 0.583891 0.891118 0.027902 0.049342
0 0.624628 0.896711 0.030506 0.053947