0 0.805246 0.548355 0.038318 0.075658
0 0.903460 0.194737 0.038318 0.067105
0 0.937872 0.142763 0.030506 0.085526
0 0.734189 0.128289 0.047991 0.089474
0 0.665737 0.205921 0.039807 0.085526
0 0.649368 0.886842 0.050223 0.078947
0 0.583147 0.834539 0.042783 0.078289
0 0.567894 0.537829 0.042039 0.071711
0 0.550223 0.153947 0.034226 0.084211
0 0.476562 0.173355 0.038690 0.086184
0 0.427269 0.228947 0.042783 0.089474
0 0.409226 0.468750 0.042411 0.065132
0 0.380580 0.706250 0.031994 0.054605
0 0.306362 0.696053 0.040551 0.057895
0 0.877976 0.724013 0.032738 0.074342
0 0.886719 0.892105 0.040551 0.060526
0 0.234375 0.388816 0.049851 0.085526
0 0.199777 0.236184 0.032738 0.094737
0 0.169829 0.808224 0.033854 0.078289
0 0.165365 0.286513 0.030134 0.105921
0 0.153460 0.360526 0.040551 0.130263
0 0.314918 0.053289 0.042783 0.085526
0 0.793713 0.036513 0.040551 0.073026