0 0.061384 0.089803 0.029762 0.063816
0 0.306734 0.197697 0.026414 0.050658
0 0.281436 0.383553 0.030134 0.057895
0 0.557292 0.400987 0.035714 0.067763
0 0.750558 0.289145 0.038318 0.075658
0 0.922991 0.235855 0.036458 0.078289
0 0.072545 0.438487 0.034226 0.063816
0 0.125186 0.477303 0.033854 0.070395
0 0.078869 0.588158 0.034226 0.071053
0 0.133929 0.623684 0.029762 0.071053
0 0.299293 0.600000 0.024182 0.064474
0 0.709449 0.598026 0.038690 0.071053
0 0.253348 0.671711 0.032738 0.063158
0 0.072173 0.828947 0.030506 0.067105
0 0.145833 0.936513 0.032738 0.075658
0 0.225446 0.885197 0.032738 0.063816
0 0.493118 0.861184 0.039807 0.071053
0 0.614211 0.833553 0.032738 0.060526
0 0.663690 0.948026 0.026042 0.052632
0 0.796131 0.890132 0.036458 0.056579
0 0.908110 0.906579 0.032738 0.053947