0 0.545573 0.883224 0.034598 0.061184
0 0.359933 0.873355 0.026414 0.049342
0 0.566034 0.786184 0.024926 0.047368
0 0.496280 0.578947 0.043899 0.073684
0 0.210565 0.450000 0.032738 0.063158
0 0.393043 0.320395 0.026414 0.043421
0 0.613281 0.289145 0.028646 0.049342
0 0.938802 0.248355 0.040551 0.065132
0 0.331101 0.107895 0.026786 0.046053
0 0.748698 0.091776 0.047991 0.074342
0 0.308594 0.067763 0.044271 0.063158
0 0.724516 0.024013 0.040551 0.048026
0 0.276600 0.040789 0.042783 0.056579
0 0.518973 0.290789 0.037946 0.064474
0 0.700893 0.579276 0.036458 0.046711
0 0.700707 0.613816 0.044271 0.057895
0 0.594122 0.808553 0.030506 0.060526
0 0.236049 0.823355 0.032366 0.049342
0 0.194568 0.911513 0.032738 0.070395
0 0.076451 0.714803 0.028646 0.046711
0 0.113653 0.460526 0.027902 0.042105
0 0.310826 0.598355 0.024182 0.044079
0 0.871466 0.971711 0.042783 0.056579