0 0.176711 0.620066 0.026042 0.046711
0 0.323289 0.903618 0.036458 0.044079
0 0.928013 0.582237 0.024926 0.035526
0 0.490513 0.596382 0.030878 0.053289
0 0.588356 0.530921 0.030134 0.032895
0 0.849888 0.635197 0.030134 0.046711
0 0.193638 0.482895 0.042783 0.064474
0 0.201265 0.424342 0.023810 0.053947
0 0.644345 0.370066 0.035714 0.046711
0 0.976190 0.391118 0.028274 0.050658
0 0.162016 0.193421 0.026414 0.057895
0 0.295945 0.316447 0.042783 0.067105
0 0.408110 0.048355 0.026786 0.046711
0 0.533110 0.154605 0.020089 0.042105
0 0.072917 0.461184 0.040179 0.053947
0 0.034598 0.695066 0.042411 0.046711