0 0.570499 0.827632 0.045759 0.078947
0 0.825149 0.582895 0.050595 0.085526
0 0.894903 0.787500 0.024182 0.047368
0 0.923735 0.809539 0.029762 0.044079
0 0.875744 0.886184 0.023810 0.052632
0 0.690476 0.872368 0.034226 0.060526
0 0.526414 0.913487 0.023810 0.046711
0 0.540923 0.452961 0.029762 0.053289
0 0.645275 0.600658 0.022693 0.052632
0 0.723028 0.324342 0.028646 0.053947
0 0.847842 0.289474 0.036458 0.060526
0 0.942522 0.291776 0.030134 0.053289
0 0.662760 0.113158 0.030134 0.064474
0 0.639881 0.073026 0.036458 0.063158
0 0.608073 0.045395 0.028646 0.056579
0 0.448289 0.470066 0.020089 0.050658
0 0.409226 0.721382 0.017857 0.038816
0 0.155506 0.404605 0.023810 0.052632
0 0.131138 0.358224 0.030134 0.046711
0 0.222284 0.042434 0.030134 0.046711
0 0.063988 0.512829 0.035714 0.046711