0 0.173921 0.252632 0.032366 0.057895
0 0.527158 0.236184 0.032738 0.052632
0 0.663876 0.238158 0.056176 0.071053
0 0.704985 0.226974 0.036458 0.057895
0 0.816964 0.238158 0.047619 0.081579
0 0.884115 0.110855 0.039807 0.053289
0 0.898065 0.137171 0.040179 0.042763
0 0.904762 0.195066 0.034226 0.065132
0 0.929315 0.162829 0.020089 0.042763
0 0.962240 0.116118 0.042783 0.046711
0 0.732701 0.302961 0.030134 0.049342
0 0.357701 0.374671 0.040551 0.074342
0 0.270461 0.283553 0.029762 0.060526
0 0.301153 0.431579 0.040551 0.073684
0 0.112351 0.447039 0.017857 0.046711
0 0.062872 0.572697 0.040179 0.046711
0 0.226004 0.654934 0.027902 0.046711
0 0.262277 0.602961 0.029762 0.036184
0 0.497396 0.650987 0.031994 0.049342
0 0.734933 0.563487 0.039807 0.067763
0 0.416295 0.838816 0.038690 0.067105