0 0.195312 0.889803 0.030506 0.053289
0 0.583705 0.879276 0.035714 0.063816
0 0.115699 0.825987 0.023810 0.044079
0 0.180246 0.801645 0.030134 0.049342
0 0.749814 0.747697 0.033854 0.061184
0 0.443824 0.614474 0.031994 0.056579
0 0.633743 0.568092 0.040551 0.074342
0 0.355469 0.544408 0.042039 0.074342
0 0.185082 0.529276 0.032366 0.063816
0 0.692894 0.514803 0.036086 0.054605
0 0.173735 0.458224 0.030506 0.053289
0 0.666109 0.451645 0.036086 0.061184
0 0.543713 0.445395 0.034598 0.057895
0 0.221726 0.405921 0.036458 0.053947
0 0.512835 0.408882 0.042783 0.074342
0 0.468192 0.400987 0.046503 0.084868
0 0.516555 0.290789 0.033854 0.053947
0 0.142299 0.289474 0.030134 0.050000
0 0.164435 0.249671 0.026786 0.049342
0 0.229911 0.233224 0.030506 0.050658
0 0.832775 0.213158 0.036830 0.063158
0 0.868676 0.197697 0.031994 0.057237
0 0.903460 0.070066 0.030134 0.050658
0 0.616443 0.923026 0.046131 0.084211
0 0.640439 0.965132 0.030134 0.064474