0 0.386347 0.396382 0.026414 0.054605
0 0.428385 0.386842 0.038318 0.067105
0 0.454799 0.464145 0.030134 0.065132
0 0.536644 0.387500 0.046503 0.078947
0 0.495536 0.067105 0.053571 0.071053
0 0.602679 0.265789 0.032738 0.060526
0 0.616257 0.304934 0.022693 0.040132
0 0.453125 0.704276 0.035714 0.046711
0 0.632626 0.350658 0.026414 0.036842
0 0.719308 0.168421 0.042783 0.060526
0 0.812500 0.220395 0.052083 0.085526
0 0.250558 0.384868 0.026414 0.056579
0 0.080171 0.529276 0.027902 0.044079
0 0.026600 0.597039 0.036086 0.050658
0 0.217262 0.791118 0.035714 0.080921
0 0.652716 0.324671 0.042039 0.046711
0 0.684524 0.275987 0.046131 0.075658