0 0.049293 0.056250 0.024182 0.044079
0 0.817336 0.139145 0.049851 0.078289
0 0.397507 0.270724 0.030134 0.053289
0 0.889881 0.344737 0.030506 0.052632
0 0.911086 0.364474 0.029762 0.032895
0 0.559896 0.379605 0.037946 0.064474
0 0.680990 0.428947 0.030878 0.056579
0 0.866815 0.444737 0.030506 0.042105
0 0.512649 0.474342 0.032738 0.052632
0 0.148438 0.567763 0.032738 0.064474
0 0.329613 0.677303 0.030506 0.070395
0 0.372210 0.767763 0.039807 0.064474
0 0.225632 0.849013 0.032366 0.046711
0 0.299851 0.927632 0.030506 0.057895
0 0.379092 0.837171 0.037946 0.071711
0 0.489025 0.900987 0.046503 0.071711
0 0.499070 0.799342 0.038318 0.063158
0 0.670387 0.840461 0.038690 0.074342
0 0.764881 0.912829 0.036458 0.065132
0 0.927083 0.796053 0.044643 0.089474
0 0.143229 0.876645 0.030506 0.049342