0 0.923735 0.764474 0.040179 0.081579
0 0.896205 0.657566 0.031994 0.070395
0 0.887835 0.562171 0.056176 0.095395
0 0.897135 0.315132 0.039807 0.052632
0 0.927269 0.205921 0.045759 0.064474
0 0.922433 0.155263 0.042783 0.084211
0 0.672247 0.412500 0.047619 0.077632
0 0.586310 0.922368 0.050595 0.088158
0 0.342262 0.603289 0.030506 0.060526
0 0.324405 0.640461 0.026786 0.046711
0 0.344494 0.690132 0.036458 0.064474
0 0.352679 0.296053 0.050595 0.081579
0 0.645647 0.054276 0.039807 0.075658
0 0.707775 0.160855 0.040551 0.082237