0 0.340216 0.978618 0.027902 0.042763
0 0.757999 0.963158 0.039807 0.067105
0 0.316592 0.939474 0.034226 0.060526
0 0.283296 0.908553 0.032366 0.056579
0 0.734747 0.891118 0.032738 0.050658
0 0.447359 0.762829 0.030878 0.057237
0 0.987537 0.721053 0.024926 0.047368
0 0.145647 0.632566 0.026414 0.044079
0 0.331473 0.586184 0.026786 0.047368
0 0.059524 0.561184 0.026042 0.047368
0 0.391741 0.534211 0.031994 0.047368
0 0.364955 0.468750 0.031994 0.053289
0 0.244420 0.464474 0.029762 0.050000
0 0.213542 0.425987 0.028274 0.046711
0 0.168155 0.423026 0.029762 0.057895
0 0.761161 0.382566 0.034226 0.057237
0 0.217820 0.310197 0.027902 0.046711
0 0.534226 0.225987 0.034226 0.057237
0 0.566964 0.207566 0.029762 0.053289
0 0.856399 0.193421 0.034226 0.056579
0 0.604353 0.080592 0.028646 0.046711
0 0.931548 0.021053 0.026042 0.042105
0 0.804688 0.026645 0.034226 0.053289