0 0.364397 0.024013 0.040551 0.048026
0 0.307850 0.067763 0.040551 0.073684
0 0.119048 0.083224 0.017857 0.046711
0 0.069568 0.208882 0.040179 0.046711
0 0.232701 0.291118 0.027902 0.046711
0 0.268973 0.239145 0.029762 0.036184
0 0.741629 0.199671 0.039807 0.067763
0 0.422991 0.475000 0.038690 0.067105
0 0.752046 0.576974 0.038318 0.057895
0 0.758929 0.664145 0.036458 0.070395
0 0.600632 0.715461 0.048735 0.053289
0 0.132999 0.642763 0.036830 0.056579
0 0.501302 0.276645 0.039807 0.070395
0 0.204799 0.799013 0.039807 0.053289