0 0.077195 0.673355 0.036086 0.053289
0 0.246466 0.686184 0.042783 0.064474
0 0.369606 0.876316 0.056176 0.057895
0 0.338914 0.717105 0.052083 0.064474
0 0.183780 0.881250 0.049851 0.046711
0 0.276972 0.354605 0.042783 0.053947
0 0.308966 0.333882 0.050223 0.074342
0 0.429688 0.810197 0.035714 0.046711
0 0.598958 0.673026 0.029762 0.052632
0 0.731213 0.670066 0.026414 0.054605
0 0.773251 0.660526 0.038318 0.067105
0 0.799665 0.737829 0.030134 0.065132
0 0.881510 0.661184 0.046503 0.078947
0 0.840402 0.340789 0.053571 0.071053
0 0.947545 0.539474 0.032738 0.060526
0 0.961124 0.578618 0.022693 0.040132
0 0.951079 0.229276 0.028646 0.044079
0 0.973214 0.627303 0.017857 0.046711
0 0.797991 0.977303 0.035714 0.045395
0 0.984933 0.052961 0.022693 0.049342