0 0.288876 0.927303 0.036830 0.065132
0 0.030878 0.915789 0.026786 0.046053
0 0.114025 0.830592 0.026414 0.046711
0 0.579055 0.821053 0.024182 0.043421
0 0.304501 0.803618 0.034598 0.057237
0 0.040551 0.754605 0.023810 0.042105
0 0.483073 0.748355 0.027902 0.053289
0 0.195312 0.737500 0.030506 0.060526
0 0.313430 0.704605 0.030134 0.046053
0 0.187686 0.670066 0.027902 0.049342
0 0.145089 0.590789 0.029762 0.043421
0 0.328497 0.371711 0.036458 0.057895
0 0.495350 0.336184 0.042783 0.071053
0 0.377046 0.286842 0.042783 0.053947
0 0.683222 0.344737 0.040551 0.057895
0 0.700149 0.254605 0.031994 0.063158
0 0.729911 0.281908 0.036458 0.070395
0 0.213914 0.186184 0.037946 0.057895
0 0.452195 0.060197 0.042783 0.059868
0 0.743862 0.708882 0.042783 0.071711
0 0.744234 0.919737 0.034598 0.071053
0 0.829427 0.081250 0.036086 0.057237
0 0.827939 0.044408 0.030134 0.057237
0 0.922061 0.499342 0.040551 0.057895
0 0.633929 0.048026 0.049851 0.084211