0 0.311570 0.554934 0.046503 0.071711
0 0.141555 0.665132 0.030134 0.067105
0 0.106585 0.669408 0.027902 0.057237
0 0.556548 0.750000 0.028274 0.053947
0 0.636719 0.716776 0.026414 0.054605
0 0.728795 0.708882 0.026786 0.049342
0 0.771577 0.710197 0.022321 0.044079
0 0.907924 0.419737 0.026414 0.036842
0 0.726749 0.050658 0.020461 0.056579
0 0.631324 0.091447 0.016369 0.035526
0 0.562872 0.113158 0.022321 0.036842
0 0.297433 0.060855 0.030134 0.059868
0 0.201451 0.129605 0.024926 0.053947
0 0.398996 0.984211 0.027902 0.031579
0 0.031808 0.421711 0.042039 0.071053