0 0.057478 0.019079 0.018973 0.038158
0 0.070685 0.029276 0.022321 0.042763
0 0.064174 0.072039 0.024926 0.049342
0 0.810268 0.155921 0.031994 0.052632
0 0.775856 0.200658 0.034598 0.053947
0 0.766555 0.253289 0.027902 0.060526
0 0.849144 0.315132 0.030878 0.057895
0 0.199777 0.278289 0.028274 0.050000
0 0.097842 0.406579 0.029762 0.050000
0 0.130952 0.388158 0.020089 0.039474
0 0.186942 0.370724 0.027902 0.046711
0 0.403274 0.432237 0.036458 0.053947
0 0.023251 0.544737 0.024182 0.047368
0 0.237537 0.571382 0.039807 0.065132
0 0.061570 0.607566 0.026414 0.049342
0 0.102121 0.678289 0.030134 0.053947
0 0.633557 0.696053 0.032738 0.060526
0 0.785528 0.724013 0.036086 0.074342
0 0.921317 0.621053 0.030134 0.064474
0 0.237165 0.842105 0.033854 0.052632