0 0.411458 0.580263 0.032738 0.064474
0 0.432850 0.437171 0.034598 0.046711
0 0.195312 0.412171 0.029762 0.046711
0 0.730097 0.560197 0.026414 0.046711
0 0.833705 0.495724 0.028274 0.046711
0 0.430804 0.384868 0.028274 0.052632
0 0.877604 0.327961 0.032738 0.074342
0 0.390625 0.149671 0.030506 0.075658
0 0.530692 0.271382 0.042783 0.070395
0 0.266183 0.648355 0.030134 0.046711
0 0.557664 0.873684 0.038690 0.060526
0 0.304315 0.418421 0.023810 0.050000
0 0.068452 0.483553 0.036458 0.057895
0 0.112537 0.114803 0.036830 0.075658
0 0.026228 0.594079 0.052455 0.067105
0 0.021763 0.357566 0.022693 0.074342
0 0.773996 0.123684 0.020461 0.057895
0 0.648810 0.019408 0.031994 0.038816