0 0.057106 0.676645 0.042039 0.053289
0 0.130952 0.562500 0.030506 0.064474
0 0.280878 0.597039 0.029762 0.044079
0 0.422619 0.515461 0.032738 0.057237
0 0.444196 0.521053 0.030506 0.063158
0 0.531436 0.725658 0.036086 0.060526
0 0.538318 0.835526 0.029762 0.052632
0 0.505394 0.970724 0.026414 0.040132
0 0.601749 0.654605 0.027902 0.042105
0 0.563058 0.140789 0.030878 0.071053
0 0.599516 0.137500 0.027902 0.064474
0 0.272879 0.165461 0.028646 0.070395
0 0.231213 0.331579 0.024182 0.057895
0 0.702009 0.492105 0.029762 0.063158
0 0.852679 0.613816 0.036458 0.060526
0 0.866257 0.466447 0.039807 0.057895
0 0.776972 0.034868 0.042039 0.060526