0 0.382999 0.644408 0.036086 0.078289
0 0.389695 0.813816 0.030878 0.057895
0 0.313430 0.478618 0.038318 0.075658
0 0.411644 0.125000 0.038318 0.067105
0 0.446057 0.073026 0.030506 0.085526
0 0.599888 0.313158 0.039807 0.085526
0 0.780506 0.547368 0.036458 0.092105
0 0.931734 0.492434 0.033854 0.044079
0 0.929315 0.407895 0.031994 0.081579
0 0.915365 0.036184 0.030134 0.063158
0 0.676711 0.117763 0.034226 0.063158
0 0.242374 0.058553 0.047991 0.089474
0 0.173921 0.136184 0.039807 0.085526
0 0.157552 0.817105 0.050223 0.078947
0 0.091332 0.764803 0.042783 0.078289
0 0.076079 0.468092 0.042039 0.071711
0 0.058408 0.084211 0.034226 0.084211