0 0.180432 0.935526 0.029762 0.047368
0 0.749814 0.881579 0.033854 0.060526
0 0.444382 0.750329 0.042783 0.078289
0 0.633743 0.702303 0.030878 0.054605
0 0.355469 0.678618 0.032366 0.057237
0 0.185268 0.663158 0.032738 0.063158
0 0.692894 0.649671 0.034598 0.054605
0 0.173735 0.591447 0.030506 0.052632
0 0.666109 0.586513 0.034598 0.061184
0 0.543899 0.579934 0.043899 0.075658
0 0.221726 0.539474 0.036458 0.053947
0 0.512835 0.545066 0.042783 0.078289
0 0.468378 0.535526 0.047619 0.085526
0 0.141927 0.423684 0.030134 0.050000
0 0.516369 0.425000 0.032738 0.056579
0 0.164249 0.382895 0.027902 0.047368
0 0.230655 0.367763 0.042411 0.071053
0 0.832775 0.347368 0.036086 0.063158
0 0.868862 0.331908 0.030878 0.057237
0 0.903460 0.203289 0.030878 0.052632
0 0.426711 0.050987 0.032738 0.054605
0 0.117001 0.961513 0.038318 0.063816