0 0.097656 0.677632 0.042783 0.064474
0 0.220796 0.867763 0.056176 0.057895
0 0.190104 0.708553 0.052083 0.064474
0 0.034970 0.872697 0.049851 0.046711
0 0.128162 0.346053 0.042783 0.053947
0 0.160156 0.325329 0.050223 0.074342
0 0.280878 0.801645 0.035714 0.046711
0 0.450149 0.664474 0.029762 0.052632
0 0.582403 0.661513 0.026414 0.054605
0 0.624442 0.651974 0.038318 0.067105
0 0.650856 0.729276 0.030134 0.065132
0 0.732701 0.652632 0.046503 0.078947
0 0.691592 0.332237 0.053571 0.071053
0 0.798735 0.530921 0.032738 0.060526
0 0.812314 0.570066 0.022693 0.040132
0 0.649182 0.969408 0.035714 0.046711
0 0.856771 0.582237 0.036458 0.056579
0 0.884301 0.532566 0.030506 0.061184
0 0.828683 0.615789 0.026414 0.036842
0 0.842634 0.042105 0.037946 0.064474
0 0.891369 0.032566 0.040179 0.065132
0 0.806176 0.217105 0.031994 0.056579
0 0.915365 0.433553 0.042783 0.060526