0 0.047991 0.643421 0.037946 0.060526
0 0.151228 0.908224 0.062128 0.099342
0 0.353981 0.897368 0.038318 0.057895
0 0.355655 0.942763 0.040179 0.056579
0 0.267299 0.612500 0.036830 0.064474
0 0.173363 0.615132 0.055804 0.073684
0 0.093936 0.215132 0.044271 0.060526
0 0.380952 0.342763 0.052083 0.063158
0 0.400856 0.413816 0.054688 0.085526
0 0.593750 0.570066 0.046131 0.070395
0 0.781808 0.587500 0.045759 0.057895
0 0.824405 0.648355 0.049851 0.063816
0 0.633743 0.170395 0.027902 0.053947
0 0.911086 0.150658 0.042411 0.068421
0 0.933036 0.472368 0.038690 0.067105
0 0.956287 0.519737 0.027902 0.052632
0 0.979167 0.435855 0.031994 0.049342