0 0.486049 0.643750 0.036086 0.078289
0 0.492746 0.813158 0.030878 0.057895
0 0.416481 0.477961 0.038318 0.075658
0 0.514695 0.124342 0.038318 0.067105
0 0.549107 0.072368 0.030506 0.085526
0 0.702939 0.312500 0.039807 0.085526
0 0.883557 0.546711 0.036458 0.092105
0 0.779762 0.117105 0.034226 0.063158
0 0.345424 0.057895 0.047991 0.089474
0 0.276972 0.135526 0.039807 0.085526
0 0.260603 0.816447 0.050223 0.078947
0 0.194382 0.764145 0.042783 0.078289
0 0.179129 0.467434 0.042039 0.071711
0 0.161458 0.083553 0.034226 0.084211
0 0.087798 0.102961 0.038690 0.086184
0 0.038504 0.158553 0.042783 0.089474