0 0.152158 0.050000 0.032738 0.064474
0 0.333333 0.159539 0.030506 0.070395
0 0.375930 0.250000 0.039807 0.064474
0 0.229353 0.331250 0.032366 0.046711
0 0.303571 0.409868 0.030506 0.057895
0 0.382812 0.319408 0.037946 0.071711
0 0.492746 0.383224 0.046503 0.071711
0 0.502790 0.281579 0.038318 0.063158
0 0.674107 0.322697 0.038690 0.074342
0 0.768601 0.395066 0.036458 0.065132
0 0.930804 0.278289 0.044643 0.089474
0 0.146949 0.358882 0.030506 0.049342
0 0.054874 0.481908 0.022693 0.040132
0 0.054501 0.545724 0.018973 0.044079
0 0.067708 0.558882 0.022321 0.042763
0 0.218192 0.500987 0.028646 0.046711
0 0.476190 0.510855 0.053571 0.078289
0 0.928943 0.495395 0.038690 0.052632
0 0.061198 0.601645 0.024926 0.049342
0 0.807292 0.685526 0.031994 0.052632
0 0.772879 0.730263 0.034598 0.053947
0 0.763579 0.782895 0.027902 0.060526
0 0.846168 0.844737 0.030878 0.057895
0 0.196801 0.807895 0.028274 0.050000
0 0.094866 0.936184 0.029762 0.050000
0 0.127976 0.917763 0.020089 0.039474
0 0.183966 0.900329 0.027902 0.046711
0 0.400298 0.961842 0.036458 0.053947