0 0.105841 0.673355 0.036086 0.053289
0 0.275112 0.686184 0.042783 0.064474
0 0.398251 0.876316 0.056176 0.057895
0 0.367560 0.717105 0.052083 0.064474
0 0.212426 0.881250 0.049851 0.046711
0 0.305618 0.354605 0.042783 0.053947
0 0.337612 0.333882 0.050223 0.074342
0 0.458333 0.810197 0.035714 0.046711
0 0.627604 0.673026 0.029762 0.052632
0 0.759859 0.670066 0.026414 0.054605
0 0.801897 0.660526 0.038318 0.067105
0 0.828311 0.737829 0.030134 0.065132
0 0.910156 0.661184 0.046503 0.078947
0 0.869048 0.340789 0.053571 0.071053
0 0.976190 0.539474 0.032738 0.060526
0 0.989211 0.578618 0.021577 0.040132
0 0.979725 0.229276 0.028646 0.044079