0 0.138951 0.111842 0.027902 0.071053
0 0.367001 0.133553 0.039807 0.060526
0 0.438616 0.027303 0.028274 0.054605
0 0.592448 0.057566 0.026414 0.065132
0 0.842448 0.183224 0.027902 0.065132
0 0.317150 0.393092 0.030134 0.063816
0 0.812872 0.432895 0.032738 0.063158
0 0.846726 0.300329 0.026786 0.050658
0 0.224144 0.036184 0.027902 0.056579
0 0.142671 0.642763 0.034598 0.052632
0 0.218936 0.664145 0.038318 0.042763
0 0.653832 0.702961 0.050223 0.071711
0 0.843936 0.622368 0.042783 0.057895
0 0.118862 0.877303 0.026414 0.046711
0 0.089472 0.897039 0.026414 0.042763
0 0.010975 0.972039 0.018973 0.055921
0 0.973400 0.724342 0.044271 0.057895
0 0.914993 0.119079 0.028646 0.057895