0 0.287760 0.552303 0.046503 0.071711
0 0.117746 0.662500 0.030134 0.067105
0 0.082775 0.666776 0.027902 0.057237
0 0.532738 0.747368 0.028274 0.053947
0 0.612909 0.714145 0.026414 0.054605
0 0.704985 0.706250 0.026786 0.049342
0 0.747768 0.707566 0.022321 0.044079
0 0.884115 0.417105 0.026414 0.036842
0 0.974330 0.366447 0.020833 0.056579
0 0.702939 0.048026 0.020461 0.056579
0 0.607515 0.088816 0.016369 0.035526
0 0.539062 0.110526 0.022321 0.036842
0 0.273624 0.058224 0.030134 0.059868
0 0.177641 0.126974 0.024926 0.053947
0 0.375186 0.982895 0.027902 0.034211