0 0.719680 0.250000 0.047991 0.089474
0 0.462054 0.295066 0.038690 0.086184
0 0.394717 0.590461 0.042411 0.065132
0 0.366071 0.827961 0.031994 0.054605
0 0.291853 0.817763 0.040551 0.057895
0 0.219866 0.510526 0.049851 0.085526
0 0.185268 0.357895 0.032738 0.094737
0 0.155320 0.929934 0.033854 0.078289
0 0.150856 0.408224 0.030134 0.105921
0 0.138951 0.482237 0.040551 0.130263
0 0.300409 0.175000 0.042783 0.085526
0 0.779204 0.156908 0.040551 0.075658
0 0.150670 0.089803 0.048363 0.074342
0 0.970796 0.147368 0.042783 0.081579
0 0.936198 0.283882 0.046503 0.082237
0 0.899368 0.333882 0.039807 0.071711
0 0.800967 0.685197 0.034226 0.070395
0 0.877046 0.852632 0.036830 0.057895
0 0.574033 0.958882 0.029762 0.067763
0 0.421131 0.350987 0.032738 0.053289
0 0.658482 0.327632 0.032738 0.084211
0 0.539807 0.264474 0.031994 0.057895
0 0.562128 0.655921 0.029762 0.057895