0 0.146019 0.695724 0.028646 0.054605
0 0.075893 0.681908 0.020089 0.046711
0 0.176339 0.459539 0.031994 0.042763
0 0.336496 0.523355 0.030134 0.046711
0 0.348958 0.826645 0.029762 0.049342
0 0.419271 0.881908 0.036458 0.067763
0 0.658668 0.890789 0.040551 0.056579
0 0.651228 0.717763 0.042039 0.053947
0 0.579613 0.546053 0.032738 0.060526
0 0.870536 0.394737 0.030506 0.060526
0 0.203125 0.220395 0.034226 0.064474
0 0.247024 0.149671 0.034226 0.050658
0 0.437500 0.194079 0.032738 0.050000
0 0.677827 0.203289 0.029762 0.060526
0 0.716704 0.146053 0.040551 0.067105
0 0.945871 0.203947 0.030134 0.050000
0 0.320685 0.124671 0.030506 0.053289
0 0.513765 0.125987 0.031994 0.049342
0 0.090216 0.041118 0.026414 0.049342