0 0.235305 0.175987 0.020461 0.074342
0 0.547805 0.118750 0.030134 0.071711
0 0.579055 0.064145 0.030134 0.078289
0 0.282366 0.326645 0.030506 0.088816
0 0.402158 0.257895 0.032738 0.064474
0 0.540365 0.478618 0.026414 0.065132
0 0.609003 0.376974 0.034226 0.060526
0 0.846726 0.402632 0.032738 0.060526
0 0.891369 0.230592 0.032738 0.075658
0 0.201451 0.635197 0.028646 0.057237
0 0.444382 0.539145 0.033854 0.067763
0 0.526786 0.637171 0.029762 0.050658
0 0.746280 0.627961 0.035714 0.071711
0 0.899926 0.662829 0.034226 0.054605
0 0.447917 0.722697 0.028274 0.057237
0 0.675037 0.739803 0.036086 0.053289
0 0.165923 0.725000 0.030506 0.064474
0 0.141927 0.885855 0.027902 0.046711