0 0.478051 0.627303 0.026042 0.046711
0 0.624628 0.910855 0.036458 0.044079
0 0.791853 0.603618 0.030878 0.053289
0 0.889695 0.538158 0.030134 0.032895
0 0.494978 0.490132 0.042783 0.064474
0 0.502604 0.431579 0.023810 0.053947
0 0.945685 0.377303 0.035714 0.046711
0 0.463356 0.200658 0.026414 0.057895
0 0.597284 0.323684 0.042783 0.067105
0 0.709449 0.055592 0.026786 0.046711
0 0.834449 0.161842 0.020089 0.042105
0 0.374256 0.468421 0.040179 0.053947
0 0.335938 0.702303 0.042411 0.046711
0 0.258557 0.453947 0.053571 0.053947
0 0.173363 0.162171 0.054315 0.038816
0 0.077009 0.402303 0.053571 0.042763
0 0.126116 0.532895 0.049851 0.060526
0 0.091704 0.639474 0.046503 0.057895
0 0.055618 0.746053 0.057664 0.064474