0 0.275856 0.656908 0.026414 0.054605
0 0.317894 0.647368 0.038318 0.067105
0 0.344308 0.724671 0.030134 0.065132
0 0.426153 0.648026 0.046503 0.078947
0 0.385045 0.327632 0.053571 0.071053
0 0.492188 0.526316 0.032738 0.060526
0 0.505766 0.565461 0.022693 0.040132
0 0.342634 0.964803 0.035714 0.046711
0 0.550223 0.577632 0.036458 0.056579
0 0.577753 0.527961 0.030506 0.061184
0 0.522135 0.611184 0.026414 0.036842
0 0.536086 0.037500 0.037946 0.064474
0 0.584821 0.030263 0.040179 0.060526
0 0.499628 0.212500 0.031994 0.056579
0 0.608817 0.428947 0.042783 0.060526
0 0.702009 0.480921 0.052083 0.085526
0 0.140067 0.645395 0.026414 0.056579
0 0.839658 0.345724 0.040179 0.071711
0 0.897321 0.474013 0.035714 0.080921
0 0.960938 0.713487 0.034226 0.070395
0 0.982887 0.609868 0.028274 0.056579
0 0.974888 0.829934 0.022693 0.053289
0 0.953869 0.952303 0.036458 0.082237