0 0.841332 0.817434 0.052455 0.059868
0 0.026414 0.805921 0.030506 0.052632
0 0.267485 0.469737 0.038690 0.064474
0 0.031250 0.413816 0.040179 0.050000
0 0.405134 0.400329 0.029762 0.063816
0 0.725260 0.386184 0.020461 0.053947
0 0.061942 0.299013 0.036086 0.046711
0 0.827381 0.316118 0.029762 0.046711
0 0.298549 0.240789 0.026414 0.050000
0 0.188802 0.226316 0.030134 0.063158
0 0.423363 0.258882 0.023810 0.040132
0 0.425037 0.207566 0.030878 0.054605
0 0.878162 0.150000 0.027902 0.056579
0 0.020089 0.170395 0.031994 0.053947
0 0.556362 0.691118 0.026414 0.074342
0 0.334821 0.958553 0.029762 0.057895
0 0.629836 0.938816 0.036458 0.057895
0 0.668527 0.931579 0.032738 0.060526