0 0.182106 0.399671 0.034598 0.061184
0 0.253534 0.451645 0.026414 0.053289
0 0.333519 0.365461 0.036830 0.071711
0 0.324033 0.288158 0.034226 0.068421
0 0.282366 0.230263 0.038690 0.052632
0 0.429874 0.548026 0.040551 0.084211
0 0.451823 0.329605 0.036086 0.056579
0 0.622210 0.367105 0.039807 0.063158
0 0.718192 0.437829 0.030134 0.042763
0 0.730469 0.759868 0.039807 0.063158
0 0.762649 0.715461 0.032738 0.050658
0 0.717262 0.842434 0.037946 0.059868
0 0.801153 0.877632 0.038318 0.064474
0 0.880394 0.530921 0.045759 0.060526
0 0.880394 0.312829 0.040551 0.075658