0 0.423549 0.845066 0.022693 0.074342
0 0.363095 0.425329 0.030506 0.046711
0 0.299293 0.875000 0.046503 0.064474
0 0.119048 0.223355 0.035714 0.046711
0 0.097842 0.409868 0.049851 0.064474
0 0.063616 0.687829 0.044643 0.067763
0 0.112909 0.619079 0.030134 0.064474
0 0.035714 0.909211 0.029762 0.053947
0 0.516555 0.608224 0.022693 0.040132
0 0.804129 0.653618 0.042039 0.049342
0 0.713914 0.922039 0.032738 0.063816
0 0.602121 0.906250 0.022693 0.044079
0 0.468564 0.977961 0.027902 0.044079
0 0.843936 0.943421 0.048735 0.053947
0 0.842262 0.888158 0.036458 0.067105
0 0.895089 0.223026 0.031994 0.064474
0 0.972284 0.266447 0.024926 0.057895
0 0.733259 0.257566 0.028274 0.053289
0 0.937128 0.784211 0.053571 0.078947
0 0.562872 0.316447 0.032738 0.064474