0 0.769717 0.770724 0.049851 0.086184
0 0.748326 0.696382 0.040551 0.080921
0 0.668899 0.608224 0.038690 0.092763
0 0.573103 0.700000 0.044271 0.092105
0 0.486607 0.909211 0.031994 0.100000
0 0.920573 0.785526 0.044271 0.085526
0 0.184896 0.747368 0.040179 0.081579
0 0.157366 0.640461 0.031994 0.070395
0 0.363281 0.502303 0.042783 0.074342
0 0.148996 0.545066 0.056176 0.095395
0 0.419643 0.280921 0.042411 0.067105
0 0.696615 0.275000 0.033854 0.081579
0 0.158296 0.298026 0.039807 0.052632
0 0.188430 0.188816 0.045759 0.064474
0 0.183594 0.138158 0.042783 0.084211
0 0.776600 0.226645 0.042783 0.071711
0 0.805804 0.176974 0.056548 0.102632
0 0.953497 0.243421 0.093006 0.117105
0 0.720610 0.053289 0.048363 0.073684