0 0.111607 0.535855 0.038690 0.050658
0 0.233817 0.505921 0.034598 0.052632
0 0.279762 0.641118 0.030506 0.057237
0 0.245722 0.748026 0.026414 0.056579
0 0.174293 0.075000 0.027902 0.052632
0 0.324591 0.273355 0.032366 0.049342
0 0.408854 0.559539 0.029762 0.053289
0 0.518973 0.577632 0.032738 0.063158
0 0.489211 0.806908 0.031994 0.057237
0 0.632626 0.742105 0.026414 0.064474
0 0.609933 0.301316 0.027902 0.068421
0 0.649554 0.537500 0.034226 0.068421
0 0.652158 0.592763 0.032738 0.060526
0 0.744234 0.439474 0.040551 0.073684
0 0.208891 0.858553 0.044271 0.077632
0 0.859375 0.162829 0.040179 0.046711
0 0.947359 0.722697 0.030134 0.053289
0 0.962612 0.053618 0.032366 0.078289
0 0.983817 0.276645 0.026414 0.065132