0 0.861793 0.645724 0.032366 0.057237
0 0.956659 0.458882 0.034598 0.061184
0 0.906994 0.290789 0.034226 0.060526
0 0.809338 0.258553 0.030878 0.071053
0 0.844680 0.233882 0.027902 0.070395
0 0.673177 0.486184 0.022693 0.042105
0 0.708891 0.361184 0.022693 0.035526
0 0.649926 0.121382 0.030506 0.046711
0 0.636347 0.501316 0.032366 0.064474
0 0.503348 0.810197 0.035714 0.042763
0 0.472842 0.743421 0.037946 0.060526
0 0.442522 0.856908 0.027902 0.053289
0 0.354725 0.740789 0.040551 0.057895
0 0.326265 0.702303 0.036458 0.046711
0 0.330729 0.582895 0.035714 0.053947
0 0.279948 0.695724 0.026414 0.067763
0 0.255766 0.905592 0.022693 0.049342
0 0.241629 0.208224 0.022693 0.049342
0 0.171503 0.842105 0.032738 0.052632
0 0.050409 0.536513 0.040551 0.046711
0 0.040551 0.710197 0.036458 0.044079
0 0.031622 0.119408 0.034226 0.071711