0 0.021949 0.701316 0.032738 0.053947
0 0.230097 0.058224 0.024182 0.040132
0 0.263021 0.720066 0.034226 0.046711
0 0.525484 0.278618 0.030878 0.049342
0 0.303199 0.551316 0.035714 0.053947
0 0.633929 0.521711 0.034226 0.050000
0 0.596540 0.531579 0.032366 0.057895
0 0.450707 0.906579 0.042783 0.057895
0 0.472470 0.914145 0.036458 0.046711
0 0.735119 0.880263 0.042411 0.056579
0 0.813058 0.418092 0.052455 0.059868
0 0.161086 0.950987 0.034226 0.046711
0 0.310082 0.983553 0.028646 0.032895
0 0.895647 0.856250 0.027902 0.042763