0 0.717820 0.310526 0.047991 0.089474
0 0.460193 0.355592 0.038690 0.086184
0 0.392857 0.650987 0.042411 0.065132
0 0.364211 0.888487 0.031994 0.054605
0 0.289993 0.878289 0.040551 0.057895
0 0.218006 0.571053 0.049851 0.085526
0 0.183408 0.418421 0.032738 0.094737
0 0.153460 0.975658 0.033854 0.048684
0 0.148996 0.468750 0.030134 0.105921
0 0.137091 0.542763 0.040551 0.130263
0 0.298549 0.235526 0.042783 0.085526
0 0.777344 0.217434 0.040551 0.075658
0 0.148810 0.150329 0.048363 0.074342
0 0.968936 0.207895 0.042783 0.081579
0 0.934338 0.344408 0.046503 0.082237
0 0.897507 0.394408 0.039807 0.071711
0 0.799107 0.745724 0.034226 0.070395
0 0.875186 0.913158 0.036830 0.057895
0 0.419271 0.411513 0.032738 0.053289
0 0.656622 0.388158 0.032738 0.084211
0 0.537946 0.325000 0.031994 0.057895
0 0.560268 0.716447 0.029762 0.057895
0 0.048363 0.082237 0.032738 0.094737