0 0.242746 0.078947 0.033854 0.052632
0 0.059152 0.252303 0.029762 0.063816
0 0.304501 0.360197 0.026414 0.050658
0 0.279204 0.546053 0.030134 0.057895
0 0.555060 0.563487 0.035714 0.067763
0 0.748326 0.451645 0.038318 0.075658
0 0.920759 0.398355 0.036458 0.078289
0 0.070312 0.600987 0.034226 0.063816
0 0.122954 0.639803 0.033854 0.070395
0 0.076637 0.750658 0.034226 0.071053
0 0.131696 0.786184 0.029762 0.071053
0 0.297061 0.762500 0.024182 0.064474
0 0.707217 0.760526 0.038690 0.071053
0 0.251116 0.834211 0.032738 0.063158
0 0.071243 0.975658 0.024926 0.035526