0 0.215588 0.037829 0.039807 0.075658
0 0.335379 0.019408 0.028646 0.038816
0 0.345796 0.250658 0.030134 0.064474
0 0.009115 0.752961 0.018229 0.046711
0 0.253162 0.723026 0.038318 0.068421
0 0.317522 0.692105 0.039807 0.052632
0 0.345052 0.650987 0.027902 0.050658
0 0.053385 0.900000 0.022693 0.050000
0 0.175409 0.831250 0.026414 0.046711
0 0.378720 0.955921 0.032738 0.053947
0 0.379278 0.144079 0.024926 0.056579
0 0.511905 0.072697 0.030506 0.040132
0 0.586868 0.312829 0.024182 0.040132
0 0.621094 0.090132 0.033854 0.052632
0 0.665737 0.807895 0.027902 0.056579
0 0.619792 0.974671 0.034226 0.046711
0 0.728423 0.251974 0.034226 0.053947
0 0.748698 0.110526 0.022693 0.046053
0 0.747954 0.063158 0.030134 0.042105
0 0.882254 0.533224 0.030878 0.049342
0 0.957217 0.778618 0.035714 0.050658