0 0.308780 0.414145 0.032738 0.057237
0 0.330357 0.419737 0.030506 0.063158
0 0.417597 0.624342 0.036086 0.060526
0 0.424479 0.734211 0.029762 0.052632
0 0.391555 0.869408 0.026414 0.040132
0 0.487909 0.553289 0.027902 0.042105
0 0.588170 0.390789 0.029762 0.063158
0 0.738839 0.512500 0.036458 0.060526
0 0.752418 0.365132 0.039807 0.057895
0 0.904948 0.126974 0.024926 0.063158
0 0.171503 0.514803 0.036458 0.067763
0 0.452939 0.038487 0.039807 0.067763
0 0.492188 0.030263 0.034226 0.057895
0 0.164807 0.085855 0.032738 0.082237
0 0.121652 0.226974 0.048363 0.119737
0 0.022879 0.477961 0.045759 0.071711