0 0.263393 0.889474 0.034226 0.057895
0 0.343378 0.825658 0.034226 0.060526
0 0.647321 0.764145 0.029762 0.053289
0 0.682478 0.736842 0.034598 0.056579
0 0.022507 0.744079 0.030134 0.056579
0 0.043527 0.652303 0.017857 0.033553
0 0.068638 0.675000 0.028646 0.052632
0 0.172991 0.473355 0.036458 0.053289
0 0.172619 0.437171 0.042411 0.050658
0 0.931548 0.403947 0.031994 0.057895
0 0.638579 0.172039 0.039807 0.054605
0 0.411086 0.103947 0.040179 0.060526
0 0.603423 0.114474 0.038690 0.060526
0 0.945871 0.150658 0.040551 0.064474