0 0.082031 0.461842 0.024182 0.064474
0 0.124814 0.328947 0.027902 0.064474
0 0.325149 0.514474 0.031994 0.053947
0 0.401786 0.625658 0.036458 0.060526
0 0.277158 0.680921 0.038690 0.060526
0 0.448661 0.898355 0.032738 0.054605
0 0.480283 0.573684 0.031994 0.063158
0 0.508185 0.358553 0.036458 0.052632
0 0.556548 0.287171 0.026042 0.053289
0 0.748884 0.553618 0.038690 0.050658
0 0.871094 0.523684 0.034598 0.052632
0 0.917039 0.658882 0.030506 0.057237
0 0.882999 0.765789 0.026414 0.056579
0 0.543899 0.075658 0.032738 0.056579
0 0.811570 0.092763 0.027902 0.052632
0 0.961868 0.291118 0.032366 0.049342
0 0.381510 0.164145 0.020461 0.049342
0 0.328311 0.126645 0.021949 0.046711
0 0.330729 0.270066 0.029762 0.053289
0 0.389881 0.309539 0.038690 0.075658