0 0.730283 0.046382 0.026042 0.046711
0 0.876860 0.329934 0.036458 0.044079
0 0.588170 0.121382 0.042411 0.046711
0 0.343936 0.058553 0.046503 0.057895
0 0.307850 0.165132 0.057664 0.064474
0 0.344866 0.454605 0.034226 0.060526
0 0.315662 0.506250 0.027902 0.071711
0 0.255208 0.524671 0.041667 0.071711
0 0.167225 0.642105 0.039807 0.067105
0 0.055060 0.705921 0.046131 0.057895
0 0.654018 0.610526 0.038690 0.060526
0 0.949777 0.589145 0.036458 0.070395
0 0.983445 0.580592 0.033110 0.070395
0 0.375558 0.768750 0.018973 0.082237
0 0.305432 0.873026 0.032738 0.060526
0 0.207961 0.929276 0.030506 0.075658
0 0.612909 0.777303 0.042039 0.082237
0 0.807850 0.964803 0.026414 0.070395
0 0.832403 0.962171 0.042783 0.075658