0 0.979353 0.649013 0.032366 0.057237
0 0.926897 0.261842 0.030878 0.071053
0 0.962240 0.237171 0.027902 0.070395
0 0.790737 0.489474 0.022693 0.042105
0 0.826451 0.364474 0.022693 0.035526
0 0.767485 0.124671 0.030506 0.046711
0 0.753906 0.504605 0.032366 0.064474
0 0.620908 0.813487 0.035714 0.042763
0 0.590402 0.746711 0.037946 0.060526
0 0.560082 0.860197 0.027902 0.053289
0 0.472284 0.744079 0.040551 0.057895
0 0.443824 0.705592 0.036458 0.046711
0 0.448289 0.586184 0.035714 0.053947
0 0.397507 0.699013 0.026414 0.067763
0 0.373326 0.908882 0.022693 0.049342
0 0.359189 0.211513 0.022693 0.049342
0 0.289062 0.845395 0.032738 0.052632
0 0.167969 0.539803 0.040551 0.046711
0 0.158110 0.713487 0.036458 0.044079
0 0.149182 0.122697 0.034226 0.071711
0 0.101004 0.553289 0.042783 0.067105
0 0.076823 0.594737 0.042783 0.052632
0 0.107701 0.751316 0.036830 0.057895
0 0.117746 0.824013 0.030134 0.070395