0 0.742932 0.965132 0.030506 0.053947
0 0.638765 0.971382 0.044643 0.049342
0 0.325335 0.864145 0.046503 0.042763
0 0.352121 0.906579 0.042783 0.056579
0 0.408854 0.457895 0.046131 0.050000
0 0.671875 0.272697 0.046131 0.040132
0 0.148996 0.571053 0.036086 0.064474
0 0.094308 0.255592 0.026414 0.046711
0 0.089844 0.280592 0.032366 0.044079
0 0.067708 0.405592 0.029762 0.046711
0 0.046875 0.434539 0.036458 0.040132
0 0.807478 0.534211 0.045759 0.085526
0 0.840960 0.584539 0.038318 0.070395
0 0.862723 0.626645 0.035714 0.050658
0 0.926525 0.840461 0.027902 0.038816
0 0.856213 0.233224 0.030134 0.044079
0 0.914993 0.182237 0.044271 0.043421
0 0.970052 0.409868 0.039807 0.057895
0 0.580357 0.205263 0.040179 0.064474
0 0.406622 0.188816 0.038690 0.056579
0 0.336310 0.480921 0.031994 0.057895
0 0.418713 0.542763 0.036830 0.060526
0 0.398438 0.113158 0.032738 0.063158
0 0.446615 0.061842 0.046503 0.064474
0 0.693452 0.059211 0.034226 0.068421
0 0.738839 0.063816 0.032738 0.057895
0 0.769159 0.112829 0.036086 0.065132
0 0.890253 0.114145 0.036458 0.065132