0 0.102493 0.817105 0.024182 0.043421
0 0.010231 0.744408 0.020461 0.053289
0 0.020089 0.332237 0.040179 0.071053
0 0.206659 0.340789 0.040551 0.057895
0 0.223586 0.250658 0.031994 0.063158
0 0.253348 0.277961 0.036458 0.070395
0 0.267299 0.704934 0.042783 0.071711
0 0.267671 0.915789 0.034598 0.071053
0 0.352865 0.077303 0.036086 0.057237
0 0.351376 0.040461 0.030134 0.057237
0 0.445499 0.495395 0.040551 0.057895
0 0.157366 0.044079 0.049851 0.084211
0 0.528646 0.443421 0.036458 0.052632
0 0.633371 0.682566 0.036086 0.053289
0 0.802641 0.695395 0.042783 0.064474
0 0.925781 0.885526 0.056176 0.057895
0 0.895089 0.726316 0.052083 0.064474
0 0.739955 0.890461 0.049851 0.046711
0 0.833147 0.363816 0.042783 0.053947
0 0.865141 0.343092 0.050223 0.074342
0 0.984003 0.819408 0.031994 0.046711