0 0.329985 0.393092 0.026786 0.046711
0 0.748326 0.375658 0.040551 0.067105
0 0.306734 0.352303 0.033854 0.059868
0 0.273438 0.320724 0.031994 0.054605
0 0.724702 0.303289 0.032738 0.052632
0 0.437314 0.175000 0.030878 0.056579
0 0.978795 0.132895 0.026786 0.050000
0 0.136719 0.046382 0.026414 0.044079
0 0.932850 0.522039 0.046503 0.074342
0 0.393787 0.613487 0.030134 0.070395
0 0.516555 0.575987 0.042039 0.091447
0 0.613653 0.577961 0.036086 0.096711
0 0.111235 0.746382 0.046131 0.105921
0 0.207961 0.738487 0.037946 0.103289
0 0.311942 0.886184 0.040551 0.084211
0 0.701451 0.885197 0.059896 0.148026