0 0.665179 0.871711 0.034226 0.050000
0 0.627790 0.881579 0.032366 0.057895
0 0.844308 0.768092 0.052455 0.059868
0 0.337054 0.906908 0.040179 0.054605
0 0.029390 0.756579 0.030506 0.052632
0 0.270461 0.420395 0.038690 0.064474
0 0.034226 0.364474 0.040179 0.050000
0 0.408110 0.350987 0.029762 0.063816
0 0.728237 0.336842 0.020461 0.053947
0 0.064918 0.249671 0.036086 0.046711
0 0.830357 0.266776 0.029762 0.046711
0 0.301525 0.191447 0.026414 0.050000
0 0.191778 0.176974 0.030134 0.063158
0 0.426339 0.209539 0.023810 0.040132
0 0.428013 0.158224 0.030878 0.054605
0 0.881138 0.100658 0.027902 0.056579
0 0.023065 0.121053 0.031994 0.053947
0 0.559338 0.641776 0.026414 0.074342