0 0.166295 0.662500 0.040179 0.053947
0 0.676153 0.126645 0.027902 0.053289
0 0.235305 0.548026 0.030134 0.060526
0 0.388393 0.583224 0.034226 0.050658
0 0.528274 0.502303 0.034226 0.042763
0 0.545015 0.510197 0.031994 0.053289
0 0.637835 0.709539 0.028646 0.040132
0 0.643043 0.824671 0.024926 0.046711
0 0.609561 0.950658 0.026414 0.036842
0 0.708519 0.643092 0.022693 0.053289
0 0.805990 0.474342 0.020461 0.032895
0 0.956659 0.612171 0.033854 0.053289
0 0.970238 0.460197 0.029762 0.046711
0 0.890253 0.026316 0.029762 0.052632
0 0.710193 0.116447 0.032738 0.056579
0 0.381138 0.150987 0.030878 0.053289
0 0.336682 0.315789 0.032738 0.056579
0 0.103237 0.306250 0.030134 0.042763
0 0.114025 0.925987 0.028646 0.053289