0 0.323661 0.978289 0.031994 0.043421
0 0.353795 0.969408 0.036458 0.059868
0 0.412760 0.948355 0.032366 0.053289
0 0.424293 0.849013 0.032366 0.063816
0 0.446987 0.548355 0.033854 0.053289
0 0.456659 0.408882 0.034598 0.061184
0 0.370164 0.408553 0.037946 0.067105
0 0.373140 0.106908 0.043899 0.082237
0 0.277344 0.598355 0.027902 0.050658
0 0.293155 0.609211 0.034226 0.063158
0 0.282552 0.650987 0.024182 0.046711
0 0.281622 0.525658 0.032738 0.067105
0 0.528088 0.460855 0.026414 0.053289
0 0.608073 0.374671 0.036830 0.071711
0 0.598586 0.297368 0.034226 0.068421
0 0.556920 0.239474 0.038690 0.052632
0 0.210007 0.355263 0.021949 0.052632
0 0.704427 0.557237 0.040551 0.084211
0 0.726376 0.338816 0.036086 0.056579
0 0.896763 0.376316 0.039807 0.063158