0 0.904018 0.853618 0.029762 0.053289
0 0.031808 0.795724 0.028646 0.046711
0 0.187128 0.723684 0.026042 0.046053
0 0.191592 0.676974 0.053571 0.071053
0 0.608445 0.632566 0.036830 0.065132
0 0.350446 0.621053 0.026786 0.046053
0 0.186570 0.608553 0.030878 0.050000
0 0.433594 0.535855 0.026414 0.046711
0 0.898624 0.526316 0.024182 0.043421
0 0.624070 0.508882 0.034598 0.057237
0 0.276228 0.480592 0.024182 0.044079
0 0.360119 0.459868 0.023810 0.042105
0 0.802641 0.453618 0.027902 0.053289
0 0.514881 0.442763 0.030506 0.060526
0 0.632999 0.409868 0.030134 0.046053
0 0.507254 0.375329 0.027902 0.049342
0 0.464658 0.296053 0.029762 0.043421
0 0.031064 0.482895 0.030134 0.052632
0 0.119048 0.420724 0.037946 0.046711
0 0.324777 0.923355 0.020833 0.044079
0 0.894717 0.912500 0.031994 0.060526
0 0.280320 0.173355 0.036086 0.054605
0 0.035714 0.135197 0.024554 0.046711
0 0.648065 0.076974 0.036458 0.057895
0 0.814918 0.041447 0.042783 0.071053