0 0.155320 0.563816 0.045759 0.057895
0 0.197917 0.624671 0.049851 0.063816
0 0.010603 0.146711 0.021205 0.053947
0 0.284598 0.126974 0.042411 0.068421
0 0.316034 0.445724 0.032366 0.063816
0 0.332775 0.493092 0.020461 0.046711
0 0.359561 0.411184 0.033854 0.042105
0 0.495908 0.593421 0.034226 0.068421
0 0.739211 0.745724 0.036458 0.075658
0 0.740699 0.020724 0.041667 0.041447
0 0.769531 0.746053 0.042783 0.073684
0 0.486607 0.850329 0.048363 0.067763
0 0.901414 0.481579 0.035714 0.057895
0 0.908668 0.720395 0.027902 0.067105
0 0.866815 0.804605 0.038690 0.056579
0 0.913132 0.905921 0.033854 0.057895
0 0.937686 0.753289 0.026414 0.052632
0 0.942894 0.289474 0.036086 0.064474
0 0.962984 0.902632 0.027902 0.057895