0 0.016741 0.681579 0.033482 0.064474
0 0.135231 0.871711 0.056176 0.057895
0 0.104539 0.712500 0.052083 0.064474
0 0.042597 0.350000 0.042783 0.053947
0 0.074591 0.329276 0.050223 0.074342
0 0.496838 0.665461 0.026414 0.054605
0 0.538876 0.655921 0.038318 0.067105
0 0.565290 0.733224 0.030134 0.065132
0 0.647135 0.656579 0.046503 0.078947
0 0.606027 0.336184 0.053571 0.071053
0 0.713170 0.534868 0.032738 0.060526
0 0.726749 0.574013 0.022693 0.040132
0 0.563616 0.973355 0.035714 0.046711
0 0.771205 0.586184 0.036458 0.056579
0 0.798735 0.536513 0.030506 0.061184
0 0.743118 0.619737 0.026414 0.036842
0 0.757068 0.046053 0.037946 0.064474
0 0.805804 0.034539 0.040179 0.069079
0 0.720610 0.221053 0.031994 0.056579
0 0.829799 0.437500 0.042783 0.060526
0 0.922991 0.489474 0.052083 0.085526
0 0.361049 0.653947 0.026414 0.056579
0 0.190476 0.791118 0.026042 0.046711