0 0.337240 0.643092 0.036086 0.078289
0 0.343936 0.812500 0.030878 0.057895
0 0.267671 0.477303 0.038318 0.075658
0 0.365885 0.123684 0.038318 0.067105
0 0.400298 0.071711 0.030506 0.085526
0 0.554129 0.311842 0.039807 0.085526
0 0.734747 0.546053 0.036458 0.092105
0 0.885975 0.491118 0.033854 0.044079
0 0.883557 0.406579 0.031994 0.081579
0 0.869606 0.034868 0.030134 0.063158
0 0.630952 0.116447 0.034226 0.063158
0 0.196615 0.057237 0.047991 0.089474
0 0.128162 0.134868 0.039807 0.085526
0 0.111793 0.815789 0.050223 0.078947
0 0.045573 0.763487 0.042783 0.078289
0 0.030320 0.466776 0.042039 0.071711