0 0.012091 0.721382 0.024182 0.046711
0 0.011347 0.746382 0.022693 0.044079
0 0.772879 0.699013 0.030134 0.044079
0 0.831659 0.648026 0.044271 0.043421
0 0.886719 0.875658 0.039807 0.057895
0 0.497024 0.671053 0.040179 0.064474
0 0.323289 0.654605 0.038690 0.056579
0 0.252976 0.946711 0.031994 0.057895
0 0.315104 0.578947 0.032738 0.063158
0 0.363281 0.527632 0.046503 0.064474
0 0.610119 0.525000 0.034226 0.068421
0 0.655506 0.529605 0.032738 0.057895
0 0.685826 0.578618 0.036086 0.065132
0 0.806920 0.579934 0.036458 0.065132
0 0.282924 0.410855 0.030134 0.050658
0 0.305804 0.366447 0.029762 0.053947
0 0.371652 0.356908 0.032738 0.046711
0 0.659412 0.418421 0.030134 0.063158
0 0.588542 0.743092 0.040179 0.074342
0 0.319940 0.925329 0.040179 0.070395
0 0.570312 0.039474 0.032738 0.064474
0 0.975446 0.337500 0.046131 0.078947