0 0.747954 0.477961 0.038318 0.075658
0 0.846168 0.124342 0.038318 0.067105
0 0.880580 0.072368 0.030506 0.085526
0 0.676897 0.057895 0.047991 0.089474
0 0.608445 0.135526 0.039807 0.085526
0 0.592076 0.816447 0.050223 0.078947
0 0.525856 0.764145 0.042783 0.078289
0 0.510603 0.467434 0.042039 0.071711
0 0.492932 0.083553 0.034226 0.084211
0 0.419271 0.102961 0.038690 0.086184
0 0.369978 0.158553 0.042783 0.089474
0 0.351935 0.398355 0.042411 0.065132
0 0.323289 0.635855 0.031994 0.054605
0 0.249070 0.625658 0.040551 0.057895
0 0.820685 0.653618 0.032738 0.074342
0 0.829427 0.821711 0.040551 0.060526
0 0.177083 0.318421 0.049851 0.085526
0 0.142485 0.165789 0.032738 0.094737
0 0.112537 0.737829 0.033854 0.078289
0 0.108073 0.216118 0.030134 0.105921
0 0.096168 0.290132 0.040551 0.130263