0 0.158668 0.330921 0.045759 0.057895
0 0.499256 0.360526 0.034226 0.068421
0 0.742560 0.512829 0.036458 0.075658
0 0.772879 0.513158 0.042783 0.073684
0 0.489955 0.617434 0.048363 0.067763
0 0.904762 0.248684 0.035714 0.057895
0 0.912016 0.487500 0.027902 0.067105
0 0.870164 0.571711 0.038690 0.056579
0 0.916481 0.673026 0.033854 0.057895
0 0.941034 0.520395 0.026414 0.052632
0 0.946243 0.056579 0.036086 0.064474
0 0.966332 0.669737 0.027902 0.057895
0 0.310826 0.219737 0.039807 0.050000
0 0.355841 0.180263 0.026414 0.057895
0 0.331287 0.265789 0.027902 0.047368
0 0.195499 0.392434 0.042783 0.071711
0 0.880022 0.865461 0.042039 0.063816
0 0.768787 0.972697 0.039807 0.054605
0 0.233631 0.970395 0.032738 0.059211