0 0.021763 0.904276 0.043527 0.099342
0 0.215216 0.893421 0.038318 0.057895
0 0.216890 0.938816 0.040179 0.056579
0 0.128534 0.608553 0.036830 0.064474
0 0.034598 0.611184 0.055804 0.073684
0 0.242188 0.338816 0.052083 0.063158
0 0.262091 0.409868 0.054688 0.085526
0 0.454985 0.566118 0.046131 0.070395
0 0.643043 0.583553 0.045759 0.057895
0 0.685640 0.644408 0.049851 0.063816
0 0.494978 0.166447 0.027902 0.053947
0 0.772321 0.146711 0.042411 0.068421
0 0.803757 0.465461 0.032366 0.063816
0 0.820499 0.512829 0.020461 0.046711
0 0.847284 0.430921 0.033854 0.042105
0 0.931920 0.025987 0.036458 0.051974
0 0.964286 0.866776 0.046131 0.075658
0 0.983259 0.613158 0.033482 0.068421