0 0.157180 0.131579 0.045759 0.057895
0 0.497768 0.161184 0.034226 0.068421
0 0.741071 0.313487 0.036458 0.075658
0 0.771391 0.313816 0.042783 0.073684
0 0.488467 0.418092 0.048363 0.067763
0 0.903274 0.049342 0.035714 0.057895
0 0.910528 0.288158 0.027902 0.067105
0 0.868676 0.372368 0.038690 0.056579
0 0.914993 0.473684 0.033854 0.057895
0 0.939546 0.321053 0.026414 0.052632
0 0.964844 0.470395 0.027902 0.057895
0 0.309338 0.022697 0.039807 0.045395
0 0.329799 0.066447 0.027902 0.047368
0 0.194010 0.193092 0.042783 0.071711
0 0.878534 0.666118 0.042039 0.063816
0 0.767299 0.777632 0.039807 0.063158
0 0.232143 0.771711 0.032738 0.060526