0 0.189546 0.168421 0.026414 0.064474
0 0.397879 0.024013 0.024926 0.048026
0 0.442150 0.094079 0.026414 0.063158
0 0.975260 0.111842 0.024182 0.052632
0 0.576637 0.247039 0.029762 0.082237
0 0.389509 0.421053 0.031994 0.060526
0 0.638579 0.534868 0.024182 0.060526
0 0.248698 0.548684 0.026414 0.057895
0 0.257999 0.594079 0.026414 0.060526
0 0.403088 0.767763 0.024926 0.067105
0 0.454241 0.808882 0.024554 0.063816
0 0.615327 0.721053 0.029762 0.094737
0 0.887463 0.739145 0.024926 0.070395
0 0.629650 0.931250 0.024182 0.070395
0 0.464100 0.949671 0.026414 0.070395
0 0.404576 0.917105 0.022693 0.056579
0 0.198103 0.969408 0.026414 0.061184