0 0.289621 0.193092 0.020461 0.074342
0 0.602121 0.135855 0.030134 0.071711
0 0.633371 0.081250 0.030134 0.078289
0 0.336682 0.343750 0.030506 0.088816
0 0.456473 0.275000 0.032738 0.064474
0 0.594680 0.495724 0.026414 0.065132
0 0.663318 0.394079 0.034226 0.060526
0 0.901042 0.419737 0.032738 0.060526
0 0.945685 0.247697 0.032738 0.075658
0 0.255766 0.652303 0.028646 0.057237
0 0.498698 0.556250 0.033854 0.067763
0 0.581101 0.654276 0.029762 0.050658
0 0.800595 0.645066 0.035714 0.071711
0 0.954241 0.679934 0.034226 0.054605
0 0.502232 0.739803 0.028274 0.057237
0 0.729353 0.756908 0.036086 0.053289
0 0.220238 0.742105 0.030506 0.064474
0 0.196243 0.902961 0.027902 0.046711