0 0.659970 0.528947 0.034226 0.050000
0 0.622582 0.538816 0.032366 0.057895
0 0.761161 0.887500 0.042411 0.056579
0 0.839100 0.425329 0.052455 0.059868
0 0.921689 0.863487 0.027902 0.042763
0 0.561570 0.291118 0.040551 0.053289
0 0.474516 0.917434 0.039807 0.046711
0 0.496280 0.926974 0.049851 0.035526
0 0.331845 0.564145 0.040179 0.054605
0 0.282366 0.734211 0.053571 0.053947
0 0.186570 0.961184 0.030134 0.056579
0 0.053757 0.717763 0.042783 0.073684
0 0.024182 0.413816 0.030506 0.052632
0 0.265253 0.077632 0.038690 0.064474
0 0.029018 0.023355 0.040179 0.046711