0 0.364397 0.643092 0.036086 0.078289
0 0.371094 0.812500 0.030878 0.057895
0 0.294829 0.477303 0.038318 0.075658
0 0.393043 0.123684 0.038318 0.067105
0 0.427455 0.071711 0.030506 0.085526
0 0.581287 0.311842 0.039807 0.085526
0 0.761905 0.546053 0.036458 0.092105
0 0.913132 0.491118 0.033854 0.044079
0 0.910714 0.406579 0.031994 0.081579
0 0.896763 0.034868 0.030134 0.063158
0 0.658110 0.116447 0.034226 0.063158
0 0.223772 0.057237 0.047991 0.089474
0 0.155320 0.134868 0.039807 0.085526
0 0.138951 0.815789 0.050223 0.078947
0 0.072731 0.763487 0.042783 0.078289
0 0.057478 0.466776 0.042039 0.071711
0 0.039807 0.082895 0.034226 0.084211