0 0.073103 0.886184 0.038318 0.057895
0 0.074777 0.931579 0.040179 0.056579
0 0.100074 0.331579 0.052083 0.063158
0 0.119978 0.402632 0.054688 0.085526
0 0.312872 0.558882 0.046131 0.070395
0 0.500930 0.576316 0.045759 0.057895
0 0.543527 0.637171 0.049851 0.063816
0 0.352865 0.159211 0.027902 0.053947
0 0.630208 0.139474 0.042411 0.068421
0 0.661644 0.458224 0.032366 0.063816
0 0.678385 0.505592 0.020461 0.046711
0 0.705171 0.423684 0.033854 0.042105
0 0.789807 0.022368 0.036458 0.044737
0 0.822173 0.859539 0.046131 0.075658
0 0.841518 0.605921 0.034226 0.068421