0 0.057106 0.065461 0.022693 0.040132
0 0.056734 0.129276 0.018973 0.044079
0 0.069940 0.142434 0.022321 0.042763
0 0.220424 0.084539 0.028646 0.046711
0 0.478423 0.094408 0.053571 0.078289
0 0.931176 0.078947 0.038690 0.052632
0 0.063430 0.185197 0.024926 0.049342
0 0.809524 0.269079 0.031994 0.052632
0 0.775112 0.313816 0.034598 0.053947
0 0.765811 0.366447 0.027902 0.060526
0 0.848400 0.428289 0.030878 0.057895
0 0.199033 0.391447 0.028274 0.050000
0 0.097098 0.519737 0.029762 0.050000
0 0.130208 0.501316 0.020089 0.039474
0 0.186198 0.483882 0.027902 0.046711
0 0.402530 0.545395 0.036458 0.053947
0 0.022507 0.657895 0.024182 0.047368
0 0.236793 0.684539 0.039807 0.065132
0 0.060826 0.720724 0.026414 0.049342
0 0.101376 0.791447 0.030134 0.053947
0 0.632812 0.809211 0.032738 0.060526
0 0.784784 0.837171 0.036086 0.074342
0 0.920573 0.734211 0.030134 0.064474
0 0.236421 0.955263 0.033854 0.052632