0 0.170759 0.889145 0.031994 0.042763
0 0.330915 0.952961 0.030134 0.046711
0 0.574033 0.972697 0.032738 0.054605
0 0.864955 0.824342 0.030506 0.060526
0 0.197545 0.650000 0.034226 0.064474
0 0.241443 0.579276 0.034226 0.050658
0 0.431920 0.623684 0.032738 0.050000
0 0.672247 0.632895 0.029762 0.060526
0 0.711124 0.575658 0.040551 0.067105
0 0.940290 0.633553 0.030134 0.050000
0 0.315104 0.554276 0.030506 0.053289
0 0.508185 0.555592 0.031994 0.049342
0 0.084635 0.470724 0.026414 0.049342
0 0.558222 0.441776 0.032366 0.050658
0 0.744978 0.436842 0.044271 0.057895
0 0.805618 0.371053 0.042039 0.052632
0 0.087240 0.251316 0.030878 0.057895
0 0.623698 0.249342 0.028646 0.052632
0 0.718006 0.277961 0.029762 0.044079
0 0.451451 0.220066 0.026414 0.046711
0 0.973772 0.229934 0.024182 0.046711
0 0.271577 0.052632 0.034226 0.057895