0 0.199033 0.902961 0.036458 0.053289
0 0.198661 0.866776 0.042411 0.050658
0 0.957589 0.833553 0.031994 0.057895
0 0.664621 0.601645 0.039807 0.054605
0 0.437128 0.533553 0.040179 0.060526
0 0.629464 0.544079 0.038690 0.060526
0 0.971912 0.580263 0.040551 0.064474
0 0.247210 0.387829 0.045759 0.078289
0 0.223958 0.309539 0.040179 0.075658
0 0.115885 0.586842 0.028646 0.053947
0 0.478051 0.145724 0.034226 0.057237
0 0.766741 0.101316 0.032738 0.060526
0 0.807850 0.479934 0.024926 0.046711
0 0.787202 0.435526 0.031994 0.053947
0 0.828125 0.397697 0.029762 0.042763
0 0.029018 0.579276 0.046131 0.054605