0 0.185826 0.108553 0.030134 0.064474
0 0.093192 0.580921 0.038318 0.068421
0 0.157552 0.550000 0.039807 0.052632
0 0.185082 0.508882 0.027902 0.050658
0 0.015439 0.689145 0.026414 0.046711
0 0.218750 0.813816 0.032738 0.053947
0 0.426897 0.170724 0.024182 0.040132
0 0.459821 0.832566 0.034226 0.046711
0 0.568452 0.109868 0.034226 0.053947
0 0.722284 0.391118 0.030878 0.049342
0 0.500000 0.663816 0.035714 0.053947
0 0.830729 0.634211 0.034226 0.050000
0 0.793341 0.644079 0.032366 0.057895
0 0.888021 0.096382 0.029762 0.046711
0 0.053757 0.973355 0.022693 0.046711