0 0.239397 0.978618 0.030878 0.042763
0 0.593750 0.970395 0.035714 0.059211
0 0.209821 0.608553 0.036458 0.063158
0 0.393415 0.479276 0.026414 0.044079
0 0.518229 0.447368 0.035714 0.057895
0 0.939546 0.406250 0.042039 0.067763
0 0.331101 0.266447 0.026786 0.046053
0 0.749070 0.250329 0.047991 0.074342
0 0.308222 0.226316 0.040551 0.067105
0 0.275856 0.200658 0.039807 0.060526
0 0.725074 0.177303 0.031994 0.049342
0 0.500000 0.738487 0.053571 0.082237
0 0.566592 0.942763 0.032738 0.067105
0 0.312314 0.755263 0.038318 0.064474
0 0.113281 0.616118 0.030134 0.044079
0 0.074963 0.868750 0.030134 0.042763
0 0.701637 0.771711 0.037946 0.057895
0 0.701637 0.735526 0.030506 0.064474
0 0.614397 0.446711 0.042783 0.057895
0 0.437872 0.055592 0.042411 0.057237