0 0.358073 0.555592 0.046503 0.071711
0 0.188058 0.665789 0.030134 0.067105
0 0.153088 0.670066 0.027902 0.057237
0 0.603051 0.750658 0.028274 0.053947
0 0.683222 0.717434 0.026414 0.054605
0 0.775298 0.709539 0.026786 0.049342
0 0.818080 0.710855 0.022321 0.044079
0 0.954427 0.420395 0.026414 0.036842
0 0.773251 0.051316 0.020461 0.056579
0 0.677827 0.092105 0.016369 0.035526
0 0.609375 0.113816 0.022321 0.036842
0 0.343936 0.061513 0.030134 0.059868
0 0.247954 0.130263 0.024926 0.053947
0 0.078311 0.422368 0.042039 0.071053