0 0.017485 0.710197 0.034226 0.046711
0 0.279948 0.268750 0.030878 0.049342
0 0.057664 0.541447 0.035714 0.053947
0 0.388393 0.511842 0.034226 0.050000
0 0.351004 0.521711 0.032366 0.057895
0 0.205171 0.896711 0.042783 0.057895
0 0.226935 0.904276 0.036458 0.046711
0 0.489583 0.870395 0.042411 0.056579
0 0.567522 0.408224 0.052455 0.059868
0 0.064546 0.973684 0.028646 0.032895
0 0.650112 0.846382 0.027902 0.042763
0 0.805060 0.604934 0.050595 0.042763
0 0.889881 0.574013 0.046131 0.049342
0 0.972842 0.569408 0.054315 0.046711