0 0.377790 0.043421 0.039807 0.064474
0 0.231213 0.124671 0.032366 0.046711
0 0.305432 0.203289 0.030506 0.057895
0 0.384673 0.112829 0.037946 0.071711
0 0.494606 0.176645 0.046503 0.071711
0 0.504650 0.075000 0.038318 0.063158
0 0.675967 0.116118 0.038690 0.074342
0 0.770461 0.188487 0.036458 0.065132
0 0.932664 0.071711 0.044643 0.089474
0 0.148810 0.152303 0.030506 0.049342
0 0.056734 0.275329 0.022693 0.040132
0 0.056362 0.339145 0.018973 0.044079
0 0.069568 0.352303 0.022321 0.042763
0 0.220052 0.294408 0.028646 0.046711
0 0.478051 0.304276 0.053571 0.078289
0 0.930804 0.288816 0.038690 0.052632
0 0.063058 0.395066 0.024926 0.049342
0 0.809152 0.478947 0.031994 0.052632
0 0.774740 0.523684 0.034598 0.053947
0 0.765439 0.576316 0.027902 0.060526
0 0.848028 0.638158 0.030878 0.057895
0 0.198661 0.601316 0.028274 0.050000
0 0.096726 0.729605 0.029762 0.050000
0 0.129836 0.711184 0.020089 0.039474
0 0.185826 0.693750 0.027902 0.046711
0 0.402158 0.755263 0.036458 0.053947
0 0.022135 0.867763 0.024182 0.047368
0 0.236421 0.894408 0.039807 0.065132
0 0.060454 0.930592 0.026414 0.049342