0 0.069754 0.035526 0.027902 0.071053
0 0.297805 0.057237 0.039807 0.060526
0 0.773251 0.106908 0.027902 0.065132
0 0.247954 0.316776 0.030134 0.063816
0 0.743676 0.356579 0.032738 0.063158
0 0.777530 0.224013 0.026786 0.050658
0 0.073475 0.566447 0.034598 0.052632
0 0.149740 0.587829 0.038318 0.042763
0 0.584635 0.626645 0.050223 0.071711
0 0.774740 0.546053 0.042783 0.057895
0 0.049665 0.800987 0.026414 0.046711
0 0.020275 0.820724 0.026414 0.042763
0 0.904204 0.648026 0.044271 0.057895
0 0.845796 0.042763 0.028646 0.057895
0 0.468378 0.938158 0.023810 0.047368
0 0.552083 0.979276 0.032738 0.041447
0 0.768601 0.951316 0.037946 0.053947
0 0.941034 0.511842 0.024926 0.050000
0 0.983259 0.520395 0.033482 0.067105