0 0.340030 0.955263 0.024554 0.046053
0 0.438988 0.896382 0.031994 0.057237
0 0.546875 0.889803 0.029762 0.050658
0 0.980097 0.881579 0.030878 0.052632
0 0.251302 0.789803 0.026414 0.050658
0 0.749256 0.739474 0.026786 0.056579
0 0.416853 0.722697 0.032366 0.053289
0 0.731957 0.684539 0.030134 0.053289
0 0.596726 0.644737 0.026786 0.050000
0 0.291853 0.600329 0.026414 0.053289
0 0.689918 0.401316 0.030134 0.053947
0 0.334077 0.332895 0.028274 0.047368
0 0.021763 0.254276 0.043527 0.088816
0 0.094680 0.336513 0.036086 0.070395
0 0.345610 0.167105 0.034226 0.064474
0 0.468192 0.161184 0.030134 0.052632
0 0.695312 0.181908 0.035714 0.053289
0 0.488095 0.112829 0.038690 0.042763
0 0.101376 0.105592 0.024182 0.050658