0 0.153832 0.562500 0.045759 0.057895
0 0.009859 0.145395 0.019717 0.053947
0 0.283110 0.125658 0.042411 0.068421
0 0.494420 0.592105 0.034226 0.068421
0 0.737723 0.744408 0.036458 0.075658
0 0.739211 0.020066 0.041667 0.040132
0 0.768043 0.744737 0.042783 0.073684
0 0.485119 0.849013 0.048363 0.067763
0 0.899926 0.480263 0.035714 0.057895
0 0.907180 0.719079 0.027902 0.067105
0 0.865327 0.803289 0.038690 0.056579
0 0.911644 0.904605 0.033854 0.057895
0 0.936198 0.751974 0.026414 0.052632
0 0.941406 0.288158 0.036086 0.064474
0 0.961496 0.901316 0.027902 0.057895
0 0.305990 0.451316 0.039807 0.050000
0 0.351004 0.411842 0.026414 0.057895
0 0.326451 0.497368 0.027902 0.047368
0 0.190662 0.624013 0.042783 0.071711