0 0.034970 0.503289 0.031994 0.053947
0 0.111607 0.614474 0.036458 0.060526
0 0.158482 0.887171 0.032738 0.054605
0 0.190104 0.562500 0.031994 0.063158
0 0.218006 0.347368 0.036458 0.052632
0 0.266369 0.275987 0.026042 0.053289
0 0.458705 0.542434 0.038690 0.050658
0 0.580915 0.512500 0.034598 0.052632
0 0.626860 0.647697 0.030506 0.057237
0 0.592820 0.754605 0.026414 0.056579
0 0.253720 0.064474 0.032738 0.056579
0 0.521391 0.081579 0.027902 0.052632
0 0.671689 0.279934 0.032366 0.049342
0 0.091332 0.152961 0.020461 0.049342
0 0.038132 0.115461 0.021949 0.046711
0 0.040551 0.258882 0.029762 0.053289
0 0.099702 0.298355 0.038690 0.075658
0 0.755952 0.566118 0.029762 0.053289
0 0.866071 0.584211 0.032738 0.063158
0 0.836310 0.813487 0.031994 0.057237
0 0.979725 0.748684 0.026414 0.064474
0 0.961868 0.312171 0.022693 0.046711