0 0.722656 0.334211 0.047991 0.089474
0 0.465030 0.379276 0.038690 0.086184
0 0.397693 0.674671 0.042411 0.065132
0 0.369048 0.912171 0.031994 0.054605
0 0.294829 0.901974 0.040551 0.057895
0 0.222842 0.594737 0.049851 0.085526
0 0.188244 0.442105 0.032738 0.094737
0 0.153832 0.492434 0.030134 0.105921
0 0.141927 0.566447 0.040551 0.130263
0 0.303385 0.259211 0.042783 0.085526
0 0.782180 0.241118 0.040551 0.075658
0 0.153646 0.174013 0.048363 0.074342
0 0.973772 0.231579 0.042783 0.081579
0 0.939174 0.368092 0.046503 0.082237
0 0.902344 0.418092 0.039807 0.071711
0 0.803943 0.769408 0.034226 0.070395
0 0.880022 0.936842 0.036830 0.057895
0 0.424107 0.435197 0.032738 0.053289
0 0.661458 0.411842 0.032738 0.084211
0 0.542783 0.348684 0.031994 0.057895
0 0.565104 0.740132 0.029762 0.057895
0 0.053199 0.105921 0.032738 0.094737
0 0.305990 0.052632 0.057664 0.105263
0 0.670387 0.030263 0.052083 0.057895
0 0.847842 0.054276 0.034226 0.075658
0 0.941778 0.084539 0.045759 0.065132