0 0.632812 0.974013 0.026786 0.049342
0 0.384859 0.919408 0.026414 0.049342
0 0.815104 0.820724 0.030506 0.054605
0 0.697731 0.764803 0.024926 0.046711
0 0.639323 0.726974 0.024182 0.046053
0 0.636161 0.579934 0.026786 0.042763
0 0.848028 0.536842 0.027902 0.053947
0 0.101190 0.506250 0.030506 0.059868
0 0.489211 0.404276 0.023810 0.049342
0 0.479911 0.364145 0.026786 0.049342
0 0.151972 0.201316 0.030134 0.056579
0 0.100074 0.188487 0.029762 0.053289
0 0.043713 0.162171 0.027902 0.050658
0 0.196801 0.154276 0.030506 0.057237
0 0.428199 0.782895 0.034226 0.052632
0 0.689360 0.619737 0.020089 0.039474
0 0.861979 0.743421 0.032738 0.047368
0 0.868490 0.350987 0.024926 0.053289
0 0.622024 0.235197 0.032738 0.040132
0 0.806362 0.074013 0.024182 0.036184