0 0.731027 0.765789 0.040179 0.081579
0 0.703497 0.658882 0.031994 0.070395
0 0.909412 0.520724 0.042783 0.074342
0 0.695126 0.563487 0.056176 0.095395
0 0.965774 0.299342 0.042411 0.067105
0 0.704427 0.316447 0.039807 0.052632
0 0.734561 0.207237 0.045759 0.064474
0 0.729725 0.156579 0.042783 0.084211
0 0.479539 0.413816 0.047619 0.077632
0 0.393601 0.923684 0.050595 0.088158
0 0.149554 0.604605 0.030506 0.060526
0 0.131696 0.641776 0.026786 0.046711
0 0.151786 0.691447 0.036458 0.064474
0 0.159970 0.297368 0.050595 0.081579
0 0.452939 0.055592 0.039807 0.075658
0 0.515067 0.162171 0.040551 0.082237