0 0.709077 0.312171 0.026042 0.046711
0 0.855655 0.595724 0.036458 0.044079
0 0.726004 0.175000 0.042783 0.064474
0 0.733631 0.116447 0.023810 0.053947
0 0.828311 0.021053 0.042783 0.042105
0 0.605283 0.153289 0.040179 0.053947
0 0.566964 0.387171 0.042411 0.046711
0 0.489583 0.138816 0.053571 0.053947
0 0.308036 0.087171 0.053571 0.042763
0 0.357143 0.217763 0.049851 0.060526
0 0.322731 0.324342 0.046503 0.057895
0 0.286644 0.430921 0.057664 0.064474
0 0.194754 0.121382 0.039807 0.053289
0 0.323661 0.720395 0.034226 0.060526
0 0.294457 0.772039 0.027902 0.071711
0 0.234003 0.790461 0.041667 0.071711
0 0.146019 0.907895 0.039807 0.067105
0 0.033854 0.971382 0.046131 0.057237
0 0.632812 0.876316 0.038690 0.060526
0 0.928571 0.854934 0.036458 0.070395
0 0.963914 0.846382 0.036458 0.070395