0 0.038690 0.319737 0.034226 0.060526
0 0.276414 0.345395 0.032738 0.060526
0 0.321057 0.173355 0.032738 0.075658
0 0.175967 0.570724 0.035714 0.071711
0 0.329613 0.605592 0.034226 0.054605
0 0.104725 0.682566 0.036086 0.053289
0 0.477307 0.523026 0.084077 0.094737
0 0.578497 0.724013 0.052083 0.057237
0 0.587612 0.845395 0.042783 0.063158
0 0.555618 0.961513 0.045759 0.049342
0 0.052827 0.939145 0.046131 0.049342
0 0.609375 0.156250 0.034226 0.046711
0 0.647693 0.150658 0.035714 0.052632
0 0.650670 0.669737 0.032738 0.056579
0 0.012463 0.023684 0.024926 0.047368
0 0.743304 0.484539 0.038690 0.046711
0 0.821243 0.033882 0.042783 0.050658
0 0.908668 0.468092 0.033854 0.053289
0 0.897507 0.620724 0.039807 0.071711