0 0.021205 0.525329 0.038690 0.050658
0 0.143415 0.495395 0.034598 0.052632
0 0.189360 0.630592 0.030506 0.057237
0 0.155320 0.737500 0.026414 0.056579
0 0.083891 0.064474 0.027902 0.052632
0 0.234189 0.262829 0.032366 0.049342
0 0.428571 0.567105 0.032738 0.063158
0 0.398810 0.796382 0.031994 0.057237
0 0.542225 0.731579 0.026414 0.064474
0 0.519531 0.290789 0.027902 0.068421
0 0.559152 0.526974 0.034226 0.068421
0 0.561756 0.582237 0.032738 0.060526
0 0.118490 0.848026 0.044271 0.077632
0 0.768973 0.152303 0.040179 0.046711
0 0.872210 0.043092 0.032366 0.078289
0 0.893415 0.266118 0.026414 0.065132
0 0.956287 0.662829 0.032366 0.059868
0 0.857515 0.718750 0.029762 0.053289
0 0.319568 0.566447 0.038690 0.056579