0 0.435082 0.647039 0.036086 0.078289
0 0.441778 0.816447 0.030878 0.057895
0 0.365513 0.481250 0.038318 0.075658
0 0.463728 0.127632 0.038318 0.067105
0 0.498140 0.075658 0.030506 0.085526
0 0.651972 0.315789 0.039807 0.085526
0 0.832589 0.550000 0.036458 0.092105
0 0.983445 0.495066 0.033110 0.044079
0 0.981399 0.410526 0.031994 0.081579
0 0.967448 0.038816 0.030134 0.063158
0 0.728795 0.120395 0.034226 0.063158
0 0.294457 0.061184 0.047991 0.089474
0 0.226004 0.138816 0.039807 0.085526
0 0.209635 0.819737 0.050223 0.078947
0 0.143415 0.767434 0.042783 0.078289
0 0.128162 0.470724 0.042039 0.071711
0 0.110491 0.086842 0.034226 0.084211