0 0.794457 0.483224 0.038318 0.075658
0 0.892671 0.129605 0.038318 0.067105
0 0.927083 0.077632 0.030506 0.085526
0 0.723400 0.063158 0.047991 0.089474
0 0.654948 0.140789 0.039807 0.085526
0 0.638579 0.821711 0.050223 0.078947
0 0.572359 0.769408 0.042783 0.078289
0 0.557106 0.472697 0.042039 0.071711
0 0.539435 0.088816 0.034226 0.084211
0 0.465774 0.108224 0.038690 0.086184
0 0.416481 0.163816 0.042783 0.089474
0 0.398438 0.403618 0.042411 0.065132
0 0.369792 0.641118 0.031994 0.054605
0 0.295573 0.630921 0.040551 0.057895
0 0.867188 0.658882 0.032738 0.074342
0 0.875930 0.826974 0.040551 0.060526
0 0.223586 0.323684 0.049851 0.085526
0 0.188988 0.171053 0.032738 0.094737
0 0.159040 0.743092 0.033854 0.078289
0 0.154576 0.221382 0.030134 0.105921
0 0.142671 0.295395 0.040551 0.130263