0 0.050967 0.562500 0.030506 0.064474
0 0.200893 0.597039 0.029762 0.044079
0 0.342634 0.515461 0.032738 0.057237
0 0.364211 0.521053 0.030506 0.063158
0 0.451451 0.725658 0.036086 0.060526
0 0.458333 0.835526 0.029762 0.052632
0 0.425409 0.970724 0.026414 0.040132
0 0.521763 0.654605 0.027902 0.042105
0 0.483073 0.140789 0.030878 0.071053
0 0.519531 0.137500 0.027902 0.064474
0 0.192894 0.165461 0.028646 0.070395
0 0.151228 0.331579 0.024182 0.057895
0 0.622024 0.492105 0.029762 0.063158
0 0.772693 0.613816 0.036458 0.060526
0 0.786272 0.466447 0.039807 0.057895
0 0.696987 0.034868 0.042039 0.060526
0 0.938802 0.228289 0.024926 0.063158