0 0.670945 0.840789 0.036086 0.060526
0 0.798735 0.835197 0.028274 0.046711
0 0.880580 0.832237 0.029762 0.050000
0 0.567894 0.805263 0.039807 0.073684
0 0.815662 0.782566 0.036830 0.057237
0 0.607701 0.777303 0.034598 0.054605
0 0.469866 0.900658 0.035714 0.064474
0 0.691220 0.539803 0.049851 0.086184
0 0.669829 0.465461 0.040551 0.080921
0 0.590402 0.377303 0.038690 0.092763
0 0.494606 0.469079 0.044271 0.092105
0 0.408110 0.678289 0.031994 0.100000
0 0.842076 0.554605 0.044271 0.085526
0 0.106399 0.516447 0.040179 0.081579
0 0.078869 0.409539 0.031994 0.070395
0 0.284784 0.271382 0.042783 0.074342
0 0.070499 0.314145 0.056176 0.095395
0 0.341146 0.050000 0.042411 0.067105
0 0.618118 0.044079 0.033854 0.081579