0 0.457403 0.800329 0.027902 0.065132
0 0.461682 0.917434 0.026786 0.050658
0 0.529948 0.736184 0.028646 0.057895
0 0.210379 0.682895 0.045759 0.068421
0 0.777716 0.702961 0.046503 0.074342
0 0.347098 0.600000 0.030506 0.085526
0 0.369048 0.599013 0.026786 0.075658
0 0.626488 0.567763 0.036458 0.057895
0 0.789807 0.550000 0.030506 0.073684
0 0.157180 0.415461 0.030878 0.074342
0 0.058966 0.646053 0.021949 0.078947
0 0.498326 0.217434 0.024182 0.050658
0 0.533854 0.211842 0.035714 0.056579
0 0.199591 0.251974 0.042039 0.071053
0 0.948661 0.310526 0.032738 0.064474