0 0.328311 0.558224 0.046503 0.071711
0 0.158296 0.668421 0.030134 0.067105
0 0.123326 0.672697 0.027902 0.057237
0 0.573289 0.753289 0.028274 0.053947
0 0.653460 0.720066 0.026414 0.054605
0 0.745536 0.712171 0.026786 0.049342
0 0.788318 0.713487 0.022321 0.044079
0 0.924665 0.423026 0.026414 0.036842
0 0.743490 0.053947 0.020461 0.056579
0 0.648065 0.094737 0.016369 0.035526
0 0.579613 0.116447 0.022321 0.036842
0 0.314174 0.064145 0.030134 0.059868
0 0.218192 0.132895 0.024926 0.053947
0 0.048549 0.425000 0.042039 0.071053