0 0.013951 0.496053 0.027902 0.052632
0 0.056548 0.631250 0.030506 0.057237
0 0.022507 0.738158 0.026414 0.056579
0 0.101376 0.263487 0.032366 0.049342
0 0.295759 0.567763 0.032738 0.063158
0 0.265997 0.797039 0.031994 0.057237
0 0.409412 0.732237 0.026414 0.064474
0 0.386719 0.291447 0.027902 0.068421
0 0.426339 0.527632 0.034226 0.068421
0 0.428943 0.582895 0.032738 0.060526
0 0.636161 0.152961 0.040179 0.046711
0 0.739397 0.043750 0.032366 0.078289
0 0.760603 0.266776 0.026414 0.065132
0 0.823475 0.663487 0.032366 0.059868
0 0.724702 0.719408 0.029762 0.053289
0 0.185826 0.553289 0.022693 0.052632
0 0.869420 0.110526 0.031994 0.063158
0 0.873512 0.475987 0.031994 0.074342