0 0.230469 0.231250 0.036830 0.071711
0 0.220982 0.153947 0.034226 0.068421
0 0.326823 0.413816 0.040551 0.084211
0 0.348772 0.195395 0.036086 0.056579
0 0.519159 0.232895 0.039807 0.063158
0 0.615141 0.303618 0.030134 0.042763
0 0.627418 0.625658 0.039807 0.063158
0 0.659598 0.581250 0.032738 0.050658
0 0.614211 0.708224 0.037946 0.059868
0 0.698103 0.743421 0.038318 0.064474
0 0.777344 0.396711 0.045759 0.060526
0 0.777344 0.178618 0.040551 0.075658
0 0.894159 0.577961 0.046503 0.054605
0 0.250372 0.864803 0.028274 0.059868
0 0.869792 0.819079 0.032738 0.063158