0 0.016927 0.710855 0.026414 0.054605
0 0.058966 0.701316 0.038318 0.067105
0 0.085379 0.778618 0.030134 0.065132
0 0.167225 0.701974 0.046503 0.078947
0 0.126116 0.381579 0.053571 0.071053
0 0.233259 0.580263 0.032738 0.060526
0 0.246838 0.619408 0.022693 0.040132
0 0.263207 0.665132 0.026414 0.036842
0 0.349888 0.482895 0.042783 0.060526
0 0.443080 0.534868 0.052083 0.085526
0 0.283296 0.639145 0.042039 0.046711
0 0.315104 0.590461 0.046131 0.075658
0 0.638021 0.535855 0.032738 0.059868
0 0.582031 0.405263 0.038318 0.053947
0 0.705171 0.765789 0.040551 0.067105
0 0.725632 0.666118 0.026414 0.042763
0 0.718378 0.892105 0.036458 0.064474
0 0.754464 0.647039 0.053571 0.116447
0 0.783854 0.390789 0.026786 0.063158
0 0.869420 0.400000 0.034226 0.056579
0 0.762091 0.283882 0.042783 0.065132
0 0.240327 0.272039 0.031994 0.044079
0 0.935082 0.575329 0.046503 0.078289
0 0.329985 0.079605 0.038690 0.063158
0 0.277530 0.092434 0.032738 0.044079
0 0.837798 0.029934 0.053571 0.059868