0 0.023996 0.377632 0.026414 0.052632
0 0.058780 0.404605 0.030506 0.056579
0 0.076451 0.447039 0.032366 0.054605
0 0.142113 0.651974 0.037946 0.060526
0 0.245350 0.916776 0.062128 0.099342
0 0.448103 0.905921 0.038318 0.057895
0 0.449777 0.951316 0.040179 0.056579
0 0.361421 0.621053 0.036830 0.064474
0 0.267485 0.623684 0.055804 0.073684
0 0.188058 0.223684 0.044271 0.060526
0 0.475074 0.351316 0.052083 0.063158
0 0.494978 0.422368 0.054688 0.085526
0 0.687872 0.578618 0.046131 0.070395
0 0.875930 0.596053 0.045759 0.057895
0 0.918527 0.656908 0.049851 0.063816
0 0.727865 0.178947 0.027902 0.053947
0 0.070871 0.058882 0.030134 0.053289
0 0.061570 0.933224 0.026414 0.046711