0 0.540179 0.406579 0.028274 0.047368
0 0.300781 0.410197 0.036086 0.070395
0 0.222470 0.328947 0.071429 0.096053
0 0.303757 0.181250 0.042039 0.080921
0 0.149554 0.208882 0.048363 0.054605
0 0.458705 0.873026 0.049851 0.060526
0 0.500186 0.682566 0.044271 0.070395
0 0.621652 0.801974 0.052083 0.057895
0 0.640997 0.968421 0.052083 0.063158
0 0.753720 0.969408 0.052083 0.061184
0 0.807850 0.728947 0.044271 0.064474
0 0.935826 0.768092 0.046503 0.067763
0 0.956287 0.818092 0.045759 0.054605
0 0.899926 0.480921 0.038690 0.067105
0 0.905692 0.265461 0.059896 0.061184
0 0.696243 0.191118 0.042039 0.053289
0 0.668899 0.242763 0.062500 0.064474
0 0.546131 0.242105 0.058036 0.067105