0 0.390439 0.072039 0.024182 0.074342
0 0.229539 0.024671 0.036458 0.049342
0 0.659040 0.050329 0.039807 0.075658
0 0.778832 0.025658 0.028646 0.051316
0 0.308594 0.127961 0.028646 0.067763
0 0.181920 0.176316 0.032738 0.057895
0 0.789249 0.263158 0.030134 0.064474
0 0.352865 0.394079 0.024926 0.053947
0 0.439360 0.512500 0.030506 0.063158
0 0.126302 0.581579 0.026414 0.052632
0 0.074963 0.742434 0.026414 0.046711
0 0.448475 0.765461 0.026414 0.046711
0 0.696615 0.735526 0.038318 0.068421
0 0.760975 0.704605 0.039807 0.052632
0 0.788504 0.663487 0.027902 0.050658
0 0.496838 0.912500 0.022693 0.050000
0 0.618862 0.843750 0.026414 0.046711
0 0.822173 0.968421 0.032738 0.053947
0 0.302083 0.950000 0.036458 0.053947
0 0.822731 0.156579 0.024926 0.056579
0 0.955357 0.085197 0.030506 0.040132