0 0.936198 0.975329 0.028646 0.046711
0 0.610677 0.880921 0.027902 0.047368
0 0.425223 0.870066 0.026042 0.049342
0 0.657180 0.812171 0.032366 0.053289
0 0.631510 0.785526 0.032366 0.056579
0 0.764509 0.608553 0.034226 0.053947
0 0.380022 0.591776 0.036086 0.046711
0 0.764695 0.573684 0.027902 0.050000
0 0.560268 0.577961 0.047619 0.080921
0 0.458147 0.317105 0.026414 0.043421
0 0.678385 0.286184 0.030134 0.047368
0 0.582961 0.285526 0.035714 0.056579
0 0.395833 0.104934 0.026786 0.044079
0 0.373698 0.065132 0.040551 0.064474
0 0.340960 0.042434 0.039807 0.067763
0 0.789807 0.023026 0.037946 0.046053
0 0.273810 0.448026 0.034226 0.060526
0 0.178385 0.458882 0.022693 0.044079
0 0.304315 0.822039 0.029762 0.053289
0 0.257999 0.910855 0.030878 0.053289
0 0.140439 0.712171 0.018973 0.038816
0 0.813430 0.090461 0.044271 0.070395