0 0.231213 0.032566 0.032366 0.046711
0 0.305432 0.111184 0.030506 0.057895
0 0.384673 0.028289 0.037946 0.056579
0 0.494606 0.084539 0.046503 0.071711
0 0.675967 0.030592 0.038690 0.061184
0 0.770461 0.096382 0.036458 0.065132
0 0.148810 0.060197 0.030506 0.049342
0 0.056734 0.183224 0.022693 0.040132
0 0.056362 0.247039 0.018973 0.044079
0 0.069568 0.260197 0.022321 0.042763
0 0.220052 0.202303 0.028646 0.046711
0 0.478051 0.212171 0.053571 0.078289
0 0.930804 0.196711 0.038690 0.052632
0 0.063058 0.302961 0.024926 0.049342
0 0.809152 0.386842 0.031994 0.052632
0 0.774740 0.431579 0.034598 0.053947
0 0.765439 0.484211 0.027902 0.060526
0 0.848028 0.546053 0.030878 0.057895
0 0.198661 0.509211 0.028274 0.050000
0 0.096726 0.637500 0.029762 0.050000
0 0.129836 0.619079 0.020089 0.039474
0 0.185826 0.601645 0.027902 0.046711
0 0.402158 0.663158 0.036458 0.053947
0 0.022135 0.775658 0.024182 0.047368
0 0.236421 0.802303 0.039807 0.065132
0 0.060454 0.838487 0.026414 0.049342
0 0.101004 0.909211 0.030134 0.053947
0 0.632440 0.926974 0.032738 0.060526
0 0.784412 0.954934 0.036086 0.074342
0 0.920201 0.851974 0.030134 0.064474