0 0.630394 0.927303 0.034598 0.046711
0 0.392857 0.902303 0.029762 0.046711
0 0.628348 0.875000 0.028274 0.052632
0 0.588170 0.639803 0.030506 0.075658
0 0.728237 0.761513 0.042783 0.070395
0 0.501860 0.908553 0.023810 0.050000
0 0.265997 0.972368 0.036458 0.055263
0 0.310082 0.604934 0.036830 0.075658
0 0.219308 0.847697 0.022693 0.074342
0 0.971540 0.613816 0.020461 0.057895
0 0.846354 0.508882 0.031994 0.040132
0 0.944940 0.385526 0.034226 0.064474
0 0.158854 0.427961 0.030506 0.046711
0 0.357701 0.307895 0.024182 0.057895
0 0.523251 0.242434 0.039807 0.046711
0 0.687686 0.202961 0.024182 0.042763
0 0.766927 0.247368 0.024182 0.035526
0 0.095052 0.877632 0.046503 0.064474