0 0.209635 0.171711 0.030134 0.064474
0 0.117001 0.644079 0.038318 0.068421
0 0.181362 0.613158 0.039807 0.052632
0 0.208891 0.572039 0.027902 0.050658
0 0.039249 0.752303 0.026414 0.046711
0 0.242560 0.876974 0.032738 0.053947
0 0.243118 0.065132 0.024926 0.056579
0 0.450707 0.233882 0.024182 0.040132
0 0.484933 0.018750 0.033854 0.037500
0 0.483631 0.895724 0.034226 0.046711
0 0.592262 0.173026 0.034226 0.053947
0 0.612537 0.031579 0.022693 0.046053
0 0.746094 0.454276 0.030878 0.049342
0 0.523810 0.726974 0.035714 0.053947
0 0.854539 0.697368 0.034226 0.050000
0 0.817150 0.707237 0.032366 0.057895
0 0.911830 0.159539 0.029762 0.046711