0 0.862351 0.946711 0.030506 0.060526
0 0.194940 0.772368 0.034226 0.064474
0 0.238839 0.701645 0.034226 0.050658
0 0.429315 0.746053 0.032738 0.050000
0 0.669643 0.755263 0.029762 0.060526
0 0.708519 0.698026 0.040551 0.067105
0 0.937686 0.755921 0.030134 0.050000
0 0.312500 0.676645 0.030506 0.053289
0 0.505580 0.677961 0.031994 0.049342
0 0.082031 0.593092 0.026414 0.049342
0 0.555618 0.564145 0.032366 0.050658
0 0.742374 0.559211 0.044271 0.057895
0 0.803013 0.493421 0.042039 0.052632
0 0.084635 0.373684 0.030878 0.057895
0 0.621094 0.371711 0.028646 0.052632
0 0.715402 0.400329 0.029762 0.044079
0 0.448847 0.342434 0.026414 0.046711
0 0.971168 0.352303 0.024182 0.046711
0 0.268973 0.175000 0.034226 0.057895
0 0.348958 0.111184 0.034226 0.060526
0 0.652902 0.049671 0.029762 0.053289
0 0.688058 0.025329 0.034598 0.050658