0 0.341704 0.660855 0.026414 0.054605
0 0.383743 0.651316 0.038318 0.067105
0 0.410156 0.728618 0.030134 0.065132
0 0.492001 0.651974 0.046503 0.078947
0 0.450893 0.331579 0.053571 0.071053
0 0.558036 0.530263 0.032738 0.060526
0 0.571615 0.569408 0.022693 0.040132
0 0.408482 0.968750 0.035714 0.046711
0 0.616071 0.581579 0.036458 0.056579
0 0.643601 0.531908 0.030506 0.061184
0 0.587984 0.615132 0.026414 0.036842
0 0.601935 0.041447 0.037946 0.064474
0 0.650670 0.032237 0.040179 0.064474
0 0.565476 0.216447 0.031994 0.056579
0 0.674665 0.432895 0.042783 0.060526
0 0.767857 0.484868 0.052083 0.085526
0 0.205915 0.649342 0.026414 0.056579
0 0.905506 0.349671 0.040179 0.071711
0 0.963170 0.477961 0.035714 0.080921
0 0.035528 0.793750 0.027902 0.044079