0 0.124256 0.507237 0.031994 0.053947
0 0.200893 0.618421 0.036458 0.060526
0 0.076265 0.673684 0.038690 0.060526
0 0.247768 0.891118 0.032738 0.054605
0 0.279390 0.566447 0.031994 0.063158
0 0.307292 0.351316 0.036458 0.052632
0 0.355655 0.279934 0.026042 0.053289
0 0.547991 0.546382 0.038690 0.050658
0 0.670201 0.516447 0.034598 0.052632
0 0.716146 0.651645 0.030506 0.057237
0 0.682106 0.758553 0.026414 0.056579
0 0.343006 0.068421 0.032738 0.056579
0 0.610677 0.085526 0.027902 0.052632
0 0.760975 0.283882 0.032366 0.049342
0 0.180618 0.156908 0.020461 0.049342
0 0.127418 0.119408 0.021949 0.046711
0 0.129836 0.262829 0.029762 0.053289
0 0.188988 0.302303 0.038690 0.075658
0 0.845238 0.570066 0.029762 0.053289
0 0.955357 0.588158 0.032738 0.063158
0 0.925595 0.817434 0.031994 0.057237