0 0.196801 0.857566 0.030506 0.053289
0 0.585193 0.847039 0.035714 0.063816
0 0.117188 0.793750 0.023810 0.044079
0 0.181734 0.769408 0.030134 0.049342
0 0.751302 0.715461 0.033854 0.061184
0 0.445312 0.582237 0.031994 0.056579
0 0.635231 0.535855 0.040551 0.074342
0 0.356957 0.512171 0.042039 0.074342
0 0.186570 0.497039 0.032366 0.063816
0 0.694382 0.482566 0.036086 0.054605
0 0.175223 0.425987 0.030506 0.053289
0 0.667597 0.419408 0.036086 0.061184
0 0.545201 0.413158 0.034598 0.057895
0 0.223214 0.373684 0.036458 0.053947
0 0.514323 0.376645 0.042783 0.074342
0 0.469680 0.368750 0.046503 0.084868
0 0.518043 0.258553 0.033854 0.053947
0 0.143787 0.257237 0.030134 0.050000
0 0.165923 0.217434 0.026786 0.049342
0 0.231399 0.200987 0.030506 0.050658
0 0.834263 0.180921 0.036830 0.063158
0 0.870164 0.165461 0.031994 0.057237
0 0.904948 0.037829 0.030134 0.050658
0 0.617932 0.890789 0.046131 0.084211
0 0.641927 0.932895 0.030134 0.064474