0 0.793713 0.522697 0.038318 0.075658
0 0.891927 0.169079 0.038318 0.067105
0 0.926339 0.117105 0.030506 0.085526
0 0.722656 0.102632 0.047991 0.089474
0 0.654204 0.180263 0.039807 0.085526
0 0.637835 0.861184 0.050223 0.078947
0 0.571615 0.808882 0.042783 0.078289
0 0.556362 0.512171 0.042039 0.071711
0 0.538690 0.128289 0.034226 0.084211
0 0.465030 0.147697 0.038690 0.086184
0 0.415737 0.203289 0.042783 0.089474
0 0.397693 0.443092 0.042411 0.065132
0 0.369048 0.680592 0.031994 0.054605
0 0.294829 0.670395 0.040551 0.057895
0 0.866443 0.698355 0.032738 0.074342
0 0.875186 0.866447 0.040551 0.060526
0 0.222842 0.363158 0.049851 0.085526
0 0.188244 0.210526 0.032738 0.094737
0 0.158296 0.782566 0.033854 0.078289
0 0.153832 0.260855 0.030134 0.105921
0 0.141927 0.334868 0.040551 0.130263