0 0.035528 0.886184 0.038318 0.057895
0 0.037202 0.931579 0.040179 0.056579
0 0.062500 0.331579 0.052083 0.063158
0 0.082403 0.402632 0.054688 0.085526
0 0.275298 0.558882 0.046131 0.070395
0 0.463356 0.576316 0.045759 0.057895
0 0.505952 0.637171 0.049851 0.063816
0 0.315290 0.159211 0.027902 0.053947
0 0.592634 0.139474 0.042411 0.068421
0 0.624070 0.458224 0.032366 0.063816
0 0.640811 0.505592 0.020461 0.046711
0 0.667597 0.423684 0.033854 0.042105
0 0.752232 0.022368 0.036458 0.044737
0 0.784598 0.859539 0.046131 0.075658
0 0.803943 0.605921 0.034226 0.068421