0 0.827753 0.939803 0.030506 0.050658
0 0.214100 0.913487 0.027902 0.063816
0 0.903274 0.888816 0.024554 0.047368
0 0.284970 0.849671 0.026786 0.049342
0 0.117374 0.849342 0.027902 0.047368
0 0.090030 0.847039 0.024554 0.050658
0 0.255766 0.830263 0.030134 0.056579
0 0.342262 0.741447 0.024554 0.046053
0 0.441220 0.682566 0.031994 0.057237
0 0.549107 0.675987 0.029762 0.050658
0 0.982329 0.667763 0.030878 0.052632
0 0.253534 0.575987 0.026414 0.050658
0 0.751488 0.525658 0.026786 0.056579
0 0.419085 0.508882 0.032366 0.053289
0 0.734189 0.470724 0.030134 0.053289
0 0.598958 0.430921 0.026786 0.050000
0 0.294085 0.386513 0.026414 0.053289
0 0.692150 0.187500 0.030134 0.053947
0 0.336310 0.119079 0.028274 0.047368
0 0.023438 0.042434 0.044643 0.084868
0 0.096912 0.122697 0.036086 0.070395