0 0.162574 0.069408 0.029762 0.067763
0 0.121094 0.232237 0.036830 0.057895
0 0.020833 0.464145 0.035714 0.080921
0 0.166109 0.504934 0.040551 0.067763
0 0.306176 0.412500 0.032738 0.056579
0 0.323661 0.415132 0.026042 0.052632
0 0.415179 0.615461 0.041667 0.071711
0 0.485677 0.550987 0.026414 0.054605
0 0.586310 0.386184 0.023810 0.035526
0 0.739025 0.504934 0.028646 0.057237
0 0.752604 0.357566 0.020833 0.046711
0 0.907924 0.116776 0.022693 0.038816
0 0.985863 0.082566 0.028274 0.040132
0 0.491071 0.028618 0.036458 0.057237
0 0.448475 0.036184 0.042783 0.060526
0 0.421689 0.726316 0.033854 0.064474
0 0.387091 0.874671 0.040551 0.074342