0 0.580915 0.642434 0.036086 0.078289
0 0.587612 0.811842 0.030878 0.057895
0 0.511347 0.476645 0.038318 0.075658
0 0.609561 0.123026 0.038318 0.067105
0 0.643973 0.071053 0.030506 0.085526
0 0.797805 0.311184 0.039807 0.085526
0 0.978423 0.545395 0.036458 0.092105
0 0.874628 0.115789 0.034226 0.063158
0 0.440290 0.056579 0.047991 0.089474
0 0.371838 0.134211 0.039807 0.085526
0 0.355469 0.815132 0.050223 0.078947
0 0.289249 0.762829 0.042783 0.078289
0 0.273996 0.466118 0.042039 0.071711
0 0.256324 0.082237 0.034226 0.084211
0 0.182664 0.101645 0.038690 0.086184
0 0.133371 0.157237 0.042783 0.089474
0 0.115327 0.397039 0.042411 0.065132
0 0.086682 0.634539 0.031994 0.054605