0 0.273624 0.930592 0.036830 0.065132
0 0.015625 0.919079 0.026786 0.046053
0 0.098772 0.833882 0.026414 0.046711
0 0.563802 0.824342 0.024182 0.043421
0 0.289249 0.806908 0.034598 0.057237
0 0.025298 0.757895 0.023810 0.042105
0 0.467820 0.751645 0.027902 0.053289
0 0.180060 0.740789 0.030506 0.060526
0 0.298177 0.707895 0.030134 0.046053
0 0.172433 0.673355 0.027902 0.049342
0 0.129836 0.594079 0.029762 0.043421
0 0.313244 0.375000 0.036458 0.057895
0 0.480097 0.339474 0.042783 0.071053
0 0.361793 0.290132 0.042783 0.053947
0 0.667969 0.348026 0.040551 0.057895
0 0.684896 0.257895 0.031994 0.063158
0 0.714658 0.285197 0.036458 0.070395
0 0.198661 0.189474 0.037946 0.057895
0 0.436942 0.063487 0.042783 0.059868
0 0.728609 0.712171 0.042783 0.071711
0 0.728981 0.923026 0.034598 0.071053
0 0.814174 0.084539 0.036086 0.057237
0 0.812686 0.047697 0.030134 0.057237
0 0.906808 0.502632 0.040551 0.057895
0 0.618676 0.051316 0.049851 0.084211