0 0.459635 0.645066 0.036086 0.078289
0 0.466332 0.814474 0.030878 0.057895
0 0.390067 0.479276 0.038318 0.075658
0 0.488281 0.125658 0.038318 0.067105
0 0.522693 0.073684 0.030506 0.085526
0 0.676525 0.313816 0.039807 0.085526
0 0.857143 0.548026 0.036458 0.092105
0 0.988467 0.036842 0.023065 0.063158
0 0.753348 0.118421 0.034226 0.063158
0 0.319010 0.059211 0.047991 0.089474
0 0.250558 0.136842 0.039807 0.085526
0 0.234189 0.817763 0.050223 0.078947
0 0.167969 0.765461 0.042783 0.078289
0 0.152716 0.468750 0.042039 0.071711
0 0.135045 0.084868 0.034226 0.084211