0 0.216704 0.821053 0.045759 0.078947
0 0.471354 0.576316 0.050595 0.085526
0 0.541109 0.780921 0.024182 0.047368
0 0.569940 0.802961 0.029762 0.044079
0 0.521949 0.879605 0.023810 0.052632
0 0.336682 0.865789 0.034226 0.060526
0 0.172619 0.906908 0.023810 0.046711
0 0.187128 0.446382 0.029762 0.053289
0 0.291481 0.594079 0.022693 0.052632
0 0.369234 0.317763 0.028646 0.053947
0 0.494048 0.282895 0.036458 0.060526
0 0.588728 0.285197 0.030134 0.053289
0 0.674665 0.570724 0.033854 0.049342
0 0.675037 0.606908 0.038318 0.046711
0 0.850074 0.971711 0.032738 0.056579
0 0.917225 0.237829 0.038318 0.074342
0 0.724516 0.083224 0.056176 0.091447
0 0.700521 0.018421 0.032738 0.036842
0 0.308966 0.106579 0.030134 0.064474
0 0.286086 0.066447 0.036458 0.063158
0 0.254278 0.038816 0.028646 0.056579
0 0.094494 0.463487 0.020089 0.050658
0 0.055432 0.714803 0.017857 0.038816