0 0.179874 0.565132 0.045759 0.057895
0 0.222470 0.625987 0.049851 0.063816
0 0.031808 0.148026 0.027902 0.053947
0 0.309152 0.128289 0.042411 0.068421
0 0.340588 0.447039 0.032366 0.063816
0 0.357329 0.494408 0.020461 0.046711
0 0.384115 0.412500 0.033854 0.042105
0 0.520461 0.594737 0.034226 0.068421
0 0.763765 0.747039 0.036458 0.075658
0 0.765253 0.021382 0.041667 0.042763
0 0.794085 0.747368 0.042783 0.073684
0 0.511161 0.851645 0.048363 0.067763
0 0.925967 0.482895 0.035714 0.057895
0 0.933222 0.721711 0.027902 0.067105
0 0.891369 0.805921 0.038690 0.056579
0 0.937686 0.907237 0.033854 0.057895
0 0.962240 0.754605 0.026414 0.052632
0 0.967448 0.290789 0.036086 0.064474
0 0.986793 0.903947 0.026414 0.057895