0 0.201265 0.509868 0.031994 0.053947
0 0.277902 0.621053 0.036458 0.060526
0 0.153274 0.676316 0.038690 0.060526
0 0.324777 0.893750 0.032738 0.054605
0 0.356399 0.569079 0.031994 0.063158
0 0.384301 0.353947 0.036458 0.052632
0 0.432664 0.282566 0.026042 0.053289
0 0.625000 0.549013 0.038690 0.050658
0 0.747210 0.519079 0.034598 0.052632
0 0.793155 0.654276 0.030506 0.057237
0 0.759115 0.761184 0.026414 0.056579
0 0.420015 0.071053 0.032738 0.056579
0 0.687686 0.088158 0.027902 0.052632
0 0.837984 0.286513 0.032366 0.049342
0 0.257626 0.159539 0.020461 0.049342
0 0.204427 0.122039 0.021949 0.046711
0 0.206845 0.265461 0.029762 0.053289
0 0.265997 0.304934 0.038690 0.075658
0 0.922247 0.572697 0.029762 0.053289