0 0.558222 0.604934 0.026414 0.054605
0 0.600260 0.595395 0.038318 0.067105
0 0.626674 0.672697 0.030134 0.065132
0 0.708519 0.596053 0.046503 0.078947
0 0.667411 0.275658 0.053571 0.071053
0 0.774554 0.474342 0.032738 0.060526
0 0.788132 0.513487 0.022693 0.040132
0 0.625000 0.912829 0.035714 0.046711
0 0.832589 0.525658 0.036458 0.056579
0 0.860119 0.475987 0.030506 0.061184
0 0.804501 0.559211 0.026414 0.036842
0 0.781994 0.160526 0.031994 0.056579
0 0.891183 0.376974 0.042783 0.060526
0 0.979167 0.428947 0.041667 0.085526
0 0.422433 0.593421 0.026414 0.056579
0 0.252046 0.737829 0.027902 0.044079
0 0.198475 0.805592 0.036086 0.050658
0 0.171317 0.651316 0.038318 0.053947
0 0.073475 0.618421 0.026414 0.053947
0 0.102493 0.300329 0.047991 0.075658
0 0.140253 0.271382 0.032738 0.050658
0 0.018043 0.815461 0.026414 0.046711
0 0.160900 0.950987 0.038318 0.054605