0 0.665179 0.483224 0.026042 0.046711
0 0.811756 0.766776 0.036458 0.044079
0 0.978981 0.459539 0.030878 0.053289
0 0.682106 0.346053 0.042783 0.064474
0 0.689732 0.287500 0.023810 0.053947
0 0.650484 0.056579 0.026414 0.057895
0 0.784412 0.179605 0.042783 0.067105
0 0.561384 0.324342 0.040179 0.053947
0 0.523065 0.558224 0.042411 0.046711
0 0.445685 0.309868 0.053571 0.053947
0 0.360491 0.018750 0.054315 0.037500
0 0.264137 0.258224 0.053571 0.042763
0 0.313244 0.388816 0.049851 0.060526
0 0.278832 0.495395 0.046503 0.057895
0 0.242746 0.601974 0.057664 0.064474
0 0.150856 0.292434 0.039807 0.053289
0 0.279762 0.891447 0.034226 0.060526
0 0.250558 0.943092 0.027902 0.071711
0 0.190104 0.961513 0.041667 0.071711