0 0.917969 0.890789 0.027902 0.047368
0 0.732515 0.879934 0.026042 0.049342
0 0.964472 0.822039 0.032366 0.053289
0 0.938802 0.795395 0.032366 0.056579
0 0.687314 0.601645 0.036086 0.046711
0 0.867560 0.587829 0.047619 0.080921
0 0.765439 0.326974 0.026414 0.043421
0 0.985305 0.296053 0.029390 0.047368
0 0.890253 0.295395 0.035714 0.056579
0 0.703125 0.114803 0.026786 0.044079
0 0.680990 0.075000 0.040551 0.064474
0 0.648251 0.052303 0.039807 0.067763
0 0.581101 0.457895 0.034226 0.060526
0 0.485677 0.468750 0.022693 0.044079
0 0.611607 0.831908 0.029762 0.053289
0 0.565290 0.920724 0.030878 0.053289
0 0.447731 0.722039 0.018973 0.038816