0 0.338356 0.977303 0.028646 0.045395
0 0.626116 0.940132 0.030506 0.053947
0 0.777344 0.813487 0.033854 0.061184
0 0.387277 0.655921 0.035714 0.064474
0 0.111049 0.641776 0.032366 0.057237
0 0.929874 0.631579 0.036086 0.057895
0 0.788876 0.596711 0.036086 0.052632
0 0.390811 0.579276 0.036830 0.065132
0 0.894159 0.529605 0.033854 0.053947
0 0.205915 0.454934 0.034598 0.061184
0 0.521019 0.413158 0.030878 0.050000
0 0.709449 0.319737 0.031994 0.056579
0 0.156250 0.286842 0.034226 0.060526
0 0.281064 0.276974 0.030134 0.052632
0 0.363653 0.270066 0.032366 0.057237
0 0.058594 0.254605 0.030878 0.071053
0 0.529018 0.246382 0.032738 0.053289
0 0.302083 0.221711 0.029762 0.064474
0 0.093936 0.229934 0.027902 0.070395