0 0.540737 0.477303 0.038318 0.075658
0 0.638951 0.123684 0.038318 0.067105
0 0.673363 0.071711 0.030506 0.085526
0 0.827195 0.311842 0.039807 0.085526
0 0.904018 0.116447 0.034226 0.063158
0 0.469680 0.057237 0.047991 0.089474
0 0.401228 0.134868 0.039807 0.085526
0 0.384859 0.815789 0.050223 0.078947
0 0.318638 0.763487 0.042783 0.078289
0 0.303385 0.466776 0.042039 0.071711
0 0.285714 0.082895 0.034226 0.084211
0 0.212054 0.102303 0.038690 0.086184
0 0.162760 0.157895 0.042783 0.089474
0 0.144717 0.397697 0.042411 0.065132
0 0.116071 0.635197 0.031994 0.054605
0 0.041853 0.625000 0.040551 0.057895
0 0.613467 0.652961 0.032738 0.074342
0 0.622210 0.821053 0.040551 0.060526