0 0.235677 0.550329 0.046503 0.071711
0 0.065662 0.660526 0.030134 0.067105
0 0.030692 0.664803 0.027902 0.057237
0 0.480655 0.745395 0.028274 0.053947
0 0.560826 0.712171 0.026414 0.054605
0 0.652902 0.704276 0.026786 0.049342
0 0.695685 0.705592 0.022321 0.044079
0 0.832031 0.415132 0.026414 0.036842
0 0.922247 0.364474 0.020833 0.056579
0 0.970238 0.508553 0.026042 0.052632
0 0.650856 0.046053 0.020461 0.056579
0 0.555432 0.086842 0.016369 0.035526
0 0.486979 0.108553 0.022321 0.036842
0 0.221540 0.056250 0.030134 0.059868
0 0.125558 0.125000 0.024926 0.053947
0 0.323103 0.981908 0.027902 0.036184