0 0.676153 0.563816 0.040551 0.057895
0 0.647693 0.525329 0.036458 0.046711
0 0.652158 0.405921 0.035714 0.053947
0 0.601376 0.518750 0.026414 0.067763
0 0.563058 0.031250 0.022693 0.049342
0 0.492932 0.665132 0.032738 0.052632
0 0.371838 0.359539 0.040551 0.046711
0 0.361979 0.533224 0.036458 0.044079
0 0.304874 0.373026 0.042783 0.067105
0 0.280692 0.414474 0.042783 0.052632
0 0.311570 0.571053 0.036830 0.057895
0 0.321615 0.643750 0.030134 0.070395
0 0.805990 0.575987 0.024926 0.046711
0 0.829241 0.643750 0.032738 0.061184
0 0.773624 0.691776 0.030878 0.042763
0 0.582217 0.740789 0.032738 0.057895
0 0.970982 0.336842 0.038690 0.052632
0 0.119792 0.126974 0.029762 0.053947
0 0.319568 0.926974 0.031994 0.064474
0 0.252418 0.947039 0.033854 0.046711