0 0.210751 0.979605 0.027902 0.040789
0 0.899926 0.966447 0.024554 0.047368
0 0.281622 0.927303 0.026786 0.049342
0 0.114025 0.926974 0.027902 0.047368
0 0.086682 0.924671 0.024554 0.050658
0 0.252418 0.907895 0.030134 0.056579
0 0.338914 0.819079 0.024554 0.046053
0 0.437872 0.760197 0.031994 0.057237
0 0.545759 0.753618 0.029762 0.050658
0 0.978981 0.745395 0.030878 0.052632
0 0.250186 0.653618 0.026414 0.050658
0 0.748140 0.603289 0.026786 0.056579
0 0.415737 0.586513 0.032366 0.053289
0 0.730841 0.548355 0.030134 0.053289
0 0.595610 0.508553 0.026786 0.050000
0 0.290737 0.464145 0.026414 0.053289
0 0.688802 0.265132 0.030134 0.053947
0 0.332961 0.196711 0.028274 0.047368
0 0.021205 0.118092 0.042411 0.088816
0 0.093564 0.200329 0.036086 0.070395
0 0.344494 0.031579 0.034226 0.063158
0 0.467076 0.025658 0.030134 0.051316
0 0.694196 0.045724 0.035714 0.053289