0 0.653460 0.041447 0.024182 0.060526
0 0.263579 0.055263 0.026414 0.057895
0 0.272879 0.100658 0.026414 0.060526
0 0.417969 0.274342 0.024926 0.067105
0 0.469122 0.315461 0.024554 0.063816
0 0.630208 0.227632 0.029762 0.094737
0 0.902344 0.245724 0.024926 0.070395
0 0.644531 0.437829 0.024182 0.070395
0 0.478981 0.456250 0.026414 0.070395
0 0.419457 0.423684 0.022693 0.056579
0 0.212984 0.476974 0.026414 0.063158
0 0.594494 0.510197 0.028274 0.074342
0 0.569382 0.724671 0.024182 0.074342
0 0.408482 0.666776 0.036458 0.070395
0 0.165365 0.612500 0.024926 0.057895
0 0.837984 0.702961 0.039807 0.075658
0 0.957775 0.675000 0.028646 0.057895
0 0.487537 0.780592 0.028646 0.067763
0 0.360863 0.828947 0.032738 0.057895
0 0.968192 0.915789 0.030134 0.064474