0 0.037946 0.555592 0.046131 0.070395
0 0.226004 0.573026 0.045759 0.057895
0 0.268601 0.633882 0.049851 0.063816
0 0.077939 0.155921 0.027902 0.053947
0 0.355283 0.136184 0.042411 0.068421
0 0.386719 0.454934 0.032366 0.063816
0 0.403460 0.502303 0.020461 0.046711
0 0.430246 0.420395 0.033854 0.042105
0 0.514881 0.020724 0.036458 0.041447
0 0.566592 0.602632 0.034226 0.068421
0 0.809896 0.754934 0.036458 0.075658
0 0.811384 0.025329 0.041667 0.050658
0 0.840216 0.755263 0.042783 0.073684
0 0.557292 0.859539 0.048363 0.067763
0 0.972098 0.490789 0.035714 0.057895
0 0.979353 0.729605 0.027902 0.067105
0 0.937500 0.813816 0.038690 0.056579
0 0.983445 0.915132 0.033110 0.057895