0 0.197545 0.822039 0.030506 0.053289
0 0.585938 0.811513 0.035714 0.063816
0 0.117932 0.758224 0.023810 0.044079
0 0.182478 0.733882 0.030134 0.049342
0 0.752046 0.679934 0.033854 0.061184
0 0.446057 0.546711 0.031994 0.056579
0 0.635975 0.500329 0.040551 0.074342
0 0.357701 0.476645 0.042039 0.074342
0 0.187314 0.461513 0.032366 0.063816
0 0.695126 0.447039 0.036086 0.054605
0 0.175967 0.390461 0.030506 0.053289
0 0.668341 0.383882 0.036086 0.061184
0 0.545945 0.377632 0.034598 0.057895
0 0.223958 0.338158 0.036458 0.053947
0 0.515067 0.341118 0.042783 0.074342
0 0.470424 0.333224 0.046503 0.084868
0 0.518787 0.223026 0.033854 0.053947
0 0.144531 0.221711 0.030134 0.050000
0 0.166667 0.181908 0.026786 0.049342
0 0.232143 0.165461 0.030506 0.050658
0 0.835007 0.145395 0.036830 0.063158
0 0.870908 0.129934 0.031994 0.057237
0 0.618676 0.855263 0.046131 0.084211
0 0.642671 0.897368 0.030134 0.064474