0 0.097842 0.535855 0.038690 0.050658
0 0.220052 0.505921 0.034598 0.052632
0 0.265997 0.641118 0.030506 0.057237
0 0.231957 0.748026 0.026414 0.056579
0 0.160528 0.075000 0.027902 0.052632
0 0.310826 0.273355 0.032366 0.049342
0 0.395089 0.559539 0.029762 0.053289
0 0.505208 0.577632 0.032738 0.063158
0 0.475446 0.806908 0.031994 0.057237
0 0.618862 0.742105 0.026414 0.064474
0 0.596168 0.301316 0.027902 0.068421
0 0.635789 0.537500 0.034226 0.068421
0 0.638393 0.592763 0.032738 0.060526
0 0.730469 0.439474 0.040551 0.073684
0 0.195126 0.858553 0.044271 0.077632
0 0.845610 0.162829 0.040179 0.046711
0 0.933594 0.722697 0.030134 0.053289
0 0.948847 0.053618 0.032366 0.078289
0 0.970052 0.276645 0.026414 0.065132