0 0.162760 0.404934 0.026414 0.054605
0 0.204799 0.395395 0.038318 0.067105
0 0.231213 0.472697 0.030134 0.065132
0 0.313058 0.396053 0.046503 0.078947
0 0.271949 0.075658 0.053571 0.071053
0 0.379092 0.274342 0.032738 0.060526
0 0.392671 0.313487 0.022693 0.040132
0 0.229539 0.712829 0.035714 0.046711
0 0.409040 0.359211 0.026414 0.036842
0 0.495722 0.176974 0.042783 0.060526
0 0.588914 0.228947 0.052083 0.085526
0 0.026972 0.393421 0.026414 0.056579
0 0.429129 0.333224 0.042039 0.046711
0 0.460938 0.284539 0.046131 0.075658
0 0.783854 0.229934 0.032738 0.059868
0 0.727865 0.099342 0.038318 0.053947
0 0.851004 0.459868 0.040551 0.067105
0 0.871466 0.360197 0.026414 0.042763
0 0.864211 0.586184 0.036458 0.064474
0 0.845796 0.704934 0.042039 0.070395
0 0.701823 0.948026 0.042039 0.064474
0 0.575149 0.978618 0.053571 0.042763
0 0.900298 0.341118 0.053571 0.116447