0 0.745908 0.025329 0.036458 0.050658
0 0.776228 0.025000 0.042783 0.050000
0 0.493304 0.117434 0.048363 0.067763
0 0.873512 0.071711 0.038690 0.056579
0 0.919829 0.173026 0.033854 0.057895
0 0.944382 0.023355 0.026414 0.046711
0 0.969680 0.169737 0.027902 0.057895
0 0.883371 0.365461 0.042039 0.063816
0 0.772135 0.476974 0.039807 0.063158
0 0.236979 0.471053 0.032738 0.060526
0 0.203869 0.490789 0.035714 0.057895
0 0.171317 0.817763 0.032366 0.057895
0 0.262463 0.851974 0.042783 0.036842
0 0.524554 0.801316 0.032738 0.052632
0 0.661272 0.803289 0.056176 0.071053
0 0.702381 0.792105 0.036458 0.057895
0 0.814360 0.803289 0.047619 0.081579
0 0.881510 0.675987 0.039807 0.053289
0 0.895461 0.702303 0.040179 0.042763
0 0.902158 0.760197 0.034226 0.065132
0 0.926711 0.727961 0.020089 0.042763
0 0.959635 0.681250 0.042783 0.046711
0 0.730097 0.868092 0.030134 0.049342
0 0.355097 0.939803 0.040551 0.074342