0 0.237351 0.935855 0.034226 0.050658
0 0.427827 0.977632 0.032738 0.044737
0 0.668155 0.979605 0.029762 0.040789
0 0.707031 0.932237 0.040551 0.067105
0 0.936198 0.982566 0.030134 0.034868
0 0.311012 0.910855 0.030506 0.053289
0 0.504092 0.912171 0.031994 0.049342
0 0.080543 0.827303 0.026414 0.049342
0 0.554129 0.798355 0.032366 0.050658
0 0.740885 0.793421 0.044271 0.057895
0 0.801525 0.727632 0.042039 0.052632
0 0.083147 0.607895 0.030878 0.057895
0 0.619606 0.605921 0.028646 0.052632
0 0.713914 0.634539 0.029762 0.044079
0 0.447359 0.576645 0.026414 0.046711
0 0.969680 0.586513 0.024182 0.046711
0 0.267485 0.409211 0.034226 0.057895
0 0.347470 0.345395 0.034226 0.060526
0 0.651414 0.283882 0.029762 0.053289
0 0.686570 0.256579 0.034598 0.056579
0 0.026600 0.263816 0.030134 0.056579
0 0.047619 0.172039 0.017857 0.033553
0 0.072731 0.194737 0.028646 0.052632