0 0.624256 0.950987 0.034226 0.061184
0 0.318266 0.817763 0.030878 0.053947
0 0.507812 0.771382 0.030506 0.054605
0 0.230469 0.747697 0.030878 0.054605
0 0.059524 0.732566 0.031994 0.059868
0 0.567336 0.718421 0.035714 0.053947
0 0.049293 0.662171 0.028646 0.050658
0 0.540365 0.654934 0.034598 0.059868
0 0.418155 0.649013 0.034226 0.059868
0 0.386905 0.611842 0.032738 0.056579
0 0.097098 0.608882 0.035714 0.053289
0 0.341704 0.605263 0.036086 0.067105
0 0.017671 0.493092 0.028646 0.049342
0 0.390811 0.494408 0.033854 0.054605
0 0.039621 0.453618 0.026414 0.046711
0 0.105469 0.437829 0.030134 0.050658
0 0.707961 0.414474 0.036458 0.063158
0 0.742932 0.398026 0.031994 0.057895
0 0.779018 0.270395 0.031994 0.053947
0 0.913504 0.153618 0.036086 0.059868
0 0.301153 0.118421 0.032366 0.056579
0 0.714286 0.026316 0.034226 0.052632
0 0.081659 0.029934 0.040551 0.059868
0 0.976004 0.214474 0.042039 0.088158
0 0.933594 0.568421 0.039807 0.067105