0 0.017113 0.494079 0.030506 0.064474
0 0.308780 0.447039 0.032738 0.057237
0 0.330357 0.452632 0.030506 0.063158
0 0.417597 0.657237 0.036086 0.060526
0 0.424479 0.767105 0.029762 0.052632
0 0.391555 0.902303 0.026414 0.040132
0 0.487909 0.586184 0.027902 0.042105
0 0.449219 0.072368 0.030878 0.071053
0 0.485677 0.069079 0.027902 0.064474
0 0.159040 0.097039 0.028646 0.070395
0 0.117374 0.263158 0.024182 0.057895
0 0.588170 0.423684 0.029762 0.063158
0 0.738839 0.545395 0.036458 0.060526
0 0.752418 0.398026 0.039807 0.057895
0 0.904948 0.159868 0.024926 0.063158
0 0.171503 0.547697 0.036458 0.067763