0 0.298177 0.210197 0.020461 0.074342
0 0.610677 0.152961 0.030134 0.071711
0 0.641927 0.098355 0.030134 0.078289
0 0.345238 0.360855 0.030506 0.088816
0 0.465030 0.292105 0.032738 0.064474
0 0.603237 0.512829 0.026414 0.065132
0 0.671875 0.411184 0.034226 0.060526
0 0.909598 0.436842 0.032738 0.060526
0 0.954241 0.264803 0.032738 0.075658
0 0.264323 0.669408 0.028646 0.057237
0 0.507254 0.573355 0.033854 0.067763
0 0.589658 0.671382 0.029762 0.050658
0 0.809152 0.662171 0.035714 0.071711
0 0.962798 0.697039 0.034226 0.054605
0 0.510789 0.756908 0.028274 0.057237
0 0.737909 0.774013 0.036086 0.053289
0 0.228795 0.759211 0.030506 0.064474
0 0.204799 0.920066 0.027902 0.046711