0 0.207589 0.645395 0.036458 0.063158
0 0.391183 0.516118 0.026414 0.044079
0 0.515997 0.484211 0.035714 0.057895
0 0.937314 0.443092 0.042039 0.067763
0 0.328869 0.303289 0.026786 0.046053
0 0.746838 0.287171 0.047991 0.074342
0 0.305990 0.263158 0.040551 0.067105
0 0.273624 0.237500 0.039807 0.060526
0 0.722842 0.214145 0.031994 0.049342
0 0.497768 0.775329 0.053571 0.082237
0 0.564360 0.973026 0.032738 0.053947
0 0.310082 0.792105 0.038318 0.064474
0 0.111049 0.652961 0.030134 0.044079
0 0.072731 0.905592 0.030134 0.042763
0 0.699405 0.808553 0.037946 0.057895
0 0.699405 0.772368 0.030506 0.064474
0 0.612165 0.483553 0.042783 0.057895
0 0.435640 0.092434 0.042411 0.057237
0 0.976190 0.050000 0.035714 0.067105