0 0.490885 0.025000 0.026414 0.050000
0 0.224888 0.035526 0.026414 0.063158
0 0.606399 0.068750 0.028274 0.074342
0 0.581287 0.283224 0.024182 0.074342
0 0.420387 0.225329 0.036458 0.070395
0 0.177269 0.171053 0.024926 0.057895
0 0.849888 0.261513 0.039807 0.075658
0 0.969680 0.233553 0.028646 0.057895
0 0.499442 0.339145 0.028646 0.067763
0 0.372768 0.387500 0.032738 0.057895
0 0.980097 0.474342 0.030134 0.064474
0 0.543713 0.605263 0.024926 0.053947
0 0.630208 0.723684 0.030506 0.063158
0 0.172619 0.709868 0.029762 0.057895
0 0.317150 0.792763 0.026414 0.052632
0 0.265811 0.953618 0.026414 0.046711
0 0.639323 0.976645 0.026414 0.046711
0 0.887463 0.946711 0.038318 0.068421
0 0.951823 0.915789 0.039807 0.052632
0 0.979353 0.874671 0.027902 0.050658