0 0.145275 0.909539 0.030878 0.074342
0 0.486421 0.711513 0.024182 0.050658
0 0.521949 0.705921 0.035714 0.056579
0 0.187686 0.746053 0.042039 0.071053
0 0.936756 0.804605 0.032738 0.064474
0 0.414249 0.471382 0.022693 0.075658
0 0.700893 0.606579 0.038690 0.084211
0 0.127418 0.261513 0.022693 0.074342
0 0.263021 0.184868 0.032738 0.064474
0 0.284412 0.041776 0.034598 0.046711
0 0.161644 0.033553 0.022693 0.064474
0 0.046875 0.020066 0.029762 0.040132
0 0.581659 0.164803 0.026414 0.046711
0 0.685268 0.100329 0.028274 0.046711
0 0.949777 0.171053 0.053571 0.060526
0 0.939174 0.205921 0.039807 0.052632