0 0.894345 0.040132 0.030506 0.052632
0 0.915551 0.059868 0.029762 0.032895
0 0.564360 0.075000 0.037946 0.064474
0 0.685454 0.124342 0.030878 0.056579
0 0.871280 0.140132 0.030506 0.042105
0 0.517113 0.169737 0.032738 0.052632
0 0.152902 0.263158 0.032738 0.064474
0 0.334077 0.372697 0.030506 0.070395
0 0.376674 0.463158 0.039807 0.064474
0 0.230097 0.544408 0.032366 0.046711
0 0.304315 0.623026 0.030506 0.057895
0 0.383557 0.532566 0.037946 0.071711
0 0.493490 0.596382 0.046503 0.071711
0 0.503534 0.494737 0.038318 0.063158
0 0.674851 0.535855 0.038690 0.074342
0 0.769345 0.608224 0.036458 0.065132
0 0.931548 0.491447 0.044643 0.089474
0 0.147693 0.572039 0.030506 0.049342
0 0.055618 0.695066 0.022693 0.040132
0 0.055246 0.758882 0.018973 0.044079
0 0.068452 0.772039 0.022321 0.042763
0 0.218936 0.714145 0.028646 0.046711
0 0.476935 0.724013 0.053571 0.078289
0 0.929688 0.708553 0.038690 0.052632
0 0.061942 0.814803 0.024926 0.049342
0 0.808036 0.898684 0.031994 0.052632
0 0.773624 0.943421 0.034598 0.053947