0 0.721540 0.457895 0.047991 0.089474
0 0.463914 0.502961 0.038690 0.086184
0 0.396577 0.798355 0.042411 0.065132
0 0.221726 0.718421 0.049851 0.085526
0 0.187128 0.565789 0.032738 0.094737
0 0.152716 0.616118 0.030134 0.105921
0 0.140811 0.690132 0.040551 0.130263
0 0.302269 0.382895 0.042783 0.085526
0 0.781064 0.364803 0.040551 0.075658
0 0.152530 0.297697 0.048363 0.074342
0 0.972656 0.355263 0.042783 0.081579
0 0.938058 0.491776 0.046503 0.082237
0 0.901228 0.541776 0.039807 0.071711
0 0.802827 0.893092 0.034226 0.070395
0 0.422991 0.558882 0.032738 0.053289
0 0.660342 0.535526 0.032738 0.084211
0 0.541667 0.472368 0.031994 0.057895
0 0.563988 0.863816 0.029762 0.057895
0 0.052083 0.229605 0.032738 0.094737
0 0.304874 0.175987 0.057664 0.105921
0 0.669271 0.153947 0.052083 0.057895
0 0.846726 0.177961 0.034226 0.075658
0 0.940662 0.208224 0.045759 0.065132