0 0.693638 0.789145 0.030134 0.044079
0 0.752418 0.738158 0.044271 0.043421
0 0.807478 0.965789 0.039807 0.057895
0 0.417783 0.761184 0.040179 0.064474
0 0.244048 0.744737 0.038690 0.056579
0 0.235863 0.669079 0.032738 0.063158
0 0.284040 0.617763 0.046503 0.064474
0 0.530878 0.615132 0.034226 0.068421
0 0.576265 0.619737 0.032738 0.057895
0 0.606585 0.668750 0.036086 0.065132
0 0.727679 0.670066 0.036458 0.065132
0 0.203683 0.500987 0.030134 0.050658
0 0.226562 0.456579 0.029762 0.053947
0 0.292411 0.447039 0.032738 0.046711
0 0.580171 0.508553 0.030134 0.063158
0 0.509301 0.833224 0.040179 0.074342
0 0.491071 0.129605 0.032738 0.064474
0 0.896205 0.427632 0.046131 0.078947
0 0.929501 0.406250 0.039807 0.067763
0 0.962612 0.282566 0.038318 0.070395
0 0.902530 0.038487 0.032738 0.067763