0 0.351376 0.025658 0.027902 0.051316
0 0.290923 0.034868 0.041667 0.069737
0 0.689732 0.119737 0.038690 0.060526
0 0.983631 0.098355 0.032738 0.070395
0 0.341146 0.382237 0.032738 0.060526
0 0.243676 0.438487 0.030506 0.075658
0 0.648624 0.286513 0.042039 0.082237
0 0.843564 0.475987 0.026414 0.074342
0 0.868118 0.476316 0.042783 0.085526
0 0.249070 0.612500 0.027902 0.071053
0 0.477121 0.634211 0.039807 0.060526
0 0.548735 0.515789 0.028274 0.078947
0 0.702567 0.558224 0.026414 0.065132
0 0.952567 0.683882 0.027902 0.065132
0 0.415737 0.269737 0.026414 0.052632
0 0.427269 0.893750 0.030134 0.063816
0 0.922991 0.933553 0.032738 0.063158
0 0.956845 0.800987 0.026786 0.050658
0 0.013021 0.541118 0.026042 0.046711
0 0.334263 0.536842 0.027902 0.056579
0 0.207775 0.151645 0.044271 0.063816
0 0.087798 0.228289 0.034226 0.063158
0 0.050037 0.091447 0.026414 0.064474