0 0.017113 0.496053 0.034226 0.052632
0 0.062872 0.631250 0.030506 0.057237
0 0.028832 0.738158 0.026414 0.056579
0 0.107701 0.263487 0.032366 0.049342
0 0.302083 0.567763 0.032738 0.063158
0 0.272321 0.797039 0.031994 0.057237
0 0.415737 0.732237 0.026414 0.064474
0 0.393043 0.291447 0.027902 0.068421
0 0.432664 0.527632 0.034226 0.068421
0 0.435268 0.582895 0.032738 0.060526
0 0.642485 0.152961 0.040179 0.046711
0 0.745722 0.043750 0.032366 0.078289
0 0.766927 0.266776 0.026414 0.065132
0 0.829799 0.663487 0.032366 0.059868
0 0.731027 0.719408 0.029762 0.053289
0 0.192150 0.553289 0.022693 0.052632
0 0.875744 0.110526 0.031994 0.063158
0 0.879836 0.475987 0.031994 0.074342