0 0.047805 0.290132 0.039807 0.094737
0 0.164062 0.215789 0.053571 0.084211
0 0.202009 0.494408 0.044643 0.086184
0 0.207217 0.671053 0.037946 0.056579
0 0.291481 0.594079 0.039807 0.050000
0 0.301525 0.438158 0.030134 0.064474
0 0.367932 0.327632 0.030506 0.064474
0 0.433966 0.683224 0.042039 0.053289
0 0.378720 0.949342 0.042411 0.064474
0 0.507812 0.569079 0.030506 0.064474
0 0.657738 0.603618 0.029762 0.044079
0 0.799479 0.522039 0.032738 0.057237
0 0.821057 0.527632 0.030506 0.063158
0 0.908296 0.732237 0.036086 0.060526
0 0.915179 0.842105 0.029762 0.052632
0 0.882254 0.977303 0.026414 0.040132
0 0.978609 0.661184 0.027902 0.042105
0 0.939918 0.147368 0.030878 0.071053
0 0.976376 0.144079 0.027902 0.064474
0 0.649740 0.172039 0.028646 0.070395
0 0.608073 0.338158 0.024182 0.057895
0 0.302827 0.079276 0.036458 0.071711
0 0.335193 0.033224 0.032738 0.066447