0 0.293713 0.658224 0.026414 0.054605
0 0.335751 0.648684 0.038318 0.067105
0 0.362165 0.725987 0.030134 0.065132
0 0.444010 0.649342 0.046503 0.078947
0 0.402902 0.328947 0.053571 0.071053
0 0.510045 0.527632 0.032738 0.060526
0 0.523624 0.566776 0.022693 0.040132
0 0.360491 0.966118 0.035714 0.046711
0 0.568080 0.578947 0.036458 0.056579
0 0.595610 0.529276 0.030506 0.061184
0 0.539993 0.612500 0.026414 0.036842
0 0.553943 0.038816 0.037946 0.064474
0 0.602679 0.030921 0.040179 0.061842
0 0.517485 0.213816 0.031994 0.056579
0 0.626674 0.430263 0.042783 0.060526
0 0.719866 0.482237 0.052083 0.085526
0 0.157924 0.646711 0.026414 0.056579
0 0.857515 0.347039 0.040179 0.071711
0 0.915179 0.475329 0.035714 0.080921
0 0.978795 0.714803 0.034226 0.070395
0 0.990699 0.831250 0.018601 0.053289
0 0.971726 0.953618 0.036458 0.082237