0 0.558966 0.642434 0.036086 0.078289
0 0.565662 0.811842 0.030878 0.057895
0 0.489397 0.476645 0.038318 0.075658
0 0.587612 0.123026 0.038318 0.067105
0 0.622024 0.071053 0.030506 0.085526
0 0.775856 0.311184 0.039807 0.085526
0 0.956473 0.545395 0.036458 0.092105
0 0.852679 0.115789 0.034226 0.063158
0 0.418341 0.056579 0.047991 0.089474
0 0.349888 0.134211 0.039807 0.085526
0 0.333519 0.815132 0.050223 0.078947
0 0.267299 0.762829 0.042783 0.078289
0 0.252046 0.466118 0.042039 0.071711
0 0.234375 0.082237 0.034226 0.084211
0 0.160714 0.101645 0.038690 0.086184
0 0.111421 0.157237 0.042783 0.089474
0 0.093378 0.397039 0.042411 0.065132
0 0.064732 0.634539 0.031994 0.054605