0 0.842820 0.914145 0.052455 0.059868
0 0.027902 0.902632 0.030506 0.052632
0 0.268973 0.566447 0.038690 0.064474
0 0.032738 0.510526 0.040179 0.050000
0 0.406622 0.497039 0.029762 0.063816
0 0.726749 0.482895 0.020461 0.053947
0 0.063430 0.395724 0.036086 0.046711
0 0.828869 0.412829 0.029762 0.046711
0 0.300037 0.337500 0.026414 0.050000
0 0.190290 0.323026 0.030134 0.063158
0 0.424851 0.355592 0.023810 0.040132
0 0.426525 0.304276 0.030878 0.054605
0 0.879650 0.246711 0.027902 0.056579
0 0.021577 0.267105 0.031994 0.053947
0 0.557850 0.787829 0.026414 0.074342