0 0.135045 0.572368 0.032738 0.063158
0 0.105283 0.801645 0.031994 0.057237
0 0.248698 0.736842 0.026414 0.064474
0 0.226004 0.296053 0.027902 0.068421
0 0.265625 0.532237 0.034226 0.068421
0 0.268229 0.587500 0.032738 0.060526
0 0.475446 0.157566 0.040179 0.046711
0 0.578683 0.048355 0.032366 0.078289
0 0.599888 0.271382 0.026414 0.065132
0 0.025112 0.557895 0.022693 0.052632
0 0.708705 0.115132 0.031994 0.063158
0 0.712798 0.480592 0.031994 0.074342
0 0.923921 0.745066 0.021949 0.049342
0 0.928013 0.712829 0.028646 0.053289
0 0.565848 0.708553 0.034226 0.050000
0 0.668341 0.646382 0.027902 0.057237