0 0.203125 0.128618 0.030506 0.053289
0 0.591518 0.118092 0.035714 0.063816
0 0.123512 0.064803 0.023810 0.044079
0 0.188058 0.040461 0.030134 0.049342
0 0.624256 0.161842 0.046131 0.084211
0 0.648251 0.203947 0.030134 0.064474
0 0.837426 0.387829 0.048363 0.082237
0 0.930990 0.390789 0.042783 0.075000
0 0.713170 0.417434 0.034226 0.046711
0 0.114211 0.446711 0.032738 0.057895
0 0.141741 0.491776 0.029762 0.057237
0 0.528274 0.538158 0.037946 0.063158
0 0.427083 0.543750 0.026786 0.049342
0 0.045945 0.595066 0.024182 0.044079
0 0.813988 0.677961 0.049851 0.078289
0 0.394159 0.809539 0.030134 0.053289
0 0.886533 0.883553 0.030506 0.052632
0 0.907738 0.903289 0.029762 0.032895
0 0.556548 0.918421 0.037946 0.064474
0 0.677641 0.967763 0.030878 0.056579
0 0.863467 0.981250 0.030506 0.037500