0 0.192336 0.982237 0.024554 0.035526
0 0.544643 0.959211 0.035714 0.053947
0 0.238281 0.896053 0.030878 0.046053
0 0.592634 0.886513 0.035714 0.059868
0 0.208705 0.524342 0.036458 0.063158
0 0.392299 0.395066 0.026414 0.044079
0 0.517113 0.363158 0.035714 0.057895
0 0.938430 0.322039 0.042039 0.067763
0 0.329985 0.182237 0.026786 0.046053
0 0.747954 0.166118 0.047991 0.074342
0 0.307106 0.142105 0.040551 0.067105
0 0.274740 0.116447 0.039807 0.060526
0 0.723958 0.093092 0.031994 0.049342
0 0.498884 0.654276 0.053571 0.082237
0 0.565476 0.858553 0.032738 0.067105
0 0.362351 0.945395 0.037946 0.056579
0 0.311198 0.671053 0.038318 0.064474
0 0.112165 0.531908 0.030134 0.044079
0 0.073847 0.784539 0.030134 0.042763
0 0.700521 0.687500 0.037946 0.057895
0 0.700521 0.651316 0.030506 0.064474
0 0.613281 0.362500 0.042783 0.057895