0 0.178943 0.571053 0.032738 0.063158
0 0.149182 0.800329 0.031994 0.057237
0 0.292597 0.735526 0.026414 0.064474
0 0.269903 0.294737 0.027902 0.068421
0 0.309524 0.530921 0.034226 0.068421
0 0.312128 0.586184 0.032738 0.060526
0 0.519345 0.156250 0.040179 0.046711
0 0.622582 0.047039 0.032366 0.078289
0 0.643787 0.270066 0.026414 0.065132
0 0.706659 0.666776 0.032366 0.059868
0 0.607887 0.722697 0.029762 0.053289
0 0.069010 0.556579 0.022693 0.052632
0 0.752604 0.113816 0.031994 0.063158
0 0.756696 0.479276 0.031994 0.074342
0 0.967820 0.743750 0.021949 0.049342
0 0.971912 0.711513 0.028646 0.053289