0 0.111793 0.823026 0.045759 0.078947
0 0.366443 0.578289 0.050595 0.085526
0 0.436198 0.782895 0.024182 0.047368
0 0.465030 0.804934 0.029762 0.044079
0 0.417039 0.881579 0.023810 0.052632
0 0.231771 0.867763 0.034226 0.060526
0 0.067708 0.908882 0.023810 0.046711
0 0.082217 0.448355 0.029762 0.053289
0 0.186570 0.596053 0.022693 0.052632
0 0.264323 0.319737 0.028646 0.053947
0 0.389137 0.284868 0.036458 0.060526
0 0.483817 0.287171 0.030134 0.053289
0 0.569754 0.572697 0.033854 0.049342
0 0.570126 0.608882 0.038318 0.046711
0 0.745164 0.972697 0.032738 0.054605
0 0.812314 0.239803 0.038318 0.074342
0 0.619606 0.085197 0.056176 0.091447
0 0.595610 0.019408 0.032738 0.038816
0 0.204055 0.108553 0.030134 0.064474
0 0.181176 0.068421 0.036458 0.063158
0 0.149368 0.040789 0.028646 0.056579