0 0.039621 0.072039 0.036086 0.057237
0 0.038132 0.035197 0.030134 0.057237
0 0.132254 0.490132 0.040551 0.057895
0 0.215402 0.438158 0.036458 0.052632
0 0.320126 0.677303 0.036086 0.053289
0 0.489397 0.690132 0.042783 0.064474
0 0.612537 0.880263 0.056176 0.057895
0 0.581845 0.721053 0.052083 0.064474
0 0.426711 0.885197 0.049851 0.046711
0 0.519903 0.358553 0.042783 0.053947
0 0.551897 0.337829 0.050223 0.074342
0 0.672619 0.814145 0.035714 0.046711
0 0.841890 0.676974 0.029762 0.052632
0 0.974144 0.674013 0.026414 0.054605