0 0.794457 0.477961 0.038318 0.075658
0 0.892671 0.124342 0.038318 0.067105
0 0.927083 0.072368 0.030506 0.085526
0 0.723400 0.057895 0.047991 0.089474
0 0.654948 0.135526 0.039807 0.085526
0 0.638579 0.816447 0.050223 0.078947
0 0.572359 0.764145 0.042783 0.078289
0 0.557106 0.467434 0.042039 0.071711
0 0.539435 0.083553 0.034226 0.084211
0 0.465774 0.102961 0.038690 0.086184
0 0.416481 0.158553 0.042783 0.089474
0 0.398438 0.398355 0.042411 0.065132
0 0.369792 0.635855 0.031994 0.054605
0 0.295573 0.625658 0.040551 0.057895
0 0.867188 0.653618 0.032738 0.074342
0 0.875930 0.821711 0.040551 0.060526
0 0.223586 0.318421 0.049851 0.085526
0 0.188988 0.165789 0.032738 0.094737
0 0.159040 0.737829 0.033854 0.078289
0 0.154576 0.216118 0.030134 0.105921
0 0.142671 0.290132 0.040551 0.130263