0 0.620350 0.980592 0.034598 0.038816
0 0.703869 0.750987 0.049851 0.086184
0 0.682478 0.676645 0.040551 0.080921
0 0.603051 0.588487 0.038690 0.092763
0 0.507254 0.680263 0.044271 0.092105
0 0.420759 0.889474 0.031994 0.100000
0 0.854725 0.765789 0.044271 0.085526
0 0.119048 0.727632 0.040179 0.081579
0 0.091518 0.620724 0.031994 0.070395
0 0.297433 0.482566 0.042783 0.074342
0 0.083147 0.525329 0.056176 0.095395
0 0.353795 0.261184 0.042411 0.067105
0 0.630766 0.255263 0.033854 0.081579
0 0.092448 0.278289 0.039807 0.052632
0 0.122582 0.169079 0.045759 0.064474
0 0.117746 0.118421 0.042783 0.084211
0 0.710751 0.206908 0.042783 0.071711
0 0.739955 0.157237 0.056548 0.102632
0 0.887835 0.223684 0.093378 0.117105
0 0.654762 0.035197 0.048363 0.070395