0 0.672619 0.875000 0.028274 0.047368
0 0.533296 0.695724 0.026414 0.057237
0 0.525670 0.653618 0.029762 0.049342
0 0.241443 0.451974 0.031994 0.063158
0 0.851190 0.358882 0.026786 0.054605
0 0.716890 0.216118 0.029762 0.067763
0 0.467448 0.282237 0.024926 0.060526
0 0.196987 0.492763 0.024182 0.056579
0 0.734561 0.907895 0.018229 0.039474
0 0.893415 0.818750 0.026414 0.049342
0 0.911644 0.639145 0.026414 0.053289
0 0.665179 0.524013 0.032738 0.042763
0 0.672247 0.131908 0.020089 0.040132
0 0.496466 0.095724 0.027902 0.065132
0 0.634115 0.080921 0.038318 0.063158
0 0.851004 0.102303 0.026414 0.049342