0 0.349144 0.643092 0.036086 0.078289
0 0.355841 0.812500 0.030878 0.057895
0 0.279576 0.477303 0.038318 0.075658
0 0.377790 0.123684 0.038318 0.067105
0 0.412202 0.071711 0.030506 0.085526
0 0.566034 0.311842 0.039807 0.085526
0 0.746652 0.546053 0.036458 0.092105
0 0.897879 0.491118 0.033854 0.044079
0 0.895461 0.406579 0.031994 0.081579
0 0.881510 0.034868 0.030134 0.063158
0 0.642857 0.116447 0.034226 0.063158
0 0.208519 0.057237 0.047991 0.089474
0 0.140067 0.134868 0.039807 0.085526
0 0.123698 0.815789 0.050223 0.078947
0 0.057478 0.763487 0.042783 0.078289
0 0.042225 0.466776 0.042039 0.071711