0 0.670015 0.019737 0.026042 0.039474
0 0.028274 0.067434 0.024554 0.053289
0 0.633371 0.150658 0.022693 0.057895
0 0.196987 0.272697 0.022693 0.053289
0 0.284040 0.386184 0.024926 0.060526
0 0.294457 0.648355 0.020461 0.074342
0 0.606957 0.591118 0.030134 0.071711
0 0.638207 0.536513 0.030134 0.078289
0 0.341518 0.799013 0.030506 0.088816
0 0.461310 0.730263 0.032738 0.064474
0 0.599516 0.950987 0.026414 0.065132
0 0.668155 0.849342 0.034226 0.060526
0 0.905878 0.875000 0.032738 0.060526
0 0.950521 0.702961 0.032738 0.075658