0 0.348772 0.034868 0.027902 0.069737
0 0.288318 0.052303 0.041667 0.071711
0 0.200335 0.169737 0.039807 0.067105
0 0.088170 0.233553 0.046131 0.057895
0 0.687128 0.138158 0.038690 0.060526
0 0.982329 0.116776 0.035342 0.070395
0 0.338542 0.400658 0.032738 0.060526
0 0.241071 0.456908 0.030506 0.075658
0 0.646019 0.304934 0.042039 0.082237
0 0.840960 0.494408 0.026414 0.074342
0 0.865513 0.494737 0.042783 0.085526
0 0.045015 0.094079 0.030506 0.057895
0 0.333147 0.550000 0.028646 0.088158
0 0.246466 0.630921 0.027902 0.071053
0 0.474516 0.652632 0.039807 0.060526
0 0.546131 0.534211 0.028274 0.078947
0 0.699963 0.576645 0.026414 0.065132
0 0.949963 0.702303 0.027902 0.065132
0 0.413132 0.288158 0.026414 0.052632
0 0.424665 0.912171 0.030134 0.063816
0 0.920387 0.951974 0.032738 0.063158
0 0.954241 0.819408 0.026786 0.050658
0 0.011719 0.559539 0.023438 0.046711