0 0.033296 0.652632 0.026414 0.052632
0 0.104911 0.101645 0.026042 0.046711
0 0.251488 0.385197 0.036458 0.044079
0 0.321987 0.628618 0.026414 0.046711
0 0.356771 0.620395 0.032738 0.052632
0 0.535342 0.521711 0.036458 0.057895
0 0.455915 0.975987 0.030134 0.044079
0 0.620908 0.957566 0.029762 0.044079
0 0.781622 0.719737 0.029762 0.063158
0 0.857515 0.686184 0.029762 0.053947
0 0.946801 0.684868 0.035714 0.057895
0 0.856213 0.063816 0.024926 0.035526
0 0.953311 0.025987 0.042039 0.051974
0 0.418713 0.077961 0.030878 0.053289
0 0.516555 0.014474 0.030134 0.028947
0 0.778088 0.116776 0.030134 0.046711