0 0.070871 0.375658 0.026414 0.052632
0 0.105655 0.402632 0.030506 0.056579
0 0.123326 0.445066 0.032366 0.054605
0 0.188988 0.650000 0.037946 0.060526
0 0.292225 0.914803 0.062128 0.099342
0 0.494978 0.903947 0.038318 0.057895
0 0.496652 0.949342 0.040179 0.056579
0 0.408296 0.619079 0.036830 0.064474
0 0.314360 0.621711 0.055804 0.073684
0 0.234933 0.221711 0.044271 0.060526
0 0.521949 0.349342 0.052083 0.063158
0 0.541853 0.420395 0.054688 0.085526
0 0.734747 0.576645 0.046131 0.070395
0 0.922805 0.594079 0.045759 0.057895
0 0.965402 0.654934 0.049851 0.063816
0 0.774740 0.176974 0.027902 0.053947
0 0.117746 0.056908 0.030134 0.053289
0 0.108445 0.931250 0.026414 0.046711
0 0.013021 0.781579 0.026042 0.052632