0 0.047433 0.865789 0.056176 0.057895
0 0.021391 0.706579 0.042783 0.064474
0 0.409040 0.659539 0.026414 0.054605
0 0.451079 0.650000 0.038318 0.067105
0 0.477493 0.727303 0.030134 0.065132
0 0.559338 0.650658 0.046503 0.078947
0 0.518229 0.330263 0.053571 0.071053
0 0.625372 0.528947 0.032738 0.060526
0 0.638951 0.568092 0.022693 0.040132
0 0.475818 0.967434 0.035714 0.046711
0 0.683408 0.580263 0.036458 0.056579
0 0.710938 0.530592 0.030506 0.061184
0 0.655320 0.613816 0.026414 0.036842
0 0.669271 0.040132 0.037946 0.064474
0 0.718006 0.031579 0.040179 0.063158
0 0.632812 0.215132 0.031994 0.056579
0 0.742001 0.431579 0.042783 0.060526
0 0.835193 0.483553 0.052083 0.085526
0 0.273251 0.648026 0.026414 0.056579
0 0.102679 0.785197 0.026042 0.046711