0 0.270275 0.552303 0.046503 0.071711
0 0.100260 0.662500 0.030134 0.067105
0 0.065290 0.666776 0.027902 0.057237
0 0.515253 0.747368 0.028274 0.053947
0 0.595424 0.714145 0.026414 0.054605
0 0.687500 0.706250 0.026786 0.049342
0 0.730283 0.707566 0.022321 0.044079
0 0.866629 0.417105 0.026414 0.036842
0 0.956845 0.366447 0.020833 0.056579
0 0.685454 0.048026 0.020461 0.056579
0 0.590030 0.088816 0.016369 0.035526
0 0.521577 0.110526 0.022321 0.036842
0 0.256138 0.058224 0.030134 0.059868
0 0.160156 0.126974 0.024926 0.053947
0 0.357701 0.982895 0.027902 0.034211