0 0.573847 0.849671 0.022693 0.074342
0 0.513393 0.429934 0.030506 0.046711
0 0.449591 0.879605 0.046503 0.064474
0 0.269345 0.227961 0.035714 0.046711
0 0.248140 0.414474 0.049851 0.064474
0 0.213914 0.692434 0.044643 0.067763
0 0.263207 0.623684 0.030134 0.064474
0 0.186012 0.913816 0.029762 0.053947
0 0.666853 0.612829 0.022693 0.040132
0 0.954427 0.658224 0.042039 0.049342
0 0.864211 0.926645 0.032738 0.063816
0 0.752418 0.910855 0.022693 0.044079
0 0.618862 0.980263 0.027902 0.039474
0 0.984933 0.948026 0.030134 0.053947
0 0.987165 0.892763 0.025670 0.067105
0 0.883557 0.262171 0.028274 0.053289
0 0.713170 0.321053 0.032738 0.064474
0 0.090960 0.504276 0.026414 0.042763
0 0.036644 0.460526 0.039807 0.064474
0 0.042225 0.608882 0.030878 0.054605
0 0.096168 0.644079 0.030134 0.056579
0 0.033110 0.854934 0.032738 0.061184
0 0.109375 0.965132 0.029762 0.064474