0 0.067894 0.023026 0.026414 0.046053
0 0.108445 0.092105 0.030134 0.053947
0 0.639881 0.109868 0.032738 0.060526
0 0.791853 0.137829 0.036086 0.074342
0 0.927641 0.034868 0.030134 0.064474
0 0.243490 0.255921 0.033854 0.052632
0 0.059896 0.429276 0.029762 0.063816
0 0.305246 0.537171 0.026414 0.050658
0 0.279948 0.723026 0.030134 0.057895
0 0.555804 0.740461 0.035714 0.067763
0 0.749070 0.628618 0.038318 0.075658
0 0.921503 0.575329 0.036458 0.078289
0 0.071057 0.777961 0.034226 0.063816
0 0.123698 0.816776 0.033854 0.070395
0 0.077381 0.927632 0.034226 0.071053
0 0.132440 0.963158 0.029762 0.071053
0 0.297805 0.939474 0.024182 0.064474
0 0.707961 0.937500 0.038690 0.071053