0 0.655506 0.400658 0.028274 0.047368
0 0.416109 0.404276 0.036086 0.070395
0 0.337798 0.323026 0.071429 0.096053
0 0.419085 0.175329 0.042039 0.080921
0 0.264881 0.202961 0.048363 0.054605
0 0.574033 0.867105 0.049851 0.060526
0 0.615513 0.676645 0.044271 0.070395
0 0.736979 0.796053 0.052083 0.057895
0 0.756324 0.965461 0.052083 0.069079
0 0.869048 0.966447 0.052083 0.067105
0 0.923177 0.723026 0.044271 0.064474
0 0.811570 0.185197 0.042039 0.053289
0 0.784226 0.236842 0.062500 0.064474
0 0.661458 0.236184 0.058036 0.067105
0 0.125744 0.170395 0.035714 0.052632
0 0.112723 0.391118 0.036458 0.078289
0 0.228609 0.101645 0.039807 0.071711