0 0.103237 0.908553 0.036086 0.064474
0 0.048549 0.593092 0.026414 0.046711
0 0.044085 0.618092 0.032366 0.044079
0 0.021949 0.743092 0.029762 0.046711
0 0.761719 0.871711 0.045759 0.085526
0 0.795201 0.922039 0.038318 0.070395
0 0.816964 0.964145 0.035714 0.050658
0 0.810454 0.570724 0.030134 0.044079
0 0.869234 0.519737 0.044271 0.043421
0 0.924293 0.747368 0.039807 0.057895
0 0.534598 0.542763 0.040179 0.064474
0 0.360863 0.526316 0.038690 0.056579
0 0.290551 0.818421 0.031994 0.057895
0 0.372954 0.880263 0.036830 0.060526
0 0.352679 0.450658 0.032738 0.063158
0 0.400856 0.399342 0.046503 0.064474
0 0.647693 0.396711 0.034226 0.068421
0 0.693080 0.401316 0.032738 0.057895
0 0.723400 0.450329 0.036086 0.065132
0 0.844494 0.451645 0.036458 0.065132
0 0.320499 0.282566 0.030134 0.050658
0 0.343378 0.238158 0.029762 0.053947
0 0.409226 0.228618 0.032738 0.046711
0 0.696987 0.290132 0.030134 0.063158
0 0.626116 0.614803 0.040179 0.074342
0 0.357515 0.797039 0.040179 0.070395