0 0.885603 0.072697 0.042039 0.063816
0 0.774368 0.184211 0.039807 0.063158
0 0.239211 0.178289 0.032738 0.060526
0 0.206101 0.198026 0.035714 0.057895
0 0.173549 0.525000 0.032366 0.057895
0 0.526786 0.508553 0.032738 0.052632
0 0.663504 0.510526 0.056176 0.071053
0 0.704613 0.499342 0.036458 0.057895
0 0.816592 0.510526 0.047619 0.081579
0 0.883743 0.383224 0.039807 0.053289
0 0.897693 0.409539 0.040179 0.042763
0 0.904390 0.467434 0.034226 0.065132
0 0.928943 0.435197 0.020089 0.042763
0 0.961868 0.388487 0.042783 0.046711
0 0.732329 0.575329 0.030134 0.049342
0 0.357329 0.647039 0.040551 0.074342
0 0.270089 0.555921 0.029762 0.060526
0 0.300781 0.703947 0.040551 0.073684
0 0.111979 0.719408 0.017857 0.046711
0 0.062500 0.845066 0.040179 0.046711
0 0.225632 0.927303 0.027902 0.046711
0 0.261905 0.875329 0.029762 0.036184
0 0.497024 0.923355 0.031994 0.049342
0 0.734561 0.835855 0.039807 0.067763