0 0.591332 0.458224 0.030878 0.049342
0 0.602121 0.379276 0.030134 0.057237
0 0.637277 0.330921 0.024554 0.057895
0 0.675409 0.490132 0.026414 0.052632
0 0.750930 0.800658 0.027902 0.063158
0 0.822359 0.811842 0.033854 0.053947
0 0.845610 0.568092 0.029762 0.042763
0 0.871094 0.336184 0.028646 0.052632
0 0.914993 0.274671 0.028646 0.049342
0 0.985863 0.246711 0.028274 0.060526
0 0.758371 0.150987 0.024182 0.050658
0 0.599702 0.058882 0.030506 0.050658
0 0.305618 0.170724 0.042783 0.070395
0 0.228423 0.614145 0.029762 0.049342
0 0.456101 0.878947 0.036458 0.064474
0 0.612537 0.909211 0.030134 0.057895
0 0.067336 0.761842 0.030506 0.056579
0 0.016741 0.566447 0.033482 0.078947
0 0.029948 0.479605 0.042783 0.067105
0 0.054874 0.175000 0.028646 0.060526
0 0.062500 0.034868 0.032738 0.060526
0 0.132999 0.082566 0.038318 0.067763