0 0.834635 0.979276 0.028646 0.041447
0 0.883557 0.659868 0.035714 0.064474
0 0.607329 0.645724 0.032366 0.057237
0 0.887091 0.583224 0.036830 0.065132
0 0.702195 0.458882 0.034598 0.061184
0 0.652530 0.290789 0.034226 0.060526
0 0.777344 0.280921 0.030134 0.052632
0 0.859933 0.274013 0.032366 0.057237
0 0.554874 0.258553 0.030878 0.071053
0 0.798363 0.225658 0.029762 0.064474
0 0.590216 0.233882 0.027902 0.070395
0 0.418713 0.486184 0.022693 0.042105
0 0.454427 0.361184 0.022693 0.035526
0 0.395461 0.121382 0.030506 0.046711
0 0.381882 0.501316 0.032366 0.064474
0 0.248884 0.810197 0.035714 0.042763
0 0.218378 0.743421 0.037946 0.060526
0 0.188058 0.856908 0.027902 0.053289
0 0.100260 0.740789 0.040551 0.057895
0 0.071801 0.702303 0.036458 0.046711
0 0.076265 0.582895 0.035714 0.053947
0 0.025484 0.695724 0.026414 0.067763