0 0.361979 0.285526 0.050595 0.081579
0 0.654948 0.043750 0.039807 0.075658
0 0.717076 0.150329 0.040551 0.082237
0 0.917597 0.649342 0.040551 0.096053
0 0.942336 0.753947 0.053571 0.088158
0 0.899926 0.563158 0.068452 0.123684
0 0.911458 0.310197 0.052083 0.082237
0 0.941592 0.197697 0.048363 0.075658
0 0.937872 0.152961 0.049851 0.078289
0 0.604911 0.913487 0.066220 0.109868
0 0.689360 0.405592 0.052083 0.084868
0 0.365327 0.678947 0.050595 0.096053
0 0.340774 0.627961 0.036458 0.070395
0 0.359933 0.590461 0.030878 0.071711