0 0.153274 0.554934 0.046131 0.070395
0 0.341332 0.572368 0.045759 0.057895
0 0.383929 0.633224 0.049851 0.063816
0 0.193266 0.155263 0.027902 0.053947
0 0.470610 0.135526 0.042411 0.068421
0 0.502046 0.454276 0.032366 0.063816
0 0.518787 0.501645 0.020461 0.046711
0 0.545573 0.419737 0.033854 0.042105
0 0.630208 0.020395 0.036458 0.040789
0 0.662574 0.855592 0.046131 0.075658
0 0.681920 0.601974 0.034226 0.068421
0 0.925223 0.754276 0.036458 0.075658
0 0.926711 0.025000 0.041667 0.050000
0 0.955543 0.754605 0.042783 0.073684