0 0.820871 0.940789 0.028646 0.057895
0 0.665551 0.880592 0.026786 0.049342
0 0.417597 0.825987 0.026414 0.049342
0 0.847842 0.727303 0.030506 0.054605
0 0.730469 0.671382 0.024926 0.046711
0 0.672061 0.633553 0.024182 0.046053
0 0.668899 0.486513 0.026786 0.042763
0 0.880766 0.443421 0.027902 0.053947
0 0.133929 0.412829 0.030506 0.059868
0 0.521949 0.310855 0.023810 0.049342
0 0.512649 0.270724 0.026786 0.049342
0 0.184710 0.107895 0.030134 0.056579
0 0.132812 0.095066 0.029762 0.053289
0 0.076451 0.068750 0.027902 0.050658
0 0.229539 0.060855 0.030506 0.057237
0 0.460938 0.689474 0.034226 0.052632
0 0.722098 0.526316 0.020089 0.039474
0 0.894717 0.650000 0.032738 0.047368
0 0.901228 0.257566 0.024926 0.053289
0 0.654762 0.141776 0.032738 0.040132