0 0.331659 0.659539 0.026414 0.054605
0 0.373698 0.650000 0.038318 0.067105
0 0.400112 0.727303 0.030134 0.065132
0 0.481957 0.650658 0.046503 0.078947
0 0.440848 0.330263 0.053571 0.071053
0 0.547991 0.528947 0.032738 0.060526
0 0.561570 0.568092 0.022693 0.040132
0 0.398438 0.967434 0.035714 0.046711
0 0.606027 0.580263 0.036458 0.056579
0 0.633557 0.530592 0.030506 0.061184
0 0.577939 0.613816 0.026414 0.036842
0 0.591890 0.040132 0.037946 0.064474
0 0.640625 0.031579 0.040179 0.063158
0 0.555432 0.215132 0.031994 0.056579
0 0.664621 0.431579 0.042783 0.060526
0 0.757812 0.483553 0.052083 0.085526
0 0.195871 0.648026 0.026414 0.056579
0 0.025298 0.785197 0.026042 0.046711
0 0.895461 0.348355 0.040179 0.071711
0 0.953125 0.476645 0.035714 0.080921