0 0.363095 0.297368 0.050595 0.081579
0 0.656064 0.055592 0.039807 0.075658
0 0.718192 0.162171 0.040551 0.082237
0 0.918713 0.661184 0.040551 0.096053
0 0.943452 0.765789 0.053571 0.088158
0 0.901042 0.575000 0.068452 0.123684
0 0.912574 0.322039 0.052083 0.082237
0 0.942708 0.209539 0.048363 0.075658
0 0.938988 0.164803 0.049851 0.078289
0 0.606027 0.925329 0.066220 0.109868
0 0.690476 0.417434 0.052083 0.084868
0 0.366443 0.690789 0.050595 0.096053
0 0.341890 0.639803 0.036458 0.070395
0 0.361049 0.602303 0.030878 0.071711