0 0.718936 0.664474 0.047991 0.089474
0 0.461310 0.709539 0.038690 0.086184
0 0.219122 0.925000 0.049851 0.085526
0 0.184524 0.772368 0.032738 0.094737
0 0.150112 0.822697 0.030134 0.105921
0 0.138207 0.896711 0.040551 0.130263
0 0.299665 0.589474 0.042783 0.085526
0 0.778460 0.571382 0.040551 0.075658
0 0.149926 0.504276 0.048363 0.074342
0 0.970052 0.561842 0.042783 0.081579
0 0.935454 0.698355 0.046503 0.082237
0 0.898624 0.748355 0.039807 0.071711
0 0.420387 0.765461 0.032738 0.053289
0 0.657738 0.742105 0.032738 0.084211
0 0.539062 0.678947 0.031994 0.057895
0 0.049479 0.436184 0.032738 0.094737
0 0.302269 0.382566 0.057664 0.105921
0 0.666667 0.360526 0.052083 0.057895
0 0.844122 0.384539 0.034226 0.075658
0 0.938058 0.414803 0.045759 0.065132
0 0.486607 0.181908 0.041667 0.071711
0 0.566964 0.121053 0.028274 0.063158
0 0.065848 0.039474 0.055804 0.078947
0 0.243304 0.049671 0.035714 0.080921
0 0.869234 0.068421 0.042783 0.085526
0 0.904018 0.039474 0.034226 0.078947