0 0.250372 0.976645 0.031994 0.046711
0 0.280506 0.966118 0.036458 0.059868
0 0.339472 0.945066 0.032366 0.053289
0 0.351004 0.845724 0.032366 0.063816
0 0.373698 0.545066 0.033854 0.053289
0 0.383371 0.405592 0.034598 0.061184
0 0.296875 0.405263 0.037946 0.067105
0 0.299851 0.103618 0.043899 0.082237
0 0.204055 0.595066 0.027902 0.050658
0 0.219866 0.605921 0.034226 0.063158
0 0.209263 0.647697 0.024182 0.046711
0 0.208333 0.522368 0.032738 0.067105
0 0.454799 0.457566 0.026414 0.053289
0 0.534784 0.371382 0.036830 0.071711
0 0.525298 0.294079 0.034226 0.068421
0 0.483631 0.236184 0.038690 0.052632
0 0.631138 0.553947 0.040551 0.084211
0 0.653088 0.335526 0.036086 0.056579
0 0.823475 0.373026 0.039807 0.063158
0 0.919457 0.443750 0.030134 0.042763