0 0.543527 0.977303 0.031994 0.045395
0 0.573661 0.967434 0.036458 0.059868
0 0.632626 0.946382 0.032366 0.053289
0 0.644159 0.847039 0.032366 0.063816
0 0.345238 0.721382 0.037946 0.065132
0 0.666853 0.546382 0.033854 0.053289
0 0.676525 0.406908 0.034598 0.061184
0 0.590030 0.406579 0.037946 0.067105
0 0.593006 0.104934 0.043899 0.082237
0 0.497210 0.596382 0.027902 0.050658
0 0.513021 0.607237 0.034226 0.063158
0 0.502418 0.649013 0.024182 0.046711
0 0.501488 0.523684 0.032738 0.067105
0 0.747954 0.458882 0.026414 0.053289
0 0.827939 0.372697 0.036830 0.071711
0 0.818452 0.295395 0.034226 0.068421
0 0.776786 0.237500 0.038690 0.052632
0 0.429874 0.353289 0.021949 0.052632
0 0.348400 0.429934 0.039807 0.074342
0 0.346726 0.065789 0.031994 0.071053
0 0.924293 0.555263 0.040551 0.084211