0 0.098586 0.613487 0.026042 0.046711
0 0.245164 0.897039 0.036458 0.044079
0 0.849888 0.575658 0.024926 0.035526
0 0.946987 0.535526 0.042039 0.056579
0 0.412388 0.589803 0.030878 0.053289
0 0.510231 0.524342 0.030134 0.032895
0 0.771763 0.628618 0.030134 0.046711
0 0.115513 0.476316 0.042783 0.064474
0 0.123140 0.417763 0.023810 0.053947
0 0.566220 0.363487 0.035714 0.046711
0 0.898065 0.384539 0.028274 0.050658
0 0.956473 0.476316 0.043899 0.052632
0 0.083891 0.186842 0.026414 0.057895
0 0.217820 0.309868 0.042783 0.067105
0 0.329985 0.041776 0.026786 0.046711
0 0.454985 0.148026 0.020089 0.042105