0 0.038690 0.881908 0.032738 0.054605
0 0.070312 0.557237 0.031994 0.063158
0 0.098214 0.342105 0.036458 0.052632
0 0.146577 0.270724 0.026042 0.053289
0 0.338914 0.537171 0.038690 0.050658
0 0.461124 0.507237 0.034598 0.052632
0 0.507068 0.642434 0.030506 0.057237
0 0.473028 0.749342 0.026414 0.056579
0 0.133929 0.059211 0.032738 0.056579
0 0.401600 0.076316 0.027902 0.052632
0 0.551897 0.274671 0.032366 0.049342
0 0.636161 0.560855 0.029762 0.053289
0 0.746280 0.578947 0.032738 0.063158
0 0.716518 0.808224 0.031994 0.057237
0 0.859933 0.743421 0.026414 0.064474
0 0.837240 0.302632 0.027902 0.068421
0 0.876860 0.538816 0.034226 0.068421
0 0.879464 0.594079 0.032738 0.060526
0 0.971540 0.440789 0.040551 0.073684
0 0.436198 0.859868 0.044271 0.077632