0 0.046689 0.488816 0.040551 0.057895
0 0.129836 0.436842 0.036458 0.052632
0 0.234561 0.675987 0.036086 0.053289
0 0.403832 0.688816 0.042783 0.064474
0 0.526972 0.878947 0.056176 0.057895
0 0.496280 0.719737 0.052083 0.064474
0 0.341146 0.883882 0.049851 0.046711
0 0.434338 0.357237 0.042783 0.053947
0 0.466332 0.336513 0.050223 0.074342
0 0.587054 0.812829 0.035714 0.046711
0 0.756324 0.675658 0.029762 0.052632
0 0.888579 0.672697 0.026414 0.054605
0 0.930618 0.663158 0.038318 0.067105
0 0.957031 0.740461 0.030134 0.065132