0 0.198475 0.973684 0.045759 0.052632
0 0.335193 0.898684 0.030506 0.085526
0 0.357143 0.897697 0.026786 0.075658
0 0.614583 0.866447 0.036458 0.057895
0 0.777902 0.848684 0.030506 0.073684
0 0.145275 0.714145 0.030878 0.074342
0 0.047061 0.944737 0.021949 0.078947
0 0.486421 0.516118 0.024182 0.050658
0 0.521949 0.510526 0.035714 0.056579
0 0.187686 0.550658 0.042039 0.071053
0 0.936756 0.609211 0.032738 0.064474
0 0.414249 0.275987 0.022693 0.075658
0 0.700893 0.411184 0.038690 0.084211
0 0.127418 0.066118 0.022693 0.074342