0 0.461496 0.070724 0.024182 0.074342
0 0.300595 0.024013 0.036458 0.048026
0 0.730097 0.049013 0.039807 0.075658
0 0.849888 0.025000 0.028646 0.050000
0 0.379650 0.126645 0.028646 0.067763
0 0.252976 0.175000 0.032738 0.057895
0 0.860305 0.261842 0.030134 0.064474
0 0.423921 0.392763 0.024926 0.053947
0 0.510417 0.511184 0.030506 0.063158
0 0.052827 0.497368 0.029762 0.057895
0 0.197359 0.580263 0.026414 0.052632
0 0.146019 0.741118 0.026414 0.046711
0 0.519531 0.764145 0.026414 0.046711
0 0.767671 0.734211 0.038318 0.068421
0 0.832031 0.703289 0.039807 0.052632
0 0.859561 0.662171 0.027902 0.050658
0 0.567894 0.911184 0.022693 0.050000
0 0.689918 0.842434 0.026414 0.046711
0 0.893229 0.967105 0.032738 0.053947
0 0.373140 0.948684 0.036458 0.053947