0 0.683408 0.955592 0.034226 0.061184
0 0.377418 0.822368 0.030878 0.053947
0 0.566964 0.775987 0.030506 0.054605
0 0.289621 0.752303 0.030878 0.054605
0 0.118676 0.737171 0.031994 0.059868
0 0.626488 0.723026 0.035714 0.053947
0 0.108445 0.666776 0.028646 0.050658
0 0.599516 0.659539 0.034598 0.059868
0 0.477307 0.653618 0.034226 0.059868
0 0.446057 0.616447 0.032738 0.056579
0 0.156250 0.613487 0.035714 0.053289
0 0.400856 0.609868 0.036086 0.067105
0 0.076823 0.497697 0.028646 0.049342
0 0.449963 0.499013 0.033854 0.054605
0 0.098772 0.458224 0.026414 0.046711
0 0.164621 0.442434 0.030134 0.050658
0 0.767113 0.419079 0.036458 0.063158
0 0.802083 0.402632 0.031994 0.057895
0 0.838170 0.275000 0.031994 0.053947
0 0.972656 0.158224 0.036086 0.059868
0 0.360305 0.123026 0.032366 0.056579
0 0.773438 0.030921 0.034226 0.052632
0 0.140811 0.032237 0.040551 0.064474