0 0.308036 0.169408 0.046131 0.078289
0 0.230097 0.611184 0.042039 0.057895
0 0.455915 0.885526 0.027902 0.053947
0 0.614769 0.904276 0.022693 0.042763
0 0.749070 0.800000 0.027902 0.064474
0 0.821057 0.813158 0.030506 0.057895
0 0.844680 0.573684 0.026414 0.056579
0 0.876488 0.338816 0.032738 0.064474
0 0.914993 0.272697 0.021949 0.042763
0 0.757626 0.148026 0.026414 0.052632
0 0.597656 0.056908 0.042039 0.057237
0 0.638951 0.333224 0.022693 0.042763
0 0.602121 0.379605 0.022693 0.060526
0 0.589844 0.458553 0.026414 0.053947
0 0.674851 0.489474 0.037946 0.057895