0 0.104911 0.217105 0.053571 0.084211
0 0.142857 0.495724 0.044643 0.086184
0 0.148065 0.672368 0.037946 0.056579
0 0.232329 0.595395 0.039807 0.050000
0 0.242374 0.439474 0.030134 0.064474
0 0.308780 0.328947 0.030506 0.064474
0 0.374814 0.684539 0.042039 0.053289
0 0.319568 0.950658 0.042411 0.064474
0 0.448661 0.570395 0.030506 0.064474
0 0.598586 0.604934 0.029762 0.044079
0 0.740327 0.523355 0.032738 0.057237
0 0.761905 0.528947 0.030506 0.063158
0 0.849144 0.733553 0.036086 0.060526
0 0.856027 0.843421 0.029762 0.052632
0 0.823103 0.978618 0.026414 0.040132
0 0.919457 0.662500 0.027902 0.042105
0 0.880766 0.148684 0.030878 0.071053
0 0.917225 0.145395 0.027902 0.064474
0 0.590588 0.173355 0.028646 0.070395
0 0.548921 0.339474 0.024182 0.057895
0 0.243676 0.080592 0.036458 0.071711
0 0.276042 0.034211 0.032738 0.067105