0 0.351004 0.549671 0.046503 0.071711
0 0.180990 0.659868 0.030134 0.067105
0 0.146019 0.664145 0.027902 0.057237
0 0.595982 0.744737 0.028274 0.053947
0 0.676153 0.711513 0.026414 0.054605
0 0.768229 0.703618 0.026786 0.049342
0 0.811012 0.704934 0.022321 0.044079
0 0.947359 0.414474 0.026414 0.036842
0 0.766183 0.045395 0.020461 0.056579
0 0.670759 0.086184 0.016369 0.035526
0 0.602307 0.107895 0.022321 0.036842
0 0.336868 0.055592 0.030134 0.059868
0 0.240885 0.124342 0.024926 0.053947
0 0.071243 0.416447 0.042039 0.071053