0 0.843564 0.645066 0.052455 0.059868
0 0.028646 0.633553 0.030506 0.052632
0 0.269717 0.297368 0.038690 0.064474
0 0.033482 0.241447 0.040179 0.050000
0 0.407366 0.227961 0.029762 0.063816
0 0.727493 0.213816 0.020461 0.053947
0 0.064174 0.126645 0.036086 0.046711
0 0.829613 0.143750 0.029762 0.046711
0 0.300781 0.068421 0.026414 0.050000
0 0.191034 0.053947 0.030134 0.063158
0 0.425595 0.086513 0.023810 0.040132
0 0.427269 0.035197 0.030878 0.054605
0 0.558594 0.518750 0.026414 0.074342
0 0.337054 0.786184 0.029762 0.057895
0 0.632068 0.766447 0.036458 0.057895
0 0.670759 0.759211 0.032738 0.060526
0 0.296317 0.955263 0.026414 0.052632
0 0.058594 0.943750 0.024926 0.070395