0 0.281994 0.849013 0.026786 0.046711
0 0.700335 0.831579 0.040551 0.067105
0 0.258743 0.808224 0.033854 0.059868
0 0.225446 0.776645 0.031994 0.054605
0 0.676711 0.759211 0.032738 0.052632
0 0.389323 0.630921 0.030878 0.056579
0 0.930804 0.588816 0.026786 0.050000
0 0.088728 0.502303 0.026414 0.044079
0 0.273996 0.455921 0.026414 0.047368
0 0.334263 0.403289 0.030878 0.047368
0 0.307478 0.338158 0.030878 0.052632
0 0.187314 0.334539 0.027902 0.049342
0 0.156808 0.296382 0.026414 0.044079
0 0.111421 0.293092 0.028646 0.057237
0 0.979353 0.268092 0.030878 0.054605
0 0.702939 0.251316 0.034598 0.056579
0 0.982329 0.192434 0.032366 0.054605
0 0.161086 0.181250 0.026786 0.046711
0 0.476004 0.096053 0.033854 0.056579
0 0.508743 0.076974 0.028646 0.052632
0 0.798177 0.062171 0.033854 0.054605