0 0.105097 0.906908 0.062128 0.099342
0 0.307850 0.896053 0.038318 0.057895
0 0.309524 0.941447 0.040179 0.056579
0 0.221168 0.611184 0.036830 0.064474
0 0.127232 0.613816 0.055804 0.073684
0 0.047805 0.213816 0.044271 0.060526
0 0.334821 0.341447 0.052083 0.063158
0 0.354725 0.412500 0.054688 0.085526
0 0.547619 0.568750 0.046131 0.070395
0 0.735677 0.586184 0.045759 0.057895
0 0.778274 0.647039 0.049851 0.063816
0 0.587612 0.169079 0.027902 0.053947
0 0.864955 0.149342 0.042411 0.068421
0 0.886905 0.471053 0.038690 0.067105
0 0.910156 0.518421 0.027902 0.052632
0 0.933036 0.434539 0.031994 0.049342