0 0.018043 0.588158 0.036086 0.050000
0 0.026228 0.432237 0.030134 0.064474
0 0.092634 0.321711 0.030506 0.064474
0 0.158668 0.677303 0.042039 0.053289
0 0.103423 0.943421 0.042411 0.064474
0 0.232515 0.563158 0.030506 0.064474
0 0.382440 0.597697 0.029762 0.044079
0 0.524182 0.516118 0.032738 0.057237
0 0.545759 0.521711 0.030506 0.063158
0 0.632999 0.726316 0.036086 0.060526
0 0.639881 0.836184 0.029762 0.052632
0 0.606957 0.971382 0.026414 0.040132
0 0.703311 0.655263 0.027902 0.042105
0 0.664621 0.141447 0.030878 0.071053
0 0.701079 0.138158 0.027902 0.064474
0 0.374442 0.166118 0.028646 0.070395
0 0.332775 0.332237 0.024182 0.057895
0 0.027530 0.073355 0.036458 0.071711
0 0.059896 0.030263 0.032738 0.060526
0 0.803571 0.492763 0.029762 0.063158
0 0.954241 0.614474 0.036458 0.060526
0 0.967820 0.467105 0.039807 0.057895