0 0.796689 0.546382 0.038318 0.075658
0 0.894903 0.192763 0.038318 0.067105
0 0.929315 0.140789 0.030506 0.085526
0 0.725632 0.126316 0.047991 0.089474
0 0.657180 0.203947 0.039807 0.085526
0 0.640811 0.884868 0.050223 0.078947
0 0.574591 0.832566 0.042783 0.078289
0 0.559338 0.535855 0.042039 0.071711
0 0.541667 0.151974 0.034226 0.084211
0 0.468006 0.171382 0.038690 0.086184
0 0.418713 0.226974 0.042783 0.089474
0 0.400670 0.466776 0.042411 0.065132
0 0.372024 0.704276 0.031994 0.054605
0 0.297805 0.694079 0.040551 0.057895
0 0.869420 0.722039 0.032738 0.074342
0 0.878162 0.890132 0.040551 0.060526
0 0.225818 0.386842 0.049851 0.085526
0 0.191220 0.234211 0.032738 0.094737
0 0.161272 0.806250 0.033854 0.078289
0 0.156808 0.284539 0.030134 0.105921
0 0.144903 0.358553 0.040551 0.130263
0 0.306362 0.051316 0.042783 0.085526
0 0.785156 0.035526 0.040551 0.071053