0 0.453497 0.656579 0.032738 0.064474
0 0.474888 0.513487 0.034598 0.046711
0 0.237351 0.488487 0.029762 0.046711
0 0.772135 0.636513 0.026414 0.046711
0 0.875744 0.572039 0.028274 0.046711
0 0.472842 0.461184 0.028274 0.052632
0 0.919643 0.404276 0.032738 0.074342
0 0.432664 0.225987 0.030506 0.075658
0 0.572731 0.347697 0.042783 0.070395
0 0.308222 0.724671 0.030134 0.046711
0 0.599702 0.950000 0.038690 0.060526
0 0.346354 0.494737 0.023810 0.050000
0 0.110491 0.559868 0.036458 0.057895
0 0.154576 0.191118 0.036830 0.075658
0 0.068266 0.670395 0.052455 0.067105
0 0.063802 0.433882 0.022693 0.074342
0 0.816034 0.200000 0.020461 0.057895
0 0.690848 0.095066 0.031994 0.040132
0 0.040179 0.779276 0.048363 0.063816
0 0.918341 0.050658 0.026414 0.064474