0 0.364397 0.977961 0.027902 0.044079
0 0.782180 0.961842 0.039807 0.067105
0 0.340774 0.938158 0.034226 0.060526
0 0.307478 0.907237 0.032366 0.056579
0 0.758929 0.889803 0.032738 0.050658
0 0.471540 0.761513 0.030878 0.057237
0 0.169829 0.631250 0.026414 0.044079
0 0.355655 0.584868 0.026786 0.047368
0 0.083705 0.559868 0.026042 0.047368
0 0.415923 0.532895 0.031994 0.047368
0 0.389137 0.467434 0.031994 0.053289
0 0.268601 0.463158 0.029762 0.050000
0 0.237723 0.424671 0.028274 0.046711
0 0.192336 0.421711 0.029762 0.057895
0 0.785342 0.381250 0.034226 0.057237
0 0.242001 0.308882 0.027902 0.046711
0 0.558408 0.224671 0.034226 0.057237
0 0.591146 0.206250 0.029762 0.053289
0 0.880580 0.192105 0.034226 0.056579
0 0.628534 0.079276 0.028646 0.046711
0 0.955729 0.020395 0.026042 0.040789
0 0.828869 0.025987 0.034226 0.051974