0 0.664435 0.938158 0.034226 0.050000
0 0.627046 0.948026 0.032366 0.057895
0 0.843564 0.834539 0.052455 0.059868
0 0.336310 0.973026 0.040179 0.053947
0 0.028646 0.823026 0.030506 0.052632
0 0.269717 0.486842 0.038690 0.064474
0 0.033482 0.430921 0.040179 0.050000
0 0.407366 0.417434 0.029762 0.063816
0 0.727493 0.403289 0.020461 0.053947
0 0.064174 0.316118 0.036086 0.046711
0 0.829613 0.333224 0.029762 0.046711
0 0.300781 0.257895 0.026414 0.050000
0 0.191034 0.243421 0.030134 0.063158
0 0.425595 0.275987 0.023810 0.040132
0 0.427269 0.224671 0.030878 0.054605
0 0.880394 0.167105 0.027902 0.056579
0 0.022321 0.187500 0.031994 0.053947
0 0.558594 0.708224 0.026414 0.074342