0 0.624070 0.483882 0.038318 0.075658
0 0.722284 0.130263 0.038318 0.067105
0 0.756696 0.078289 0.030506 0.085526
0 0.910528 0.318421 0.039807 0.085526
0 0.985119 0.123026 0.029762 0.063158
0 0.553013 0.063816 0.047991 0.089474
0 0.484561 0.141447 0.039807 0.085526
0 0.468192 0.822368 0.050223 0.078947
0 0.401972 0.770066 0.042783 0.078289
0 0.386719 0.473355 0.042039 0.071711
0 0.369048 0.089474 0.034226 0.084211
0 0.295387 0.108882 0.038690 0.086184
0 0.246094 0.164474 0.042783 0.089474
0 0.228051 0.404276 0.042411 0.065132
0 0.199405 0.641776 0.031994 0.054605
0 0.125186 0.631579 0.040551 0.057895
0 0.696801 0.659539 0.032738 0.074342
0 0.705543 0.827632 0.040551 0.060526
0 0.053199 0.324342 0.049851 0.085526
0 0.018601 0.171711 0.032738 0.094737