0 0.592820 0.476645 0.038318 0.075658
0 0.691034 0.123026 0.038318 0.067105
0 0.725446 0.071053 0.030506 0.085526
0 0.879278 0.311184 0.039807 0.085526
0 0.956101 0.115789 0.034226 0.063158
0 0.521763 0.056579 0.047991 0.089474
0 0.453311 0.134211 0.039807 0.085526
0 0.436942 0.815132 0.050223 0.078947
0 0.370722 0.762829 0.042783 0.078289
0 0.355469 0.466118 0.042039 0.071711
0 0.337798 0.082237 0.034226 0.084211
0 0.264137 0.101645 0.038690 0.086184
0 0.214844 0.157237 0.042783 0.089474
0 0.196801 0.397039 0.042411 0.065132
0 0.168155 0.634539 0.031994 0.054605
0 0.093936 0.624342 0.040551 0.057895
0 0.665551 0.652303 0.032738 0.074342
0 0.674293 0.820395 0.040551 0.060526