0 0.086124 0.072697 0.030134 0.071711
0 0.078683 0.432566 0.026414 0.065132
0 0.147321 0.330921 0.034226 0.060526
0 0.385045 0.356579 0.032738 0.060526
0 0.429688 0.184539 0.032738 0.075658
0 0.065104 0.591118 0.029762 0.050658
0 0.284598 0.581908 0.035714 0.071711
0 0.438244 0.616776 0.034226 0.054605
0 0.213356 0.693750 0.036086 0.053289
0 0.585938 0.534211 0.084077 0.094737
0 0.687128 0.735197 0.052083 0.057237
0 0.696243 0.856579 0.042783 0.063158
0 0.664249 0.972697 0.045759 0.049342
0 0.161458 0.950329 0.046131 0.049342
0 0.718006 0.167434 0.034226 0.046711
0 0.756324 0.161842 0.035714 0.052632
0 0.759301 0.680921 0.032738 0.056579
0 0.116443 0.033224 0.034226 0.050658
0 0.851935 0.495724 0.038690 0.046711
0 0.929874 0.045066 0.042783 0.050658