0 0.103609 0.459211 0.024182 0.064474
0 0.146391 0.326316 0.027902 0.064474
0 0.346726 0.511842 0.031994 0.053947
0 0.423363 0.623026 0.036458 0.060526
0 0.298735 0.678289 0.038690 0.060526
0 0.470238 0.895724 0.032738 0.054605
0 0.501860 0.571053 0.031994 0.063158
0 0.529762 0.355921 0.036458 0.052632
0 0.578125 0.284539 0.026042 0.053289
0 0.770461 0.550987 0.038690 0.050658
0 0.892671 0.521053 0.034598 0.052632
0 0.938616 0.656250 0.030506 0.057237
0 0.904576 0.763158 0.026414 0.056579
0 0.565476 0.073026 0.032738 0.056579
0 0.833147 0.090132 0.027902 0.052632
0 0.983445 0.288487 0.032366 0.049342
0 0.403088 0.161513 0.020461 0.049342
0 0.349888 0.124013 0.021949 0.046711
0 0.352307 0.267434 0.029762 0.053289
0 0.411458 0.306908 0.038690 0.075658