0 0.779948 0.477961 0.038318 0.075658
0 0.878162 0.124342 0.038318 0.067105
0 0.912574 0.072368 0.030506 0.085526
0 0.708891 0.057895 0.047991 0.089474
0 0.640439 0.135526 0.039807 0.085526
0 0.624070 0.816447 0.050223 0.078947
0 0.557850 0.764145 0.042783 0.078289
0 0.542597 0.467434 0.042039 0.071711
0 0.524926 0.083553 0.034226 0.084211
0 0.451265 0.102961 0.038690 0.086184
0 0.401972 0.158553 0.042783 0.089474
0 0.383929 0.398355 0.042411 0.065132
0 0.355283 0.635855 0.031994 0.054605
0 0.281064 0.625658 0.040551 0.057895
0 0.852679 0.653618 0.032738 0.074342
0 0.861421 0.821711 0.040551 0.060526
0 0.209077 0.318421 0.049851 0.085526
0 0.174479 0.165789 0.032738 0.094737
0 0.144531 0.737829 0.033854 0.078289
0 0.140067 0.216118 0.030134 0.105921
0 0.128162 0.290132 0.040551 0.130263