0 0.342634 0.151974 0.032738 0.060526
0 0.245164 0.208224 0.030506 0.075658
0 0.650112 0.056250 0.042039 0.082237
0 0.845052 0.245724 0.026414 0.074342
0 0.869606 0.246053 0.042783 0.085526
0 0.250558 0.382237 0.027902 0.071053
0 0.478609 0.403947 0.039807 0.060526
0 0.550223 0.285526 0.028274 0.078947
0 0.704055 0.327961 0.026414 0.065132
0 0.954055 0.453618 0.027902 0.065132
0 0.417225 0.039474 0.026414 0.052632
0 0.428757 0.663487 0.030134 0.063816
0 0.924479 0.703289 0.032738 0.063158
0 0.958333 0.570724 0.026786 0.050658
0 0.014323 0.310855 0.026414 0.046711
0 0.335751 0.306579 0.027902 0.056579