0 0.554501 0.078618 0.024182 0.074342
0 0.393601 0.027961 0.036458 0.055921
0 0.823103 0.056908 0.039807 0.075658
0 0.942894 0.028947 0.028646 0.057895
0 0.472656 0.134539 0.028646 0.067763
0 0.345982 0.182895 0.032738 0.057895
0 0.953311 0.269737 0.030134 0.064474
0 0.516927 0.400658 0.024926 0.053947
0 0.603423 0.519079 0.030506 0.063158
0 0.145833 0.505263 0.029762 0.057895
0 0.290365 0.588158 0.026414 0.052632
0 0.239025 0.749013 0.026414 0.046711
0 0.612537 0.772039 0.026414 0.046711
0 0.860677 0.742105 0.038318 0.068421
0 0.925037 0.711184 0.039807 0.052632
0 0.952567 0.670066 0.027902 0.050658
0 0.660900 0.919079 0.022693 0.050000
0 0.782924 0.850329 0.026414 0.046711