0 0.933036 0.339474 0.032738 0.057895
0 0.965402 0.382895 0.036458 0.056579
0 0.984933 0.429934 0.030134 0.075658
0 0.972284 0.911513 0.045759 0.070395
0 0.869048 0.767763 0.030506 0.053947
0 0.764881 0.774013 0.044643 0.049342
0 0.451451 0.666776 0.046503 0.042763
0 0.478237 0.709211 0.042783 0.056579
0 0.548177 0.344079 0.046503 0.046053
0 0.534970 0.260526 0.046131 0.050000
0 0.467448 0.283882 0.051711 0.033553
0 0.797991 0.075329 0.046131 0.040132
0 0.982515 0.029934 0.034970 0.044079
0 0.275112 0.373684 0.036086 0.064474
0 0.382626 0.808224 0.039807 0.075658
0 0.220424 0.058224 0.026414 0.046711
0 0.215960 0.083224 0.032366 0.044079
0 0.193824 0.208224 0.029762 0.046711
0 0.172991 0.237171 0.036458 0.040132
0 0.223586 0.891776 0.029762 0.044079
0 0.243490 0.918421 0.026414 0.035526
0 0.224330 0.928289 0.031994 0.035526
0 0.155692 0.875987 0.028646 0.053289