0 0.015997 0.974342 0.031994 0.051316
0 0.422061 0.939803 0.036830 0.065132
0 0.164062 0.928289 0.026786 0.046053
0 0.247210 0.843092 0.026414 0.046711
0 0.712240 0.833553 0.024182 0.043421
0 0.437686 0.816118 0.034598 0.057237
0 0.089844 0.787829 0.024182 0.044079
0 0.173735 0.767105 0.023810 0.042105
0 0.616257 0.760855 0.027902 0.053289
0 0.328497 0.750000 0.030506 0.060526
0 0.446615 0.717105 0.030134 0.046053
0 0.320871 0.682566 0.027902 0.049342
0 0.278274 0.603289 0.029762 0.043421
0 0.093936 0.480592 0.036086 0.054605
0 0.461682 0.384211 0.036458 0.057895
0 0.628534 0.348684 0.042783 0.071053
0 0.510231 0.299342 0.042783 0.053947
0 0.816406 0.357237 0.040551 0.057895
0 0.833333 0.267105 0.031994 0.063158
0 0.863095 0.294408 0.036458 0.070395
0 0.347098 0.198684 0.037946 0.057895
0 0.585379 0.072697 0.042783 0.059868
0 0.766741 0.079605 0.061756 0.057895
0 0.877046 0.721382 0.042783 0.071711
0 0.877418 0.932237 0.034598 0.071053
0 0.962612 0.093750 0.036086 0.057237
0 0.961124 0.056908 0.030134 0.057237