0 0.283854 0.445066 0.035714 0.082237
0 0.202939 0.403289 0.042783 0.094737
0 0.364769 0.693092 0.042783 0.075658
0 0.472470 0.576974 0.046131 0.085526
0 0.494420 0.800329 0.036458 0.049342
0 0.598772 0.642434 0.030134 0.075658
0 0.529390 0.378618 0.032738 0.070395
0 0.725074 0.327961 0.026042 0.074342
0 0.857887 0.474671 0.037946 0.070395
0 0.948103 0.606908 0.036086 0.071711
0 0.632440 0.110197 0.035714 0.074342
0 0.396763 0.114145 0.042039 0.061184
0 0.327009 0.064803 0.040179 0.070395
0 0.045387 0.447039 0.049851 0.063816