0 0.260975 0.931908 0.036830 0.065132
0 0.086124 0.835197 0.026414 0.046711
0 0.551153 0.825658 0.024182 0.043421
0 0.276600 0.808224 0.034598 0.057237
0 0.012649 0.759211 0.023810 0.042105
0 0.455171 0.752961 0.027902 0.053289
0 0.167411 0.742105 0.030506 0.060526
0 0.285528 0.709211 0.030134 0.046053
0 0.159784 0.674671 0.027902 0.049342
0 0.117188 0.595395 0.029762 0.043421
0 0.300595 0.376316 0.036458 0.057895
0 0.467448 0.340789 0.042783 0.071053
0 0.349144 0.291447 0.042783 0.053947
0 0.655320 0.349342 0.040551 0.057895
0 0.672247 0.259211 0.031994 0.063158
0 0.702009 0.286513 0.036458 0.070395
0 0.186012 0.190789 0.037946 0.057895
0 0.424293 0.064803 0.042783 0.059868
0 0.715960 0.713487 0.042783 0.071711
0 0.716332 0.924342 0.034598 0.071053
0 0.801525 0.085855 0.036086 0.057237
0 0.800037 0.049013 0.030134 0.057237
0 0.894159 0.503947 0.040551 0.057895
0 0.606027 0.052632 0.049851 0.084211
0 0.977307 0.451974 0.036458 0.052632