0 0.316778 0.938487 0.036830 0.065132
0 0.058780 0.926974 0.026786 0.046053
0 0.141927 0.841776 0.026414 0.046711
0 0.606957 0.832237 0.024182 0.043421
0 0.332403 0.814803 0.034598 0.057237
0 0.068452 0.765789 0.023810 0.042105
0 0.510975 0.759539 0.027902 0.053289
0 0.223214 0.748684 0.030506 0.060526
0 0.341332 0.715789 0.030134 0.046053
0 0.215588 0.681250 0.027902 0.049342
0 0.172991 0.601974 0.029762 0.043421
0 0.356399 0.382895 0.036458 0.057895
0 0.523251 0.347368 0.042783 0.071053
0 0.404948 0.298026 0.042783 0.053947
0 0.711124 0.355921 0.040551 0.057895
0 0.728051 0.265789 0.031994 0.063158
0 0.757812 0.293092 0.036458 0.070395
0 0.241815 0.197368 0.037946 0.057895
0 0.480097 0.071382 0.042783 0.059868
0 0.771763 0.720066 0.042783 0.071711
0 0.772135 0.930921 0.034598 0.071053
0 0.857329 0.092434 0.036086 0.057237
0 0.855841 0.055592 0.030134 0.057237
0 0.949963 0.510526 0.040551 0.057895
0 0.661830 0.059211 0.049851 0.084211