0 0.070685 0.554276 0.046131 0.070395
0 0.258743 0.571711 0.045759 0.057895
0 0.301339 0.632566 0.049851 0.063816
0 0.110677 0.154605 0.027902 0.053947
0 0.388021 0.134868 0.042411 0.068421
0 0.419457 0.453618 0.032366 0.063816
0 0.436198 0.500987 0.020461 0.046711
0 0.462984 0.419079 0.033854 0.042105
0 0.547619 0.020066 0.036458 0.040132
0 0.599330 0.601316 0.034226 0.068421
0 0.842634 0.753618 0.036458 0.075658
0 0.844122 0.024671 0.041667 0.049342
0 0.872954 0.753947 0.042783 0.073684
0 0.590030 0.858224 0.048363 0.067763