0 0.724330 0.774671 0.049851 0.086184
0 0.702939 0.700329 0.040551 0.080921
0 0.623512 0.612171 0.038690 0.092763
0 0.527716 0.703947 0.044271 0.092105
0 0.441220 0.913158 0.031994 0.100000
0 0.875186 0.789474 0.044271 0.085526
0 0.139509 0.751316 0.040179 0.081579
0 0.111979 0.644408 0.031994 0.070395
0 0.317894 0.506250 0.042783 0.074342
0 0.103609 0.549013 0.056176 0.095395
0 0.374256 0.284868 0.042411 0.067105
0 0.651228 0.278947 0.033854 0.081579
0 0.112909 0.301974 0.039807 0.052632
0 0.143043 0.192763 0.045759 0.064474
0 0.138207 0.142105 0.042783 0.084211
0 0.731213 0.230592 0.042783 0.071711
0 0.760417 0.180921 0.056548 0.102632
0 0.908296 0.247368 0.093378 0.117105
0 0.675223 0.057237 0.048363 0.073684