0 0.871466 0.977303 0.028646 0.045395
0 0.545945 0.883553 0.027902 0.047368
0 0.360491 0.872697 0.026042 0.049342
0 0.592448 0.814803 0.032366 0.053289
0 0.566778 0.788158 0.032366 0.056579
0 0.699777 0.611184 0.034226 0.053947
0 0.315290 0.594408 0.036086 0.046711
0 0.699963 0.576316 0.027902 0.050000
0 0.495536 0.580592 0.047619 0.080921
0 0.393415 0.319737 0.026414 0.043421
0 0.613653 0.288816 0.030134 0.047368
0 0.518229 0.288158 0.035714 0.056579
0 0.938616 0.248355 0.040179 0.067763
0 0.331101 0.107566 0.026786 0.044079
0 0.308966 0.067763 0.040551 0.064474
0 0.276228 0.045066 0.039807 0.067763
0 0.725074 0.024342 0.037946 0.048684
0 0.209077 0.450658 0.034226 0.060526
0 0.113653 0.461513 0.022693 0.044079
0 0.239583 0.824671 0.029762 0.053289
0 0.193266 0.913487 0.030878 0.053289
0 0.075707 0.714803 0.018973 0.038816
0 0.748698 0.093092 0.044271 0.070395