0 0.296689 0.822368 0.045759 0.078947
0 0.551339 0.577632 0.050595 0.085526
0 0.621094 0.782237 0.024182 0.047368
0 0.649926 0.804276 0.029762 0.044079
0 0.601935 0.880921 0.023810 0.052632
0 0.416667 0.867105 0.034226 0.060526
0 0.252604 0.908224 0.023810 0.046711
0 0.267113 0.447697 0.029762 0.053289
0 0.371466 0.595395 0.022693 0.052632
0 0.449219 0.319079 0.028646 0.053947
0 0.574033 0.284211 0.036458 0.060526
0 0.668713 0.286513 0.030134 0.053289
0 0.754650 0.572039 0.033854 0.049342
0 0.755022 0.608224 0.038318 0.046711
0 0.930060 0.972368 0.032738 0.055263
0 0.804501 0.084539 0.056176 0.091447
0 0.780506 0.019079 0.032738 0.038158
0 0.388951 0.107895 0.030134 0.064474
0 0.366071 0.067763 0.036458 0.063158
0 0.334263 0.040132 0.028646 0.056579
0 0.174479 0.464803 0.020089 0.050658
0 0.135417 0.716118 0.017857 0.038816