0 0.014137 0.609211 0.028274 0.060526
0 0.056920 0.881908 0.032738 0.054605
0 0.088542 0.557237 0.031994 0.063158
0 0.116443 0.342105 0.036458 0.052632
0 0.164807 0.270724 0.026042 0.053289
0 0.357143 0.537171 0.038690 0.050658
0 0.479353 0.507237 0.034598 0.052632
0 0.525298 0.642434 0.030506 0.057237
0 0.491257 0.749342 0.026414 0.056579
0 0.152158 0.059211 0.032738 0.056579
0 0.419829 0.076316 0.027902 0.052632
0 0.570126 0.274671 0.032366 0.049342
0 0.654390 0.560855 0.029762 0.053289
0 0.764509 0.578947 0.032738 0.063158
0 0.734747 0.808224 0.031994 0.057237
0 0.878162 0.743421 0.026414 0.064474
0 0.855469 0.302632 0.027902 0.068421
0 0.895089 0.538816 0.034226 0.068421
0 0.897693 0.594079 0.032738 0.060526