0 0.176897 0.154276 0.020461 0.074342
0 0.489397 0.097039 0.030134 0.071711
0 0.520647 0.042434 0.030134 0.078289
0 0.223958 0.304934 0.030506 0.088816
0 0.343750 0.236184 0.032738 0.064474
0 0.481957 0.456908 0.026414 0.065132
0 0.550595 0.355263 0.034226 0.060526
0 0.788318 0.380921 0.032738 0.060526
0 0.832961 0.208882 0.032738 0.075658
0 0.143043 0.613487 0.028646 0.057237
0 0.385975 0.517434 0.033854 0.067763
0 0.468378 0.615461 0.029762 0.050658
0 0.687872 0.606250 0.035714 0.071711
0 0.841518 0.641118 0.034226 0.054605
0 0.389509 0.700987 0.028274 0.057237
0 0.616629 0.718092 0.036086 0.053289
0 0.107515 0.703289 0.030506 0.064474
0 0.083519 0.864145 0.027902 0.046711