0 0.475632 0.643750 0.036086 0.078289
0 0.482329 0.813158 0.030878 0.057895
0 0.406064 0.477961 0.038318 0.075658
0 0.504278 0.124342 0.038318 0.067105
0 0.538690 0.072368 0.030506 0.085526
0 0.692522 0.312500 0.039807 0.085526
0 0.873140 0.546711 0.036458 0.092105
0 0.769345 0.117105 0.034226 0.063158
0 0.335007 0.057895 0.047991 0.089474
0 0.266555 0.135526 0.039807 0.085526
0 0.250186 0.816447 0.050223 0.078947
0 0.183966 0.764145 0.042783 0.078289
0 0.168713 0.467434 0.042039 0.071711
0 0.151042 0.083553 0.034226 0.084211
0 0.077381 0.102961 0.038690 0.086184
0 0.028088 0.158553 0.042783 0.089474