0 0.207961 0.663158 0.036458 0.063158
0 0.391555 0.533882 0.026414 0.044079
0 0.516369 0.501974 0.035714 0.057895
0 0.937686 0.460855 0.042039 0.067763
0 0.329241 0.321053 0.026786 0.046053
0 0.747210 0.304934 0.047991 0.074342
0 0.306362 0.280921 0.040551 0.067105
0 0.273996 0.255263 0.039807 0.060526
0 0.723214 0.231908 0.031994 0.049342
0 0.498140 0.793092 0.053571 0.082237
0 0.310454 0.809868 0.038318 0.064474
0 0.111421 0.670724 0.030134 0.044079
0 0.073103 0.923355 0.030134 0.042763
0 0.699777 0.826316 0.037946 0.057895
0 0.699777 0.790132 0.030506 0.064474
0 0.612537 0.501316 0.042783 0.057895
0 0.436012 0.110197 0.042411 0.057237
0 0.976562 0.067763 0.035714 0.067105