0 0.102679 0.624671 0.026042 0.046711
0 0.249256 0.908224 0.036458 0.044079
0 0.853981 0.586842 0.024926 0.035526
0 0.951079 0.546711 0.042039 0.056579
0 0.416481 0.600987 0.030878 0.053289
0 0.514323 0.535526 0.030134 0.032895
0 0.775856 0.639803 0.030134 0.046711
0 0.119606 0.487500 0.042783 0.064474
0 0.127232 0.428947 0.023810 0.053947
0 0.570312 0.374671 0.035714 0.046711
0 0.902158 0.395724 0.028274 0.050658
0 0.960565 0.487500 0.043899 0.052632
0 0.087984 0.198026 0.026414 0.057895
0 0.221912 0.321053 0.042783 0.067105
0 0.334077 0.052961 0.026786 0.046711
0 0.459077 0.159211 0.020089 0.042105