0 0.370722 0.811842 0.030134 0.067105
0 0.652902 0.678618 0.035714 0.065132
0 0.695312 0.612171 0.041667 0.095395
0 0.768601 0.590461 0.038690 0.075658
0 0.279762 0.333882 0.036458 0.080921
0 0.537574 0.278947 0.048363 0.077632
0 0.376302 0.401645 0.024926 0.063816
0 0.418155 0.680921 0.032738 0.052632
0 0.380580 0.725329 0.032738 0.053289
0 0.456845 0.838487 0.036458 0.071711
0 0.537946 0.490132 0.028274 0.052632
0 0.627418 0.916118 0.022693 0.044079
0 0.724516 0.088816 0.033854 0.060526
0 0.888765 0.661184 0.030506 0.056579