0 0.796689 0.579276 0.038318 0.075658
0 0.894903 0.225658 0.038318 0.067105
0 0.929315 0.173684 0.030506 0.085526
0 0.725632 0.159211 0.047991 0.089474
0 0.657180 0.236842 0.039807 0.085526
0 0.640811 0.917763 0.050223 0.078947
0 0.574591 0.865461 0.042783 0.078289
0 0.559338 0.568750 0.042039 0.071711
0 0.541667 0.184868 0.034226 0.084211
0 0.468006 0.204276 0.038690 0.086184
0 0.418713 0.259868 0.042783 0.089474
0 0.400670 0.499671 0.042411 0.065132
0 0.372024 0.737171 0.031994 0.054605
0 0.297805 0.726974 0.040551 0.057895
0 0.869420 0.754934 0.032738 0.074342
0 0.878162 0.923026 0.040551 0.060526
0 0.225818 0.419737 0.049851 0.085526
0 0.191220 0.267105 0.032738 0.094737
0 0.161272 0.839145 0.033854 0.078289
0 0.156808 0.317434 0.030134 0.105921
0 0.144903 0.391447 0.040551 0.130263
0 0.306362 0.084211 0.042783 0.085526
0 0.785156 0.066118 0.040551 0.075658