0 0.330171 0.977303 0.028646 0.045395
0 0.617932 0.940132 0.030506 0.053947
0 0.769159 0.813487 0.033854 0.061184
0 0.379092 0.655921 0.035714 0.064474
0 0.102865 0.641776 0.032366 0.057237
0 0.921689 0.631579 0.036086 0.057895
0 0.780692 0.596711 0.036086 0.052632
0 0.382626 0.579276 0.036830 0.065132
0 0.885975 0.529605 0.033854 0.053947
0 0.197731 0.454934 0.034598 0.061184
0 0.512835 0.413158 0.030878 0.050000
0 0.701265 0.319737 0.031994 0.056579
0 0.148065 0.286842 0.034226 0.060526
0 0.272879 0.276974 0.030134 0.052632
0 0.355469 0.270066 0.032366 0.057237
0 0.050409 0.254605 0.030878 0.071053
0 0.520833 0.246382 0.032738 0.053289
0 0.293899 0.221711 0.029762 0.064474
0 0.085751 0.229934 0.027902 0.070395