0 0.290737 0.652303 0.036086 0.078289
0 0.297433 0.821711 0.030878 0.057895
0 0.221168 0.486513 0.038318 0.075658
0 0.319382 0.132895 0.038318 0.067105
0 0.353795 0.080921 0.030506 0.085526
0 0.507626 0.321053 0.039807 0.085526
0 0.688244 0.555263 0.036458 0.092105
0 0.839472 0.500329 0.033854 0.044079
0 0.837054 0.415789 0.031994 0.081579
0 0.823103 0.044079 0.030134 0.063158
0 0.584449 0.125658 0.034226 0.063158
0 0.150112 0.066447 0.047991 0.089474
0 0.081659 0.144079 0.039807 0.085526
0 0.065290 0.825000 0.050223 0.078947