0 0.200149 0.276645 0.030506 0.053289
0 0.588542 0.266118 0.035714 0.063816
0 0.120536 0.212829 0.023810 0.044079
0 0.185082 0.188487 0.030134 0.049342
0 0.754650 0.134539 0.033854 0.061184
0 0.621280 0.309868 0.046131 0.084211
0 0.645275 0.351974 0.030134 0.064474
0 0.834449 0.535855 0.048363 0.082237
0 0.928013 0.538816 0.042783 0.075000
0 0.710193 0.565461 0.034226 0.046711
0 0.111235 0.594737 0.032738 0.057895
0 0.138765 0.639803 0.029762 0.057237
0 0.525298 0.686184 0.037946 0.063158
0 0.424107 0.691776 0.026786 0.049342
0 0.042969 0.743092 0.024182 0.044079
0 0.811012 0.825987 0.049851 0.078289
0 0.391183 0.957566 0.030134 0.053289