0 0.079055 0.944079 0.030878 0.057895
0 0.615513 0.942105 0.028646 0.052632
0 0.709821 0.970724 0.029762 0.044079
0 0.443266 0.912829 0.026414 0.046711
0 0.965588 0.922697 0.024182 0.046711
0 0.263393 0.745395 0.034226 0.057895
0 0.343378 0.681579 0.034226 0.060526
0 0.647321 0.620066 0.029762 0.053289
0 0.682478 0.592763 0.034598 0.056579
0 0.022507 0.600000 0.030134 0.056579
0 0.043527 0.508224 0.017857 0.033553
0 0.068638 0.530921 0.028646 0.052632
0 0.172991 0.329276 0.036458 0.053289
0 0.172619 0.293092 0.042411 0.050658
0 0.931548 0.259868 0.031994 0.057895
0 0.638579 0.027961 0.039807 0.054605