0 0.306920 0.684539 0.030506 0.044079
0 0.315290 0.725658 0.024182 0.063158
0 0.460751 0.904605 0.026414 0.047368
0 0.513021 0.944737 0.020089 0.035526
0 0.674107 0.855263 0.023810 0.042105
0 0.694940 0.669079 0.034226 0.057895
0 0.944754 0.875658 0.027902 0.046053
0 0.632626 0.385855 0.028646 0.046711
0 0.499814 0.231579 0.026414 0.052632
0 0.632999 0.120066 0.042783 0.074342
0 0.459449 0.153289 0.035714 0.050000
0 0.418341 0.102961 0.033854 0.046711
0 0.281994 0.116447 0.030506 0.053947
0 0.248140 0.306579 0.029762 0.056579
0 0.042783 0.158882 0.031994 0.067763
0 0.027344 0.478289 0.028646 0.063158
0 0.446243 0.554605 0.028646 0.057895