0 0.656064 0.795066 0.030134 0.044079
0 0.714844 0.744079 0.044271 0.043421
0 0.769903 0.971382 0.039807 0.057237
0 0.380208 0.767105 0.040179 0.064474
0 0.206473 0.750658 0.038690 0.056579
0 0.198289 0.675000 0.032738 0.063158
0 0.246466 0.623684 0.046503 0.064474
0 0.493304 0.621053 0.034226 0.068421
0 0.538690 0.625658 0.032738 0.057895
0 0.569010 0.674671 0.036086 0.065132
0 0.690104 0.675987 0.036458 0.065132
0 0.166109 0.506908 0.030134 0.050658
0 0.188988 0.462500 0.029762 0.053947
0 0.254836 0.452961 0.032738 0.046711
0 0.542597 0.514474 0.030134 0.063158
0 0.471726 0.839145 0.040179 0.074342
0 0.453497 0.135526 0.032738 0.064474
0 0.858631 0.433553 0.046131 0.078947
0 0.891927 0.412171 0.039807 0.067763
0 0.925037 0.288487 0.038318 0.070395
0 0.864955 0.044408 0.032738 0.067763
0 0.016927 0.219408 0.033854 0.063816
0 0.231213 0.034539 0.042783 0.069079