0 0.724888 0.981579 0.028646 0.036842
0 0.773810 0.664474 0.035714 0.064474
0 0.497582 0.650329 0.032366 0.057237
0 0.777344 0.587829 0.036830 0.065132
0 0.592448 0.463487 0.034598 0.061184
0 0.907552 0.421711 0.030878 0.050000
0 0.542783 0.295395 0.034226 0.060526
0 0.667597 0.285526 0.030134 0.052632
0 0.750186 0.278618 0.032366 0.057237
0 0.445126 0.263158 0.030878 0.071053
0 0.915551 0.254934 0.032738 0.053289
0 0.688616 0.230263 0.029762 0.064474
0 0.480469 0.238487 0.027902 0.070395
0 0.308966 0.490789 0.022693 0.042105
0 0.344680 0.365789 0.022693 0.035526
0 0.285714 0.125987 0.030506 0.046711
0 0.272135 0.505921 0.032366 0.064474
0 0.139137 0.814803 0.035714 0.042763