0 0.021205 0.266776 0.036458 0.070395
0 0.035156 0.693750 0.042783 0.071711
0 0.035528 0.904605 0.034598 0.071053
0 0.120722 0.066118 0.036086 0.057237
0 0.119234 0.029276 0.030134 0.057237
0 0.213356 0.484211 0.040551 0.057895
0 0.296503 0.432237 0.036458 0.052632
0 0.401228 0.671382 0.036086 0.053289
0 0.570499 0.684211 0.042783 0.064474
0 0.693638 0.874342 0.056176 0.057895
0 0.662946 0.715132 0.052083 0.064474
0 0.507812 0.879276 0.049851 0.046711
0 0.601004 0.352632 0.042783 0.053947
0 0.632999 0.331908 0.050223 0.074342
0 0.753720 0.808224 0.035714 0.046711
0 0.922991 0.671053 0.029762 0.052632