0 0.102679 0.047368 0.029762 0.050000
0 0.135789 0.028947 0.020089 0.039474
0 0.191778 0.017434 0.027902 0.034868
0 0.408110 0.073026 0.036458 0.053947
0 0.028088 0.185526 0.024182 0.047368
0 0.242374 0.212171 0.039807 0.065132
0 0.066406 0.248355 0.026414 0.049342
0 0.106957 0.319079 0.030134 0.053947
0 0.638393 0.336842 0.032738 0.060526
0 0.790365 0.364803 0.036086 0.074342
0 0.926153 0.261842 0.030134 0.064474
0 0.242001 0.482895 0.033854 0.052632
0 0.058408 0.656250 0.029762 0.063816
0 0.303757 0.764145 0.026414 0.050658
0 0.278460 0.950000 0.030134 0.057895
0 0.554315 0.966776 0.035714 0.066447
0 0.747582 0.855592 0.038318 0.075658
0 0.920015 0.802303 0.036458 0.078289