0 0.144159 0.906908 0.028646 0.054605
0 0.074033 0.893092 0.020089 0.046711
0 0.174479 0.670724 0.031994 0.042763
0 0.334635 0.734539 0.030134 0.046711
0 0.649368 0.928947 0.042039 0.053947
0 0.577753 0.757237 0.032738 0.060526
0 0.868676 0.605921 0.030506 0.060526
0 0.201265 0.431579 0.034226 0.064474
0 0.245164 0.360855 0.034226 0.050658
0 0.435640 0.405263 0.032738 0.050000
0 0.675967 0.414474 0.029762 0.060526
0 0.714844 0.357237 0.040551 0.067105
0 0.944010 0.415132 0.030134 0.050000
0 0.318824 0.335855 0.030506 0.053289
0 0.511905 0.337171 0.031994 0.049342
0 0.088356 0.252303 0.026414 0.049342
0 0.561942 0.223355 0.032366 0.050658
0 0.748698 0.218421 0.044271 0.057895
0 0.809338 0.152632 0.042039 0.052632
0 0.090960 0.032895 0.030878 0.057895
0 0.627418 0.030921 0.028646 0.052632
0 0.721726 0.059539 0.029762 0.044079