0 0.946429 0.127303 0.030506 0.046711
0 0.651228 0.746711 0.040551 0.057895
0 0.622768 0.708224 0.036458 0.046711
0 0.627232 0.588816 0.035714 0.053947
0 0.576451 0.701645 0.026414 0.067763
0 0.538132 0.214145 0.022693 0.049342
0 0.468006 0.848026 0.032738 0.052632
0 0.346912 0.542434 0.040551 0.046711
0 0.337054 0.716118 0.036458 0.044079
0 0.279948 0.555921 0.042783 0.067105
0 0.255766 0.597368 0.042783 0.052632
0 0.286644 0.753947 0.036830 0.057895
0 0.296689 0.826645 0.030134 0.070395
0 0.781064 0.758882 0.024926 0.046711
0 0.804315 0.826645 0.032738 0.061184
0 0.748698 0.874671 0.030878 0.042763
0 0.557292 0.923684 0.032738 0.057895
0 0.946057 0.519737 0.038690 0.052632
0 0.978051 0.503618 0.029762 0.067763
0 0.316592 0.114145 0.030506 0.086184
0 0.094866 0.309868 0.029762 0.053947