0 0.311384 0.836513 0.026786 0.046711
0 0.729725 0.819079 0.040551 0.067105
0 0.288132 0.795724 0.033854 0.059868
0 0.254836 0.764145 0.031994 0.054605
0 0.706101 0.746711 0.032738 0.052632
0 0.418713 0.618421 0.030878 0.056579
0 0.960193 0.576316 0.026786 0.050000
0 0.118118 0.489803 0.026414 0.044079
0 0.303385 0.443421 0.026414 0.047368
0 0.363653 0.390789 0.030878 0.047368
0 0.336868 0.325658 0.030878 0.052632
0 0.216704 0.322039 0.027902 0.049342
0 0.186198 0.283882 0.026414 0.044079
0 0.140811 0.280592 0.028646 0.057237
0 0.732329 0.238816 0.034598 0.056579
0 0.190476 0.168750 0.026786 0.046711
0 0.505394 0.083553 0.033854 0.056579
0 0.538132 0.064474 0.028646 0.052632
0 0.827567 0.049671 0.033854 0.054605
0 0.031808 0.418092 0.026414 0.046711
0 0.914249 0.964145 0.046503 0.071711