0 0.390067 0.644408 0.036086 0.078289
0 0.396763 0.813816 0.030878 0.057895
0 0.320499 0.478618 0.038318 0.075658
0 0.418713 0.125000 0.038318 0.067105
0 0.453125 0.073026 0.030506 0.085526
0 0.606957 0.313158 0.039807 0.085526
0 0.787574 0.547368 0.036458 0.092105
0 0.938802 0.492434 0.033854 0.044079
0 0.936384 0.407895 0.031994 0.081579
0 0.922433 0.036184 0.030134 0.063158
0 0.683780 0.117763 0.034226 0.063158
0 0.249442 0.058553 0.047991 0.089474
0 0.180990 0.136184 0.039807 0.085526
0 0.164621 0.817105 0.050223 0.078947
0 0.098400 0.764803 0.042783 0.078289
0 0.083147 0.468092 0.042039 0.071711
0 0.065476 0.084211 0.034226 0.084211