0 0.412760 0.789803 0.022693 0.075658
0 0.699405 0.925000 0.038690 0.084211
0 0.125930 0.579934 0.022693 0.074342
0 0.261533 0.503289 0.032738 0.064474
0 0.282924 0.360197 0.034598 0.046711
0 0.160156 0.351974 0.022693 0.064474
0 0.045387 0.335197 0.029762 0.046711
0 0.580171 0.483224 0.026414 0.046711
0 0.683780 0.418750 0.028274 0.046711
0 0.948289 0.489474 0.053571 0.060526
0 0.937686 0.524342 0.039807 0.052632
0 0.280878 0.307895 0.028274 0.052632
0 0.727679 0.250987 0.032738 0.074342
0 0.617560 0.051316 0.031994 0.063158
0 0.240699 0.072697 0.030506 0.075658