0 0.951265 0.779934 0.049851 0.086184
0 0.929874 0.705592 0.040551 0.080921
0 0.850446 0.617434 0.038690 0.092763
0 0.754650 0.709211 0.044271 0.092105
0 0.668155 0.918421 0.031994 0.100000
0 0.366443 0.756579 0.040179 0.081579
0 0.338914 0.649671 0.031994 0.070395
0 0.544829 0.511513 0.042783 0.074342
0 0.330543 0.554276 0.056176 0.095395
0 0.601190 0.290132 0.042411 0.067105
0 0.878162 0.284211 0.033854 0.081579
0 0.339844 0.307237 0.039807 0.052632
0 0.369978 0.198026 0.045759 0.064474
0 0.365141 0.147368 0.042783 0.084211
0 0.958147 0.235855 0.042783 0.071711
0 0.979539 0.186184 0.040923 0.102632
0 0.902158 0.062500 0.048363 0.073684
0 0.114955 0.404605 0.047619 0.077632
0 0.029018 0.914474 0.050595 0.088158