0 0.944196 0.127303 0.030506 0.046711
0 0.648996 0.746711 0.040551 0.057895
0 0.620536 0.708224 0.036458 0.046711
0 0.625000 0.588816 0.035714 0.053947
0 0.574219 0.701645 0.026414 0.067763
0 0.535900 0.214145 0.022693 0.049342
0 0.465774 0.848026 0.032738 0.052632
0 0.344680 0.542434 0.040551 0.046711
0 0.334821 0.716118 0.036458 0.044079
0 0.277716 0.555921 0.042783 0.067105
0 0.253534 0.597368 0.042783 0.052632
0 0.284412 0.753947 0.036830 0.057895
0 0.294457 0.826645 0.030134 0.070395
0 0.778832 0.758882 0.024926 0.046711
0 0.802083 0.826645 0.032738 0.061184
0 0.746466 0.874671 0.030878 0.042763
0 0.555060 0.923684 0.032738 0.057895
0 0.943824 0.519737 0.038690 0.052632
0 0.975818 0.503618 0.029762 0.067763
0 0.314360 0.114145 0.030506 0.086184
0 0.092634 0.309868 0.029762 0.053947