0 0.352121 0.643092 0.036086 0.078289
0 0.358817 0.812500 0.030878 0.057895
0 0.282552 0.477303 0.038318 0.075658
0 0.380766 0.123684 0.038318 0.067105
0 0.415179 0.071711 0.030506 0.085526
0 0.569010 0.311842 0.039807 0.085526
0 0.749628 0.546053 0.036458 0.092105
0 0.900856 0.491118 0.033854 0.044079
0 0.898438 0.406579 0.031994 0.081579
0 0.884487 0.034868 0.030134 0.063158
0 0.645833 0.116447 0.034226 0.063158
0 0.211496 0.057237 0.047991 0.089474
0 0.143043 0.134868 0.039807 0.085526
0 0.126674 0.815789 0.050223 0.078947
0 0.060454 0.763487 0.042783 0.078289
0 0.045201 0.466776 0.042039 0.071711