0 0.034226 0.614474 0.036458 0.060526
0 0.081101 0.887171 0.032738 0.054605
0 0.112723 0.562500 0.031994 0.063158
0 0.140625 0.347368 0.036458 0.052632
0 0.188988 0.275987 0.026042 0.053289
0 0.381324 0.542434 0.038690 0.050658
0 0.503534 0.512500 0.034598 0.052632
0 0.549479 0.647697 0.030506 0.057237
0 0.515439 0.754605 0.026414 0.056579
0 0.176339 0.064474 0.032738 0.056579
0 0.444010 0.081579 0.027902 0.052632
0 0.594308 0.279934 0.032366 0.049342
0 0.013951 0.152961 0.020461 0.049342
0 0.022321 0.298355 0.038690 0.075658
0 0.678571 0.566118 0.029762 0.053289
0 0.788690 0.584211 0.032738 0.063158
0 0.758929 0.813487 0.031994 0.057237
0 0.902344 0.748684 0.026414 0.064474
0 0.879650 0.307895 0.027902 0.068421
0 0.919271 0.544079 0.034226 0.068421
0 0.921875 0.599342 0.032738 0.060526