0 0.129650 0.922697 0.036830 0.065132
0 0.419829 0.816447 0.024182 0.043421
0 0.145275 0.799013 0.034598 0.057237
0 0.323847 0.743750 0.027902 0.053289
0 0.036086 0.732895 0.030506 0.060526
0 0.154204 0.700000 0.030134 0.046053
0 0.028460 0.665461 0.027902 0.049342
0 0.169271 0.367105 0.036458 0.057895
0 0.336124 0.331579 0.042783 0.071053
0 0.217820 0.282237 0.042783 0.053947
0 0.523996 0.340132 0.040551 0.057895
0 0.540923 0.250000 0.031994 0.063158
0 0.570685 0.277303 0.036458 0.070395
0 0.054688 0.181579 0.037946 0.057895
0 0.292969 0.055592 0.042783 0.059868
0 0.584635 0.704276 0.042783 0.071711
0 0.585007 0.915132 0.034598 0.071053
0 0.670201 0.076645 0.036086 0.057237
0 0.668713 0.039803 0.030134 0.057237
0 0.762835 0.494737 0.040551 0.057895
0 0.474702 0.043421 0.049851 0.084211
0 0.845982 0.442763 0.036458 0.052632
0 0.950707 0.681908 0.036086 0.053289