0 0.362537 0.552303 0.046503 0.071711
0 0.192522 0.662500 0.030134 0.067105
0 0.157552 0.666776 0.027902 0.057237
0 0.607515 0.747368 0.028274 0.053947
0 0.687686 0.714145 0.026414 0.054605
0 0.779762 0.706250 0.026786 0.049342
0 0.822545 0.707566 0.022321 0.044079
0 0.958891 0.417105 0.026414 0.036842
0 0.777716 0.048026 0.020461 0.056579
0 0.682292 0.088816 0.016369 0.035526
0 0.613839 0.110526 0.022321 0.036842
0 0.348400 0.058224 0.030134 0.059868
0 0.252418 0.126974 0.024926 0.053947
0 0.082775 0.419079 0.042039 0.071053