0 0.304688 0.672697 0.030506 0.044079
0 0.313058 0.713816 0.024182 0.063158
0 0.458519 0.892763 0.026414 0.047368
0 0.510789 0.932895 0.020089 0.035526
0 0.671875 0.843421 0.023810 0.042105
0 0.692708 0.657237 0.034226 0.057895
0 0.942522 0.863816 0.027902 0.046053
0 0.630394 0.374013 0.028646 0.046711
0 0.497582 0.219737 0.026414 0.052632
0 0.630766 0.108224 0.042783 0.074342
0 0.457217 0.141447 0.035714 0.050000
0 0.416109 0.091118 0.033854 0.046711
0 0.279762 0.104605 0.030506 0.053947
0 0.245908 0.294737 0.029762 0.056579
0 0.040551 0.147039 0.031994 0.067763
0 0.025112 0.466447 0.028646 0.063158
0 0.444010 0.542763 0.028646 0.057895