0 0.285528 0.046711 0.024926 0.060526
0 0.295945 0.308882 0.020461 0.074342
0 0.608445 0.251645 0.030134 0.071711
0 0.639695 0.197039 0.030134 0.078289
0 0.343006 0.459539 0.030506 0.088816
0 0.462798 0.390789 0.032738 0.064474
0 0.601004 0.611513 0.026414 0.065132
0 0.669643 0.509868 0.034226 0.060526
0 0.907366 0.535526 0.032738 0.060526
0 0.952009 0.363487 0.032738 0.075658
0 0.262091 0.768092 0.028646 0.057237
0 0.505022 0.672039 0.033854 0.067763
0 0.587426 0.770066 0.029762 0.050658
0 0.806920 0.760855 0.035714 0.071711
0 0.960565 0.795724 0.034226 0.054605
0 0.508557 0.855592 0.028274 0.057237
0 0.735677 0.872697 0.036086 0.053289
0 0.226562 0.857895 0.030506 0.064474