0 0.342820 0.549671 0.046503 0.071711
0 0.172805 0.659868 0.030134 0.067105
0 0.137835 0.664145 0.027902 0.057237
0 0.587798 0.744737 0.028274 0.053947
0 0.667969 0.711513 0.026414 0.054605
0 0.760045 0.703618 0.026786 0.049342
0 0.802827 0.704934 0.022321 0.044079
0 0.939174 0.414474 0.026414 0.036842
0 0.757999 0.045395 0.020461 0.056579
0 0.662574 0.086184 0.016369 0.035526
0 0.594122 0.107895 0.022321 0.036842
0 0.328683 0.055592 0.030134 0.059868
0 0.232701 0.124342 0.024926 0.053947
0 0.063058 0.416447 0.042039 0.071053