0 0.197917 0.633882 0.030506 0.053289
0 0.586310 0.623355 0.035714 0.063816
0 0.118304 0.570066 0.023810 0.044079
0 0.182850 0.545724 0.030134 0.049342
0 0.752418 0.491776 0.033854 0.061184
0 0.446429 0.358553 0.031994 0.056579
0 0.636347 0.312171 0.040551 0.074342
0 0.358073 0.288487 0.042039 0.074342
0 0.187686 0.273355 0.032366 0.063816
0 0.695499 0.258882 0.036086 0.054605
0 0.176339 0.202303 0.030506 0.053289
0 0.668713 0.195724 0.036086 0.061184
0 0.546317 0.189474 0.034598 0.057895
0 0.224330 0.150000 0.036458 0.053947
0 0.515439 0.152961 0.042783 0.074342
0 0.470796 0.145066 0.046503 0.084868
0 0.519159 0.034868 0.033854 0.053947
0 0.144903 0.033553 0.030134 0.050000
0 0.619048 0.667105 0.046131 0.084211
0 0.643043 0.709211 0.030134 0.064474
0 0.832217 0.893092 0.048363 0.082237
0 0.925781 0.896053 0.042783 0.075000
0 0.707961 0.922697 0.034226 0.046711
0 0.109003 0.951974 0.032738 0.057895