0 0.269717 0.962171 0.034226 0.061184
0 0.153274 0.782566 0.030506 0.054605
0 0.212798 0.729605 0.035714 0.053947
0 0.185826 0.666118 0.034598 0.059868
0 0.063616 0.660197 0.034226 0.059868
0 0.032366 0.623026 0.032738 0.056579
0 0.036272 0.505592 0.033854 0.054605
0 0.353423 0.425658 0.036458 0.063158
0 0.388393 0.409211 0.031994 0.057895
0 0.424479 0.281579 0.031994 0.053947
0 0.558966 0.164803 0.036086 0.059868
0 0.359747 0.037500 0.034226 0.052632
0 0.621466 0.225658 0.042039 0.088158
0 0.579055 0.579605 0.039807 0.067105
0 0.528460 0.185855 0.052455 0.074342
0 0.675781 0.387171 0.042783 0.080921
0 0.750372 0.219737 0.032738 0.073684
0 0.856771 0.592434 0.034226 0.075658
0 0.858817 0.519408 0.038318 0.074342
0 0.834449 0.215132 0.036458 0.063158
0 0.770647 0.163487 0.039807 0.059868
0 0.808780 0.921711 0.034226 0.063158