0 0.797805 0.601645 0.038318 0.075658
0 0.896019 0.248026 0.038318 0.067105
0 0.930432 0.196053 0.030506 0.085526
0 0.726749 0.181579 0.047991 0.089474
0 0.658296 0.259211 0.039807 0.085526
0 0.641927 0.940132 0.050223 0.078947
0 0.575707 0.887829 0.042783 0.078289
0 0.560454 0.591118 0.042039 0.071711
0 0.542783 0.207237 0.034226 0.084211
0 0.469122 0.226645 0.038690 0.086184
0 0.419829 0.282237 0.042783 0.089474
0 0.401786 0.522039 0.042411 0.065132
0 0.373140 0.759539 0.031994 0.054605
0 0.298921 0.749342 0.040551 0.057895
0 0.870536 0.777303 0.032738 0.074342
0 0.879278 0.945395 0.040551 0.060526
0 0.226935 0.442105 0.049851 0.085526
0 0.192336 0.289474 0.032738 0.094737
0 0.162388 0.861513 0.033854 0.078289
0 0.157924 0.339803 0.030134 0.105921
0 0.146019 0.413816 0.040551 0.130263
0 0.307478 0.106579 0.042783 0.085526
0 0.786272 0.088487 0.040551 0.075658