0 0.108259 0.552961 0.046131 0.070395
0 0.296317 0.570395 0.045759 0.057895
0 0.338914 0.631250 0.049851 0.063816
0 0.148251 0.153289 0.027902 0.053947
0 0.425595 0.133553 0.042411 0.068421
0 0.457031 0.452303 0.032366 0.063816
0 0.473772 0.499671 0.020461 0.046711
0 0.500558 0.417763 0.033854 0.042105
0 0.585193 0.019408 0.036458 0.038816
0 0.636905 0.600000 0.034226 0.068421
0 0.880208 0.752303 0.036458 0.075658
0 0.881696 0.024013 0.041667 0.048026
0 0.910528 0.752632 0.042783 0.073684
0 0.627604 0.856908 0.048363 0.067763