0 0.797805 0.654276 0.038318 0.075658
0 0.896019 0.300658 0.038318 0.067105
0 0.930432 0.248684 0.030506 0.085526
0 0.726749 0.234211 0.047991 0.089474
0 0.658296 0.311842 0.039807 0.085526
0 0.641927 0.976645 0.050223 0.046711
0 0.575707 0.940461 0.042783 0.078289
0 0.560454 0.643750 0.042039 0.071711
0 0.542783 0.259868 0.034226 0.084211
0 0.469122 0.279276 0.038690 0.086184
0 0.419829 0.334868 0.042783 0.089474
0 0.401786 0.574671 0.042411 0.065132
0 0.373140 0.812171 0.031994 0.054605
0 0.298921 0.801974 0.040551 0.057895
0 0.870536 0.829934 0.032738 0.074342
0 0.226935 0.494737 0.049851 0.085526
0 0.192336 0.342105 0.032738 0.094737
0 0.162388 0.914145 0.033854 0.078289
0 0.157924 0.392434 0.030134 0.105921
0 0.146019 0.466447 0.040551 0.130263
0 0.307478 0.159211 0.042783 0.085526
0 0.786272 0.141118 0.040551 0.075658