0 0.122582 0.022368 0.039807 0.044737
0 0.252790 0.219737 0.030134 0.064474
0 0.160156 0.692105 0.038318 0.068421
0 0.224516 0.661184 0.039807 0.052632
0 0.252046 0.620066 0.027902 0.050658
0 0.082403 0.800329 0.026414 0.046711
0 0.285714 0.925000 0.032738 0.053947
0 0.286272 0.113158 0.024926 0.056579
0 0.418899 0.041776 0.030506 0.040132
0 0.493862 0.281908 0.024182 0.040132
0 0.528088 0.059211 0.033854 0.052632
0 0.526786 0.943750 0.034226 0.046711
0 0.635417 0.221053 0.034226 0.053947
0 0.655692 0.079605 0.022693 0.046053
0 0.654948 0.032237 0.030134 0.042105
0 0.789249 0.502303 0.030878 0.049342
0 0.566964 0.775000 0.035714 0.053947
0 0.897693 0.745395 0.034226 0.050000
0 0.860305 0.755263 0.032366 0.057895
0 0.954985 0.207566 0.029762 0.046711