0 0.033668 0.516776 0.026414 0.054605
0 0.075707 0.507237 0.038318 0.067105
0 0.102121 0.584539 0.030134 0.065132
0 0.183966 0.507895 0.046503 0.078947
0 0.142857 0.187500 0.053571 0.071053
0 0.250000 0.386184 0.032738 0.060526
0 0.263579 0.425329 0.022693 0.040132
0 0.100446 0.824671 0.035714 0.046711
0 0.279948 0.471053 0.026414 0.036842
0 0.366629 0.288816 0.042783 0.060526
0 0.459821 0.340789 0.052083 0.085526
0 0.300037 0.445066 0.042039 0.046711
0 0.331845 0.396382 0.046131 0.075658
0 0.654762 0.341776 0.032738 0.059868
0 0.598772 0.211184 0.038318 0.053947
0 0.721912 0.571711 0.040551 0.067105
0 0.742374 0.472039 0.026414 0.042763
0 0.735119 0.698026 0.036458 0.064474
0 0.716704 0.816776 0.042039 0.070395
0 0.771205 0.452961 0.053571 0.116447
0 0.800595 0.196711 0.026786 0.063158
0 0.886161 0.205921 0.034226 0.056579
0 0.778832 0.089803 0.042783 0.065132
0 0.257068 0.077961 0.031994 0.044079
0 0.951823 0.381250 0.046503 0.078289