0 0.206101 0.665132 0.036458 0.063158
0 0.389695 0.535855 0.026414 0.044079
0 0.514509 0.503947 0.035714 0.057895
0 0.935826 0.462829 0.042039 0.067763
0 0.327381 0.323026 0.026786 0.046053
0 0.745350 0.306908 0.047991 0.074342
0 0.304501 0.282895 0.040551 0.067105
0 0.272135 0.257237 0.039807 0.060526
0 0.721354 0.233882 0.031994 0.049342
0 0.496280 0.795066 0.053571 0.082237
0 0.308594 0.811842 0.038318 0.064474
0 0.109561 0.672697 0.030134 0.044079
0 0.071243 0.925329 0.030134 0.042763
0 0.697917 0.828289 0.037946 0.057895
0 0.697917 0.792105 0.030506 0.064474
0 0.610677 0.503289 0.042783 0.057895
0 0.434152 0.112171 0.042411 0.057237
0 0.974702 0.069737 0.035714 0.067105