0 0.014137 0.430921 0.028274 0.060526
0 0.483817 0.480592 0.027902 0.065132
0 0.454241 0.730263 0.032738 0.063158
0 0.488095 0.597697 0.026786 0.050658
0 0.485305 0.919737 0.042783 0.057895
0 0.556362 0.416447 0.028646 0.057895
0 0.651600 0.885526 0.024926 0.050000
0 0.694382 0.894079 0.034598 0.067105
0 0.236793 0.363158 0.045759 0.068421
0 0.804129 0.383224 0.046503 0.074342
0 0.373512 0.280263 0.030506 0.085526
0 0.395461 0.279276 0.026786 0.075658
0 0.652902 0.248026 0.036458 0.057895
0 0.816220 0.230263 0.030506 0.073684
0 0.183594 0.095724 0.030878 0.074342
0 0.085379 0.326316 0.021949 0.078947