0 0.625744 0.623355 0.026042 0.046711
0 0.772321 0.906908 0.036458 0.044079
0 0.939546 0.599671 0.030878 0.053289
0 0.642671 0.486184 0.042783 0.064474
0 0.650298 0.427632 0.023810 0.053947
0 0.611049 0.196711 0.026414 0.057895
0 0.744978 0.319737 0.042783 0.067105
0 0.857143 0.051645 0.026786 0.046711
0 0.982143 0.157895 0.020089 0.042105
0 0.521949 0.464474 0.040179 0.053947
0 0.483631 0.698355 0.042411 0.046711
0 0.406250 0.450000 0.053571 0.053947
0 0.321057 0.158224 0.054315 0.038816
0 0.224702 0.398355 0.053571 0.042763
0 0.273810 0.528947 0.049851 0.060526
0 0.239397 0.635526 0.046503 0.057895
0 0.203311 0.742105 0.057664 0.064474
0 0.111421 0.432566 0.039807 0.053289