0 0.312872 0.914803 0.029762 0.054605
0 0.854539 0.870724 0.026786 0.050658
0 0.015625 0.786184 0.031250 0.052632
0 0.197359 0.738487 0.024926 0.046711
0 0.257626 0.686513 0.030134 0.046711
0 0.111049 0.617105 0.027902 0.047368
0 0.231399 0.621711 0.041667 0.068421
0 0.903832 0.547368 0.032366 0.057895
0 0.625930 0.531908 0.034598 0.059868
0 0.906622 0.470724 0.034226 0.059868
0 0.084635 0.463487 0.026414 0.044079
0 0.398624 0.377303 0.033854 0.057237
0 0.431176 0.358553 0.029762 0.053947
0 0.721354 0.341447 0.035714 0.057895
0 0.669457 0.171711 0.036086 0.060526
0 0.797247 0.166118 0.028274 0.046711
0 0.879092 0.163158 0.029762 0.050000
0 0.566406 0.136184 0.039807 0.073684
0 0.814174 0.113487 0.036830 0.057237
0 0.606213 0.108224 0.034598 0.054605
0 0.034226 0.577303 0.035714 0.067763
0 0.081287 0.577303 0.026414 0.057237
0 0.468378 0.231579 0.035714 0.064474