0 0.120350 0.888816 0.038318 0.057895
0 0.122024 0.934211 0.040179 0.056579
0 0.033668 0.603947 0.036830 0.064474
0 0.147321 0.334211 0.052083 0.063158
0 0.167225 0.405263 0.054688 0.085526
0 0.360119 0.561513 0.046131 0.070395
0 0.548177 0.578947 0.045759 0.057895
0 0.590774 0.639803 0.049851 0.063816
0 0.400112 0.161842 0.027902 0.053947
0 0.677455 0.142105 0.042411 0.068421
0 0.708891 0.460855 0.032366 0.063816
0 0.725632 0.508224 0.020461 0.046711
0 0.752418 0.426316 0.033854 0.042105
0 0.837054 0.023684 0.036458 0.047368
0 0.869420 0.862171 0.046131 0.075658
0 0.888765 0.608553 0.034226 0.068421