0 0.638579 0.481908 0.038318 0.075658
0 0.736793 0.128289 0.038318 0.067105
0 0.771205 0.076316 0.030506 0.085526
0 0.925037 0.316447 0.039807 0.085526
0 0.567522 0.061842 0.047991 0.089474
0 0.499070 0.139474 0.039807 0.085526
0 0.482701 0.820395 0.050223 0.078947
0 0.416481 0.768092 0.042783 0.078289
0 0.401228 0.471382 0.042039 0.071711
0 0.383557 0.087500 0.034226 0.084211
0 0.309896 0.106908 0.038690 0.086184
0 0.260603 0.162500 0.042783 0.089474
0 0.242560 0.402303 0.042411 0.065132
0 0.213914 0.639803 0.031994 0.054605
0 0.139695 0.629605 0.040551 0.057895
0 0.711310 0.657566 0.032738 0.074342
0 0.720052 0.825658 0.040551 0.060526
0 0.067708 0.322368 0.049851 0.085526
0 0.033110 0.169737 0.032738 0.094737