0 0.981027 0.633553 0.035714 0.063158
0 0.861979 0.336184 0.032738 0.057895
0 0.894345 0.379605 0.036458 0.056579
0 0.915923 0.426645 0.034226 0.075658
0 0.901228 0.908224 0.045759 0.070395
0 0.797991 0.764474 0.030506 0.053947
0 0.693824 0.770724 0.044643 0.049342
0 0.380394 0.663487 0.046503 0.042763
0 0.407180 0.705921 0.042783 0.056579
0 0.477121 0.340789 0.046503 0.046053
0 0.463914 0.257237 0.046131 0.050000
0 0.396391 0.280592 0.051711 0.033553
0 0.726935 0.072039 0.046131 0.040132
0 0.918341 0.026645 0.048735 0.044079
0 0.204055 0.370395 0.036086 0.064474
0 0.311570 0.804934 0.039807 0.075658
0 0.149368 0.054934 0.026414 0.046711
0 0.144903 0.079934 0.032366 0.044079
0 0.122768 0.204934 0.029762 0.046711
0 0.101935 0.233882 0.036458 0.040132
0 0.152530 0.888487 0.029762 0.044079
0 0.172433 0.915132 0.026414 0.035526
0 0.153274 0.925000 0.031994 0.035526
0 0.084635 0.872697 0.028646 0.053289