0 0.397693 0.166447 0.031994 0.060526
0 0.646763 0.280263 0.024182 0.060526
0 0.256882 0.294079 0.026414 0.057895
0 0.266183 0.339474 0.026414 0.060526
0 0.411272 0.513158 0.024926 0.067105
0 0.462426 0.554276 0.024554 0.063816
0 0.623512 0.466447 0.029762 0.094737
0 0.895647 0.484539 0.024926 0.070395
0 0.637835 0.676645 0.024182 0.070395
0 0.472284 0.695066 0.026414 0.070395
0 0.412760 0.662500 0.022693 0.056579
0 0.206287 0.715789 0.026414 0.063158
0 0.587798 0.749013 0.028274 0.074342
0 0.562686 0.963158 0.024182 0.073684
0 0.401786 0.905592 0.036458 0.070395
0 0.158668 0.851316 0.024926 0.057895
0 0.831287 0.941776 0.039807 0.075658
0 0.951079 0.913816 0.028646 0.057895