0 0.706845 0.405263 0.028274 0.047368
0 0.467448 0.408882 0.036086 0.070395
0 0.389137 0.327632 0.071429 0.096053
0 0.470424 0.179934 0.042039 0.080921
0 0.316220 0.207566 0.048363 0.054605
0 0.625372 0.871711 0.049851 0.060526
0 0.666853 0.681250 0.044271 0.070395
0 0.788318 0.800658 0.052083 0.057895
0 0.807664 0.967763 0.052083 0.064474
0 0.920387 0.968750 0.052083 0.062500
0 0.974516 0.727632 0.044271 0.064474
0 0.862909 0.189803 0.042039 0.053289
0 0.835565 0.241447 0.062500 0.064474
0 0.712798 0.240789 0.058036 0.067105
0 0.177083 0.175000 0.035714 0.052632
0 0.164062 0.395724 0.036458 0.078289
0 0.279948 0.106250 0.039807 0.071711
0 0.019717 0.528618 0.036458 0.046711