0 0.532552 0.918750 0.026414 0.057237
0 0.524926 0.876645 0.029762 0.049342
0 0.240699 0.675000 0.031994 0.063158
0 0.850446 0.581908 0.026786 0.054605
0 0.716146 0.439145 0.029762 0.067763
0 0.466704 0.505263 0.024926 0.060526
0 0.196243 0.715789 0.024182 0.056579
0 0.910900 0.862171 0.026414 0.053289
0 0.664435 0.747039 0.032738 0.042763
0 0.671503 0.354934 0.020089 0.040132
0 0.495722 0.318750 0.027902 0.065132
0 0.633371 0.303947 0.038318 0.063158
0 0.850260 0.325329 0.026414 0.049342
0 0.710751 0.158882 0.024926 0.054605
0 0.743676 0.147368 0.026042 0.064474
0 0.798363 0.132895 0.038690 0.050000
0 0.251674 0.343421 0.026414 0.043421
0 0.257812 0.248026 0.032738 0.052632