0 0.856027 0.763158 0.040179 0.081579
0 0.828497 0.656250 0.031994 0.070395
0 0.820126 0.560855 0.056176 0.095395
0 0.829427 0.313816 0.039807 0.052632
0 0.859561 0.204605 0.045759 0.064474
0 0.854725 0.153947 0.042783 0.084211
0 0.604539 0.411184 0.047619 0.077632
0 0.518601 0.921053 0.050595 0.088158
0 0.274554 0.601974 0.030506 0.060526
0 0.256696 0.639145 0.026786 0.046711
0 0.276786 0.688816 0.036458 0.064474
0 0.284970 0.294737 0.050595 0.081579
0 0.577939 0.052961 0.039807 0.075658
0 0.640067 0.159539 0.040551 0.082237