0 0.495164 0.905592 0.036458 0.053289
0 0.494792 0.869408 0.042411 0.050658
0 0.960751 0.604276 0.039807 0.054605
0 0.733259 0.536184 0.040179 0.060526
0 0.925595 0.546711 0.038690 0.060526
0 0.543341 0.390461 0.045759 0.078289
0 0.520089 0.312171 0.040179 0.075658
0 0.412016 0.589474 0.028646 0.053947
0 0.774182 0.148355 0.034226 0.057237
0 0.325149 0.581908 0.046131 0.054605
0 0.292039 0.880592 0.047619 0.070395
0 0.192708 0.619737 0.035714 0.063158
0 0.241629 0.195724 0.046503 0.063816
0 0.073661 0.322368 0.032738 0.057895
0 0.106027 0.365789 0.036458 0.056579
0 0.127604 0.412829 0.034226 0.075658
0 0.112909 0.894408 0.045759 0.070395