0 0.098028 0.457895 0.024182 0.064474
0 0.140811 0.325000 0.027902 0.064474
0 0.341146 0.510526 0.031994 0.053947
0 0.417783 0.621711 0.036458 0.060526
0 0.293155 0.676974 0.038690 0.060526
0 0.464658 0.894408 0.032738 0.054605
0 0.496280 0.569737 0.031994 0.063158
0 0.524182 0.354605 0.036458 0.052632
0 0.572545 0.283224 0.026042 0.053289
0 0.764881 0.549671 0.038690 0.050658
0 0.887091 0.519737 0.034598 0.052632
0 0.933036 0.654934 0.030506 0.057237
0 0.898996 0.761842 0.026414 0.056579
0 0.559896 0.071711 0.032738 0.056579
0 0.827567 0.088816 0.027902 0.052632
0 0.977865 0.287171 0.032366 0.049342
0 0.397507 0.160197 0.020461 0.049342
0 0.344308 0.122697 0.021949 0.046711
0 0.346726 0.266118 0.029762 0.053289
0 0.405878 0.305592 0.038690 0.075658