0 0.281250 0.982566 0.026786 0.034868
0 0.113653 0.982895 0.027902 0.034211
0 0.086310 0.980921 0.024554 0.038158
0 0.252046 0.970395 0.030134 0.056579
0 0.338542 0.881579 0.024554 0.046053
0 0.437500 0.822697 0.031994 0.057237
0 0.545387 0.816118 0.029762 0.050658
0 0.978609 0.807895 0.030878 0.052632
0 0.249814 0.716118 0.026414 0.050658
0 0.747768 0.665789 0.026786 0.056579
0 0.415365 0.649013 0.032366 0.053289
0 0.730469 0.610855 0.030134 0.053289
0 0.595238 0.571053 0.026786 0.050000
0 0.290365 0.526645 0.026414 0.053289
0 0.688430 0.327632 0.030134 0.053947
0 0.332589 0.259211 0.028274 0.047368
0 0.021019 0.180592 0.042039 0.088816
0 0.093192 0.262829 0.036086 0.070395
0 0.344122 0.093421 0.034226 0.064474
0 0.466704 0.087500 0.030134 0.052632
0 0.693824 0.108224 0.035714 0.053289
0 0.486607 0.039145 0.038690 0.042763