0 0.392113 0.625658 0.046131 0.050000
0 0.655134 0.440461 0.046131 0.040132
0 0.132254 0.738816 0.036086 0.064474
0 0.077567 0.423355 0.026414 0.046711
0 0.073103 0.448355 0.032366 0.044079
0 0.050967 0.573355 0.029762 0.046711
0 0.030134 0.602303 0.036458 0.040132
0 0.790737 0.701974 0.045759 0.085526
0 0.824219 0.752303 0.038318 0.070395
0 0.845982 0.794408 0.035714 0.050658
0 0.839472 0.400987 0.030134 0.044079
0 0.898251 0.350000 0.044271 0.043421
0 0.953311 0.577632 0.039807 0.057895
0 0.563616 0.373026 0.040179 0.064474
0 0.389881 0.356579 0.038690 0.056579
0 0.319568 0.648684 0.031994 0.057895
0 0.401972 0.710526 0.036830 0.060526
0 0.381696 0.280921 0.032738 0.063158
0 0.429874 0.229605 0.046503 0.064474
0 0.676711 0.226974 0.034226 0.068421
0 0.722098 0.231579 0.032738 0.057895
0 0.752418 0.280592 0.036086 0.065132
0 0.873512 0.281908 0.036458 0.065132
0 0.349516 0.112829 0.030134 0.050658
0 0.372396 0.068421 0.029762 0.053947
0 0.438244 0.058882 0.032738 0.046711
0 0.726004 0.120395 0.030134 0.063158