0 0.034970 0.558553 0.031994 0.063158
0 0.062872 0.343421 0.036458 0.052632
0 0.111235 0.272039 0.026042 0.053289
0 0.303571 0.538487 0.038690 0.050658
0 0.425781 0.508553 0.034598 0.052632
0 0.471726 0.643750 0.030506 0.057237
0 0.437686 0.750658 0.026414 0.056579
0 0.098586 0.060526 0.032738 0.056579
0 0.366257 0.077632 0.027902 0.052632
0 0.516555 0.275987 0.032366 0.049342
0 0.600818 0.562171 0.029762 0.053289
0 0.710938 0.580263 0.032738 0.063158
0 0.681176 0.809539 0.031994 0.057237
0 0.824591 0.744737 0.026414 0.064474
0 0.801897 0.303947 0.027902 0.068421
0 0.841518 0.540132 0.034226 0.068421
0 0.844122 0.595395 0.032738 0.060526
0 0.936198 0.442105 0.040551 0.073684
0 0.400856 0.861184 0.044271 0.077632