0 0.109561 0.034211 0.027902 0.068421
0 0.337612 0.054605 0.039807 0.060526
0 0.813058 0.104276 0.027902 0.065132
0 0.287760 0.314145 0.030134 0.063816
0 0.783482 0.353947 0.032738 0.063158
0 0.817336 0.221382 0.026786 0.050658
0 0.113281 0.563816 0.034598 0.052632
0 0.189546 0.585197 0.038318 0.042763
0 0.624442 0.624013 0.050223 0.071711
0 0.814546 0.543421 0.042783 0.057895
0 0.089472 0.798355 0.026414 0.046711
0 0.060082 0.818092 0.026414 0.042763
0 0.944010 0.645395 0.044271 0.057895
0 0.885603 0.040132 0.028646 0.057895
0 0.508185 0.935526 0.023810 0.047368
0 0.591890 0.977961 0.032738 0.044079
0 0.808408 0.948684 0.037946 0.053947
0 0.980841 0.509211 0.024926 0.050000