0 0.088542 0.284539 0.083333 0.099342
0 0.054874 0.150658 0.062128 0.088158
0 0.211682 0.218092 0.069940 0.099342
0 0.256696 0.495066 0.066220 0.099342
0 0.263951 0.680592 0.063616 0.103289
0 0.348586 0.594079 0.086310 0.098684
0 0.350260 0.434211 0.053943 0.057895
0 0.419271 0.331250 0.086310 0.075658
0 0.357515 0.073355 0.058036 0.042763
0 0.383557 0.030263 0.067708 0.060526
0 0.701265 0.181250 0.066220 0.063816
0 0.657366 0.349342 0.066220 0.057895
0 0.554501 0.587829 0.079985 0.082237
0 0.720796 0.622697 0.082217 0.075658
0 0.853981 0.548026 0.117188 0.084211
0 0.959449 0.748026 0.073661 0.094737
0 0.965960 0.857895 0.058408 0.084211
0 0.940662 0.969737 0.072545 0.060526
0 0.486421 0.695395 0.059896 0.096053
0 0.433408 0.957895 0.073661 0.084211