0 0.641741 0.832237 0.033482 0.059211
0 0.618118 0.793092 0.040551 0.071711
0 0.196987 0.757237 0.033110 0.057895
0 0.586496 0.745724 0.038318 0.070395
0 0.182292 0.668750 0.032738 0.054605
0 0.752418 0.614145 0.036830 0.065132
0 0.446243 0.480921 0.033110 0.059211
0 0.636161 0.434868 0.033482 0.057895
0 0.358073 0.411513 0.034598 0.061184
0 0.187872 0.397039 0.034970 0.065132
0 0.695312 0.382566 0.037946 0.055921
0 0.176897 0.326316 0.031622 0.055263
0 0.668527 0.319408 0.037946 0.065132
0 0.546503 0.312500 0.036458 0.061842
0 0.515625 0.276645 0.034970 0.058553
0 0.224516 0.273355 0.038318 0.055921
0 0.470982 0.268750 0.038690 0.070395
0 0.519345 0.159211 0.034970 0.057895
0 0.167783 0.118750 0.029018 0.049342
0 0.233445 0.102632 0.031622 0.051316
0 0.834821 0.081908 0.037946 0.065132
0 0.870350 0.067105 0.033110 0.057895
0 0.119978 0.691118 0.043527 0.074342
0 0.146019 0.162171 0.047247 0.074342