0 0.980283 0.965789 0.039435 0.068421
0 0.059338 0.933882 0.036086 0.057237
0 0.020833 0.876316 0.036458 0.068421
0 0.131138 0.715461 0.036830 0.057237
0 0.847842 0.637171 0.046131 0.071711
0 0.811012 0.476974 0.041667 0.078947
0 0.065290 0.402961 0.039807 0.063816
0 0.224330 0.294737 0.042411 0.063158
0 0.060268 0.285855 0.038690 0.065132
0 0.335751 0.242105 0.036086 0.056579
0 0.304501 0.209211 0.058408 0.071053
0 0.770833 0.196382 0.046131 0.074342
0 0.150298 0.156908 0.035714 0.053289
0 0.235305 0.130921 0.036086 0.063158
0 0.678943 0.124342 0.056548 0.077632
0 0.313244 0.101316 0.035714 0.056579
0 0.504650 0.082895 0.051711 0.071053
0 0.931548 0.082237 0.063988 0.077632
0 0.267113 0.070066 0.038690 0.063816
0 0.379836 0.051645 0.040179 0.067763
0 0.500558 0.177303 0.047991 0.080921
0 0.479725 0.300000 0.038318 0.094737
0 0.382440 0.121053 0.048363 0.064474
0 0.191220 0.608882 0.046131 0.070395
0 0.189174 0.697368 0.026414 0.057895
0 0.098586 0.728289 0.030506 0.057895
0 0.063616 0.339803 0.036458 0.071711
0 0.075707 0.360197 0.042039 0.038816
0 0.232329 0.900658 0.042039 0.085526
0 0.401414 0.753289 0.071429 0.127632
0 0.761533 0.577632 0.038690 0.064474
0 0.778832 0.529605 0.036086 0.088158
0 0.928757 0.298355 0.046503 0.075658
0 0.925037 0.942105 0.042783 0.115789