0 0.180246 0.943750 0.031622 0.051974
0 0.749814 0.890132 0.035342 0.064474
0 0.444010 0.757237 0.033110 0.059211
0 0.633743 0.710197 0.033110 0.058553
0 0.355655 0.686513 0.034970 0.061184
0 0.185268 0.672039 0.034970 0.067763
0 0.692894 0.657566 0.036830 0.058553
0 0.173921 0.600000 0.031622 0.055263
0 0.666109 0.594408 0.038318 0.065132
0 0.543899 0.587829 0.046131 0.080921
0 0.221726 0.547697 0.038690 0.058553
0 0.513021 0.552303 0.045387 0.083553
0 0.468006 0.543750 0.050595 0.090132
0 0.516183 0.433224 0.035342 0.058553
0 0.141927 0.431579 0.031622 0.052632
0 0.164249 0.391447 0.029390 0.051316
0 0.229911 0.375987 0.042411 0.076974
0 0.832961 0.355592 0.038690 0.067763
0 0.868490 0.340132 0.047247 0.077632
0 0.903460 0.211842 0.033110 0.055263
0 0.426525 0.059211 0.045759 0.075000
0 0.117932 0.968421 0.036458 0.061842