0 0.318824 0.226974 0.031994 0.092105
0 0.234003 0.191118 0.023810 0.099342
0 0.078497 0.227303 0.032738 0.105921
0 0.061012 0.883882 0.030506 0.107237
0 0.184524 0.847697 0.029762 0.070395
0 0.186384 0.915132 0.030506 0.085526
0 0.146019 0.613158 0.046503 0.100000
0 0.398624 0.459539 0.059896 0.103289
0 0.497024 0.363816 0.049851 0.117105
0 0.563430 0.167763 0.046503 0.119737
0 0.629278 0.431579 0.056176 0.134211
0 0.634115 0.806579 0.053943 0.119737
0 0.586496 0.953947 0.039807 0.092105
0 0.522321 0.576316 0.030506 0.100000
0 0.752418 0.136842 0.056176 0.127632
0 0.882440 0.259868 0.052083 0.127632
0 0.966332 0.814803 0.039807 0.099342