0 0.649554 0.357237 0.049851 0.088158
0 0.587426 0.725987 0.065476 0.133553
0 0.651972 0.707237 0.039807 0.089474
0 0.682478 0.659868 0.048735 0.110526
0 0.726376 0.949342 0.054688 0.101316
0 0.517485 0.842105 0.068452 0.078947
0 0.393973 0.900658 0.062500 0.094737
0 0.345238 0.770724 0.072173 0.075658
0 0.332217 0.507237 0.069940 0.088158
0 0.253162 0.387829 0.039807 0.080921
0 0.202195 0.136842 0.042039 0.155263
0 0.125372 0.046382 0.069940 0.092763
0 0.277716 0.082237 0.056176 0.081579
0 0.079241 0.189803 0.048363 0.088816
0 0.029948 0.597368 0.059896 0.123684
0 0.207589 0.928289 0.052083 0.110526
0 0.956101 0.969079 0.048363 0.061842
0 0.680060 0.259868 0.056548 0.088158
0 0.720796 0.146053 0.052455 0.089474
0 0.679315 0.043092 0.052083 0.086184
0 0.556548 0.047039 0.079613 0.088816
0 0.852679 0.072039 0.065476 0.042763
0 0.959821 0.100000 0.036458 0.073684
0 0.925037 0.304605 0.063616 0.148684