0 0.171131 0.975658 0.026786 0.048684
0 0.456659 0.935526 0.030134 0.053947
0 0.911272 0.830263 0.032366 0.057895
0 0.608259 0.808553 0.034226 0.063158
0 0.219308 0.652961 0.033854 0.061184
0 0.761347 0.624671 0.036830 0.061184
0 0.917039 0.606908 0.032738 0.057237
0 0.619420 0.591118 0.036458 0.053289
0 0.222842 0.576316 0.035714 0.064474
0 0.725632 0.522697 0.034598 0.054605
0 0.040737 0.453618 0.032366 0.057237
0 0.351562 0.409868 0.030506 0.050000
0 0.540179 0.313816 0.031994 0.056579
0 0.114769 0.275658 0.026414 0.047368
0 0.196057 0.268092 0.030506 0.053289
0 0.360119 0.242763 0.031994 0.052632
0 0.133743 0.219079 0.038318 0.064474
0 0.840030 0.747368 0.087798 0.147368