0 0.016369 0.967434 0.032738 0.065132
0 0.091518 0.901316 0.046131 0.081579
0 0.973772 0.725987 0.050223 0.080921
0 0.654948 0.694079 0.039807 0.096053
0 0.220796 0.663816 0.044271 0.081579
0 0.146577 0.639474 0.036458 0.081579
0 0.845982 0.617763 0.038690 0.077632
0 0.819010 0.432566 0.050223 0.088816
0 0.013207 0.230592 0.026414 0.070395
0 0.844866 0.180921 0.040179 0.078947
0 0.369978 0.131250 0.050223 0.078289
0 0.916853 0.115132 0.047991 0.085526
0 0.142299 0.114145 0.044271 0.088816
0 0.440662 0.035526 0.042783 0.071053
0 0.315290 0.381579 0.042783 0.092105
0 0.230283 0.032895 0.035714 0.050000
0 0.594494 0.052632 0.044643 0.071053
0 0.844866 0.287171 0.034226 0.099342
0 0.119792 0.874013 0.049851 0.088816