0 0.397321 0.431579 0.068452 0.077632
0 0.315848 0.490789 0.050595 0.053947
0 0.130766 0.688158 0.079985 0.073684
0 0.501860 0.664803 0.049851 0.063816
0 0.619234 0.896053 0.039807 0.088158
0 0.673735 0.704276 0.031994 0.099342
0 0.766741 0.719408 0.063988 0.074342
0 0.802641 0.875329 0.063616 0.063816
0 0.862165 0.808553 0.059896 0.123684
0 0.709635 0.381579 0.059896 0.096053
0 0.749628 0.338158 0.110119 0.089474
0 0.233259 0.083882 0.078125 0.053289
0 0.223958 0.037171 0.050595 0.063816
0 0.032180 0.048355 0.064360 0.063816
0 0.123326 0.279605 0.056176 0.042105
0 0.097656 0.245395 0.038318 0.060526
0 0.072545 0.341776 0.034226 0.033553