0 0.608445 0.978289 0.033854 0.043421
0 0.685268 0.728289 0.040179 0.077632
0 0.523996 0.578618 0.038318 0.070395
0 0.761161 0.526974 0.038690 0.068421
0 0.851004 0.424671 0.054688 0.063816
0 0.824591 0.376316 0.045759 0.071053
0 0.476749 0.189474 0.044271 0.075000
0 0.233259 0.338158 0.054315 0.057895
0 0.590402 0.599013 0.031994 0.059868
0 0.618118 0.624342 0.022693 0.064474
0 0.599702 0.640789 0.035714 0.057895
0 0.648810 0.088816 0.054315 0.088158
0 0.832775 0.017763 0.039807 0.035526
0 0.917225 0.063158 0.042783 0.052632