0 0.654390 0.267763 0.038690 0.085526
0 0.566220 0.290132 0.046131 0.102632
0 0.588914 0.235855 0.029762 0.082237
0 0.674851 0.587171 0.040179 0.084868
0 0.666853 0.666776 0.058408 0.078289
0 0.497396 0.461842 0.053571 0.073684
0 0.448661 0.286184 0.042411 0.063158
0 0.379092 0.225987 0.040179 0.070395
0 0.336868 0.244079 0.040551 0.084211
0 0.178199 0.117105 0.034226 0.100000
0 0.240513 0.362171 0.046503 0.103289
0 0.204985 0.504934 0.032738 0.099342
0 0.170387 0.510855 0.046131 0.075658
0 0.020833 0.749013 0.041667 0.070395
0 0.029018 0.799013 0.028274 0.099342
0 0.394159 0.645066 0.076265 0.099342
0 0.814918 0.428947 0.058408 0.057895
0 0.816592 0.270395 0.049851 0.094737
0 0.911830 0.950987 0.036458 0.086184
0 0.617746 0.978618 0.064360 0.042763