0 0.393229 0.959211 0.042411 0.081579
0 0.630766 0.836842 0.059896 0.090789
0 0.138579 0.640461 0.044271 0.087500
0 0.711124 0.565789 0.049479 0.089474
0 0.931176 0.538816 0.050595 0.084211
0 0.647693 0.347039 0.052827 0.087500
0 0.123884 0.213158 0.036458 0.067105
0 0.474888 0.189803 0.056176 0.080921
0 0.187500 0.185526 0.046131 0.081579
0 0.203125 0.273355 0.056548 0.076974
0 0.110677 0.595724 0.045759 0.080921
0 0.045573 0.741118 0.044271 0.080921
0 0.426153 0.696711 0.047991 0.093421
0 0.528460 0.693750 0.065104 0.103289
0 0.818080 0.824013 0.087054 0.112500
0 0.835938 0.536842 0.069196 0.118421
0 0.754464 0.127632 0.058036 0.071053
0 0.593006 0.255592 0.052827 0.099342
0 0.622024 0.305592 0.051339 0.144079