0 0.194382 0.555263 0.045759 0.078947
0 0.140253 0.664145 0.066220 0.065132
0 0.075521 0.928289 0.053571 0.096053
0 0.347842 0.591776 0.055804 0.070395
0 0.300037 0.319079 0.030134 0.047368
0 0.342076 0.154934 0.039807 0.074342
0 0.066964 0.307895 0.052083 0.068421
0 0.031808 0.046053 0.063616 0.092105
0 0.032180 0.043092 0.064360 0.086184
0 0.633185 0.135855 0.032738 0.075658
0 0.679688 0.118421 0.048363 0.075000
0 0.845052 0.037171 0.056176 0.074342
0 0.771019 0.492434 0.059896 0.080921
0 0.942708 0.476645 0.084077 0.107237
0 0.927641 0.618750 0.076265 0.105921
0 0.667225 0.646382 0.075521 0.112500
0 0.603609 0.700658 0.024926 0.088158
0 0.613281 0.835197 0.063616 0.105921
0 0.581101 0.957895 0.049851 0.056579
0 0.518229 0.523026 0.053571 0.151316
0 0.489397 0.512829 0.042783 0.096711