0 0.573289 0.660526 0.040179 0.094737
0 0.598586 0.711513 0.052083 0.067763
0 0.499442 0.817105 0.048735 0.089474
0 0.338728 0.886184 0.021949 0.052632
0 0.362723 0.921382 0.034226 0.046711
0 0.343936 0.940461 0.033854 0.057237
0 0.272879 0.869737 0.038318 0.081579
0 0.394159 0.372039 0.058408 0.103289
0 0.582031 0.278289 0.040551 0.064474
0 0.651786 0.268092 0.071429 0.105921
0 0.670015 0.353618 0.046131 0.067763
0 0.912946 0.087171 0.035714 0.070395
0 0.826079 0.028947 0.074033 0.057895
0 0.889881 0.771382 0.050595 0.070395
0 0.982701 0.768421 0.034598 0.088158
0 0.284412 0.234211 0.026414 0.064474
0 0.303199 0.209211 0.032738 0.060526
0 0.336868 0.096382 0.045759 0.075658
0 0.329241 0.049013 0.036458 0.050658