0 0.871280 0.977303 0.028274 0.045395
0 0.546689 0.881579 0.030878 0.053947
0 0.496094 0.581250 0.052455 0.080921
0 0.209821 0.450000 0.035714 0.063158
0 0.393229 0.319737 0.026042 0.043421
0 0.518415 0.290461 0.042783 0.063816
0 0.938988 0.248355 0.041667 0.065132
0 0.748884 0.091776 0.048363 0.074342
0 0.274740 0.049013 0.042783 0.082237
0 0.724888 0.027303 0.040551 0.054605
0 0.328311 0.104934 0.030878 0.049342
0 0.304501 0.064145 0.039807 0.080921
0 0.607329 0.283553 0.052455 0.088158
0 0.698847 0.568750 0.040551 0.053289
0 0.700707 0.607895 0.059896 0.057895
0 0.600074 0.816776 0.056548 0.070395
0 0.567708 0.791776 0.040179 0.071711
0 0.357701 0.876645 0.042783 0.067763
0 0.238839 0.827303 0.056548 0.099342
0 0.192522 0.912829 0.064360 0.082237
0 0.114583 0.468750 0.032738 0.074342
0 0.073847 0.703289 0.056176 0.060526