0 0.260417 0.654276 0.065476 0.105921
0 0.266741 0.821053 0.044643 0.060526
0 0.472656 0.311513 0.022693 0.049342
0 0.651786 0.540461 0.048363 0.084868
0 0.805990 0.491118 0.036086 0.075658
0 0.798735 0.404934 0.046131 0.075658
0 0.781250 0.049671 0.048363 0.080921
0 0.544085 0.122039 0.079985 0.063816
0 0.319940 0.076645 0.028274 0.099342
0 0.119792 0.058882 0.038690 0.096711
0 0.050037 0.141776 0.039807 0.103289
0 0.178943 0.480592 0.054315 0.105921
0 0.023251 0.820395 0.042783 0.081579
0 0.281250 0.138158 0.052083 0.084211