0 0.148624 0.907566 0.038318 0.065132
0 0.487165 0.717434 0.050223 0.067763
0 0.700335 0.607237 0.045759 0.077632
0 0.121094 0.256908 0.032366 0.063816
0 0.578125 0.167763 0.044643 0.068421
0 0.681920 0.102303 0.029762 0.067763
0 0.162946 0.035855 0.042411 0.071711
0 0.050595 0.049342 0.067708 0.098684
0 0.263951 0.182237 0.036086 0.084211
0 0.287574 0.040132 0.047619 0.063158
0 0.519903 0.702961 0.042783 0.080921
0 0.939360 0.798355 0.032738 0.082237
0 0.937872 0.199013 0.037946 0.092763
0 0.942336 0.164474 0.056548 0.053947
0 0.422247 0.468421 0.063988 0.089474
0 0.193638 0.732566 0.065848 0.116447