0 0.481771 0.397697 0.052083 0.080921
0 0.562872 0.450658 0.046131 0.073684
0 0.643415 0.686513 0.042039 0.082237
0 0.771949 0.804605 0.044643 0.057895
0 0.755208 0.595395 0.059524 0.117105
0 0.866815 0.645066 0.068452 0.075658
0 0.806362 0.381250 0.036830 0.086184
0 0.915179 0.126316 0.069940 0.113158
0 0.666481 0.118421 0.051711 0.078947
0 0.601749 0.061184 0.070312 0.102632
0 0.320312 0.452303 0.062500 0.133553
0 0.159412 0.514145 0.060640 0.105921
0 0.101376 0.795395 0.072545 0.096053
0 0.397879 0.825329 0.046503 0.078289