0 0.759487 0.317105 0.078497 0.102632
0 0.794829 0.396711 0.094122 0.115789
0 0.952381 0.546711 0.095238 0.123684
0 0.648438 0.587829 0.079613 0.105921
0 0.551525 0.590461 0.095610 0.096711
0 0.430990 0.614145 0.096354 0.071711
0 0.526972 0.871382 0.089658 0.134868
0 0.723214 0.864145 0.110119 0.063816
0 0.733073 0.912171 0.109747 0.063816
0 0.347656 0.898026 0.113467 0.102632
0 0.244048 0.744079 0.079613 0.094737
0 0.148810 0.766776 0.081845 0.075658
0 0.364769 0.413158 0.078497 0.050000
0 0.356399 0.363158 0.101190 0.084211
0 0.308408 0.322697 0.074405 0.080921
0 0.167597 0.062500 0.090402 0.098684
0 0.359561 0.028947 0.082217 0.057895