0 0.330543 0.975329 0.033854 0.049342
0 0.618862 0.940789 0.034598 0.060526
0 0.769717 0.813487 0.037946 0.067763
0 0.379464 0.655921 0.038690 0.071053
0 0.104167 0.641776 0.048363 0.082237
0 0.921689 0.631250 0.039807 0.065132
0 0.781622 0.596382 0.038690 0.059868
0 0.383185 0.579605 0.040179 0.073684
0 0.886161 0.530263 0.036458 0.060526
0 0.198289 0.454605 0.038690 0.068421
0 0.512835 0.412500 0.033854 0.053947
0 0.701637 0.320066 0.034226 0.061184
0 0.273251 0.276974 0.033854 0.057895
0 0.355841 0.270066 0.046503 0.082237
0 0.521391 0.246382 0.036086 0.059868
0 0.087054 0.228947 0.048363 0.081579
0 0.293155 0.218421 0.047619 0.089474
0 0.144345 0.294408 0.069940 0.107237
0 0.048921 0.260855 0.060640 0.105921
0 0.977865 0.740461 0.044271 0.105921