0 0.558594 0.938158 0.030878 0.053947
0 0.710007 0.811513 0.034598 0.061184
0 0.320312 0.655592 0.047619 0.086184
0 0.046689 0.640461 0.039807 0.070395
0 0.862723 0.630263 0.048363 0.081579
0 0.721912 0.593750 0.038318 0.054605
0 0.323475 0.580263 0.050223 0.085526
0 0.453683 0.411513 0.032366 0.050658
0 0.642485 0.317434 0.032738 0.057237
0 0.214844 0.276645 0.040551 0.071711
0 0.297247 0.269737 0.043899 0.077632
0 0.334263 0.243421 0.030134 0.050000
0 0.234003 0.223355 0.053571 0.078289
0 0.476562 0.189145 0.042411 0.067763
0 0.086124 0.281579 0.039807 0.085526
0 0.029018 0.223026 0.048363 0.088158
0 0.132440 0.458882 0.065476 0.109868
0 0.276042 0.964145 0.046131 0.071711
0 0.457403 0.250329 0.056176 0.103289
0 0.936012 0.749342 0.067708 0.117105