0 0.347842 0.643750 0.053571 0.049342
0 0.361049 0.821711 0.046503 0.081579
0 0.279204 0.472368 0.038318 0.067105
0 0.574963 0.309539 0.032366 0.078289
0 0.741257 0.550329 0.050223 0.075658
0 0.891927 0.490461 0.036830 0.074342
0 0.893973 0.425329 0.048363 0.082237
0 0.870722 0.049342 0.042783 0.096053
0 0.638951 0.123355 0.063616 0.071711
0 0.416295 0.079934 0.029762 0.046711
0 0.378348 0.129934 0.061756 0.082237
0 0.210938 0.053947 0.049851 0.094737
0 0.141369 0.130592 0.054315 0.071711
0 0.034970 0.073355 0.069940 0.074342
0 0.040551 0.457566 0.036458 0.065132
0 0.051525 0.755921 0.058408 0.110526
0 0.126116 0.827303 0.069940 0.123026