0 0.977121 0.979276 0.024182 0.041447
0 0.127418 0.808553 0.032366 0.043421
0 0.393043 0.801974 0.024926 0.042105
0 0.166109 0.756250 0.036830 0.059868
0 0.632812 0.718092 0.028274 0.042763
0 0.199033 0.607237 0.030506 0.047368
0 0.257068 0.535526 0.028274 0.047368
0 0.631882 0.468092 0.027902 0.044079
0 0.172619 0.452632 0.031994 0.047368
0 0.078125 0.420066 0.024554 0.044079
0 0.564174 0.399342 0.030878 0.056579
0 0.717634 0.400329 0.037946 0.065132
0 0.606027 0.389474 0.029762 0.047368
0 0.832217 0.329605 0.026786 0.047368
0 0.796503 0.308882 0.026786 0.042763
0 0.865699 0.281579 0.035714 0.052632
0 0.784040 0.275000 0.034598 0.057895
0 0.900670 0.176316 0.028274 0.050000
0 0.678013 0.078289 0.032366 0.053947
0 0.143601 0.074671 0.036458 0.057237
0 0.430246 0.396382 0.050223 0.071711
0 0.811570 0.360197 0.045759 0.046711
0 0.982701 0.238487 0.034598 0.086184
0 0.319196 0.982566 0.032738 0.034868
0 0.033110 0.610197 0.066220 0.074342
0 0.110119 0.105263 0.034226 0.094737