0 0.923363 0.932895 0.034226 0.056579
0 0.424665 0.898026 0.030878 0.060526
0 0.956659 0.801645 0.034598 0.053289
0 0.952567 0.685855 0.030878 0.054605
0 0.478795 0.634211 0.037946 0.052632
0 0.248698 0.614474 0.033854 0.057895
0 0.703125 0.559539 0.029762 0.053289
0 0.016927 0.545066 0.033854 0.059868
0 0.332961 0.535526 0.031994 0.056579
0 0.550223 0.523684 0.030506 0.053947
0 0.246094 0.435855 0.034598 0.059868
0 0.343378 0.382566 0.028274 0.053289
0 0.651972 0.290461 0.027902 0.044079
0 0.415179 0.273355 0.029762 0.053289
0 0.334263 0.242105 0.027902 0.047368
0 0.089658 0.226974 0.032738 0.068421
0 0.209635 0.157895 0.033854 0.060526
0 0.696057 0.125000 0.029762 0.057895
0 0.986421 0.109211 0.027158 0.056579
0 0.046689 0.088158 0.032366 0.063158
0 0.287574 0.044737 0.034226 0.067105
0 0.352307 0.026974 0.026786 0.053947
0 0.844308 0.475987 0.042783 0.042763
0 0.860677 0.482895 0.030878 0.056579