0 0.313244 0.568750 0.029762 0.075658
0 0.235491 0.526974 0.031994 0.096053
0 0.353423 0.180263 0.055804 0.121053
0 0.417969 0.245066 0.057664 0.103289
0 0.663318 0.247697 0.065476 0.112500
0 0.654948 0.092434 0.047991 0.099342
0 0.749070 0.463158 0.040551 0.096053
0 0.503534 0.714145 0.044271 0.103289
0 0.555432 0.514474 0.036458 0.092105
0 0.621466 0.767434 0.040551 0.101974
0 0.393415 0.808224 0.042783 0.096711
0 0.521763 0.917763 0.052455 0.081579
0 0.885417 0.603289 0.049851 0.105263
0 0.149368 0.946711 0.039807 0.106579
0 0.074963 0.568092 0.033854 0.137500
0 0.079799 0.063816 0.030878 0.094737
0 0.156994 0.066118 0.035714 0.109868