0 0.650112 0.979605 0.042783 0.040789
0 0.606585 0.524013 0.042039 0.091447
0 0.454613 0.433224 0.038690 0.070395
0 0.780320 0.415132 0.040551 0.052632
0 0.697731 0.111513 0.044271 0.080921
0 0.614769 0.664803 0.042783 0.084868
0 0.600632 0.598355 0.030134 0.071711
0 0.620164 0.608224 0.031994 0.040132
0 0.774182 0.562500 0.032738 0.064474
0 0.754278 0.852961 0.039807 0.071711
0 0.737165 0.952961 0.045759 0.067763
0 0.678757 0.971382 0.038318 0.057237
0 0.454799 0.733224 0.059896 0.078289
0 0.538318 0.349671 0.053571 0.075658
0 0.696429 0.408882 0.048363 0.099342
0 0.850260 0.454276 0.039807 0.071711
0 0.886161 0.240789 0.049851 0.094737
0 0.447731 0.069079 0.045759 0.088158
0 0.221354 0.300658 0.052083 0.052632