0 0.680804 0.325000 0.065476 0.088158
0 0.594122 0.437500 0.050595 0.063158
0 0.584263 0.488487 0.059896 0.046711
0 0.565662 0.627303 0.039807 0.091447
0 0.422805 0.703618 0.044271 0.065132
0 0.184896 0.632237 0.055804 0.050000
0 0.148996 0.749342 0.042783 0.085526
0 0.210751 0.526974 0.046503 0.052632
0 0.174479 0.396711 0.043899 0.056579
0 0.055618 0.427961 0.044271 0.096711
0 0.347656 0.440789 0.057664 0.068421
0 0.457775 0.467434 0.059896 0.070395
0 0.260045 0.165789 0.058036 0.085526
0 0.794643 0.067434 0.050595 0.082237
0 0.917597 0.178618 0.044271 0.080921
0 0.882254 0.623355 0.054688 0.074342
0 0.972842 0.554276 0.054315 0.071711
0 0.721168 0.918750 0.056176 0.074342