0 0.365885 0.660855 0.062128 0.075658
0 0.293155 0.665461 0.049851 0.082237
0 0.160900 0.763158 0.056176 0.064474
0 0.226190 0.353947 0.049851 0.063158
0 0.144345 0.304605 0.049851 0.057895
0 0.148438 0.242105 0.029762 0.081579
0 0.186384 0.195395 0.037946 0.053947
0 0.394345 0.417434 0.032738 0.053289
0 0.415923 0.195395 0.050595 0.109211
0 0.459449 0.125329 0.052083 0.096711
0 0.540179 0.105592 0.054315 0.105921
0 0.563802 0.491447 0.042783 0.088158
0 0.572173 0.789803 0.049851 0.096711
0 0.637277 0.848684 0.050595 0.085526
0 0.799479 0.522697 0.053571 0.117763
0 0.866815 0.680921 0.055804 0.096053
0 0.879464 0.854276 0.048363 0.130921
0 0.662946 0.167105 0.046131 0.094737
0 0.726749 0.078947 0.056176 0.092105
0 0.901600 0.172368 0.039807 0.123684
0 0.936198 0.123355 0.042783 0.107237