0 0.451265 0.874671 0.031994 0.049342
0 0.509673 0.801974 0.030506 0.050000
0 0.884115 0.737500 0.026414 0.042105
0 0.422991 0.716447 0.030506 0.046053
0 0.327753 0.683882 0.026042 0.046711
0 0.968750 0.670395 0.036458 0.063158
0 0.816964 0.668421 0.030506 0.056579
0 0.155692 0.662829 0.024926 0.042763
0 0.858631 0.658882 0.028274 0.046711
0 0.056548 0.429934 0.030506 0.053289
0 0.358259 0.357566 0.026042 0.044079
0 0.929501 0.347039 0.030878 0.053289
0 0.391555 0.333882 0.032366 0.054605
0 0.676525 0.662500 0.042783 0.096053
0 0.883743 0.975329 0.042039 0.049342
0 0.263207 0.887171 0.050223 0.070395
0 0.210007 0.977961 0.046503 0.044079
0 0.027716 0.985197 0.030878 0.029605