0 0.634673 0.971053 0.075893 0.057895
0 0.641369 0.494737 0.063988 0.096053
0 0.755766 0.278947 0.059896 0.093421
0 0.640067 0.100987 0.049479 0.087500
0 0.696429 0.046711 0.058780 0.086842
0 0.111421 0.741118 0.040551 0.080921
0 0.139695 0.782895 0.044271 0.089474
0 0.047805 0.886184 0.044271 0.089474
0 0.124442 0.353618 0.042039 0.080921
0 0.184152 0.334539 0.056548 0.083553
0 0.202381 0.419408 0.058780 0.103289
0 0.196801 0.066118 0.049107 0.087500
0 0.365141 0.076316 0.060640 0.093421
0 0.443824 0.145395 0.067708 0.093421
0 0.590960 0.405921 0.053199 0.100000
0 0.623326 0.447697 0.071057 0.107237
0 0.706473 0.707566 0.058036 0.078289
0 0.826079 0.676645 0.081473 0.107237
0 0.924665 0.678289 0.052455 0.106579
0 0.813988 0.955263 0.089286 0.089474
0 0.524740 0.839145 0.065104 0.116447
0 0.423363 0.840789 0.055060 0.111842