0 0.884115 0.960526 0.047247 0.078947
0 0.425409 0.624342 0.049479 0.084211
0 0.139509 0.569737 0.047619 0.080263
0 0.930990 0.466776 0.049479 0.083553
0 0.201823 0.205263 0.047991 0.075000
0 0.584635 0.191776 0.073289 0.096711
0 0.187128 0.118092 0.049107 0.074342
0 0.755766 0.063158 0.058408 0.090789
0 0.124070 0.144408 0.047991 0.071711
0 0.111607 0.524342 0.058036 0.097368
0 0.042597 0.669079 0.040551 0.075000
0 0.390253 0.889474 0.051339 0.075000
0 0.528088 0.622368 0.068824 0.096053
0 0.563430 0.977961 0.082217 0.044079
0 0.816406 0.758224 0.103051 0.144079
0 0.831845 0.459211 0.071429 0.122368
0 0.710751 0.490132 0.065104 0.106579
0 0.622582 0.240461 0.063616 0.084868
0 0.646577 0.275987 0.060268 0.119079
0 0.906994 0.976316 0.050595 0.047368