0 0.202009 0.596711 0.049851 0.085526
0 0.155320 0.751645 0.045759 0.078289
0 0.515067 0.767105 0.056176 0.088158
0 0.381510 0.955921 0.050223 0.071053
0 0.564174 0.911513 0.059896 0.070395
0 0.692336 0.845724 0.066220 0.080921
0 0.829055 0.713816 0.056176 0.064474
0 0.861979 0.667434 0.050595 0.075658
0 0.901414 0.959539 0.062500 0.080921
0 0.860305 0.253947 0.050223 0.123684
0 0.887091 0.164474 0.075521 0.067105
0 0.836682 0.037829 0.090030 0.075658
0 0.724516 0.065132 0.076265 0.063158
0 0.458333 0.097039 0.053571 0.128289
0 0.378720 0.141776 0.074405 0.134868
0 0.416295 0.397039 0.038690 0.078289
0 0.499070 0.506908 0.063616 0.105921
0 0.303199 0.044737 0.046131 0.089474
0 0.256324 0.197368 0.069940 0.123684
0 0.051339 0.508553 0.053571 0.088158