0 0.329799 0.977303 0.028646 0.045395
0 0.617932 0.940132 0.030506 0.053947
0 0.768973 0.813816 0.032738 0.060526
0 0.378906 0.655921 0.036086 0.064474
0 0.102679 0.641776 0.031994 0.057237
0 0.921317 0.631250 0.036086 0.059868
0 0.780692 0.596711 0.036086 0.052632
0 0.382440 0.579605 0.036458 0.064474
0 0.885789 0.529605 0.032738 0.053947
0 0.197731 0.454605 0.034598 0.063158
0 0.512463 0.413158 0.030878 0.050000
0 0.700893 0.319737 0.031994 0.056579
0 0.148065 0.286842 0.034226 0.060526
0 0.272693 0.276645 0.030506 0.053289
0 0.355283 0.270066 0.032738 0.057237
0 0.050223 0.254276 0.031994 0.070395
0 0.520647 0.246382 0.032366 0.053289
0 0.085193 0.228947 0.031994 0.056579
0 0.291295 0.223026 0.053571 0.088158
0 0.981585 0.748355 0.036830 0.107237