0 0.329055 0.979605 0.024182 0.040789
0 0.617188 0.941447 0.026042 0.046053
0 0.768415 0.814474 0.028646 0.053947
0 0.378162 0.656250 0.030878 0.057237
0 0.779576 0.596711 0.033854 0.046053
0 0.381882 0.580263 0.032366 0.057895
0 0.885231 0.529934 0.030134 0.049342
0 0.196987 0.454934 0.030878 0.053289
0 0.511719 0.413487 0.027902 0.042763
0 0.700335 0.320724 0.027902 0.049342
0 0.272135 0.277303 0.024926 0.044079
0 0.354353 0.269737 0.027902 0.050000
0 0.519903 0.246711 0.028646 0.046053
0 0.049665 0.255592 0.036086 0.074342
0 0.290923 0.222039 0.036458 0.057237
0 0.149740 0.292763 0.060640 0.085526
0 0.084263 0.230592 0.056176 0.112500
0 0.100074 0.630921 0.040179 0.071053
0 0.916109 0.632237 0.058408 0.098684
0 0.979539 0.758553 0.040923 0.088158