0 0.312872 0.821053 0.035714 0.050000
0 0.494234 0.805592 0.042783 0.071711
0 0.515997 0.513487 0.036458 0.059868
0 0.747210 0.313487 0.048735 0.080921
0 0.305432 0.290789 0.042411 0.071053
0 0.273438 0.264145 0.040179 0.065132
0 0.722842 0.241118 0.031994 0.050658
0 0.437128 0.114803 0.030506 0.053289
0 0.210007 0.673355 0.052455 0.080921
0 0.109747 0.689803 0.032738 0.074342
0 0.076451 0.943092 0.039807 0.067763
0 0.391555 0.548355 0.046503 0.046711
0 0.325521 0.338487 0.046131 0.075658
0 0.609189 0.511184 0.040551 0.060526
0 0.694754 0.839474 0.040551 0.056579
0 0.696987 0.797039 0.026414 0.074342
0 0.935454 0.464803 0.042783 0.078289
0 0.974516 0.078618 0.040551 0.070395