0 0.497768 0.656579 0.036458 0.057895
0 0.528646 0.572697 0.040179 0.049342
0 0.662946 0.483224 0.037946 0.082237
0 0.776786 0.493092 0.026786 0.050658
0 0.745350 0.720066 0.040551 0.071711
0 0.882068 0.653618 0.035714 0.071711
0 0.902530 0.503618 0.032738 0.063816
0 0.901972 0.454934 0.020461 0.054605
0 0.860305 0.217434 0.038318 0.082237
0 0.576451 0.180592 0.045759 0.082237
0 0.483073 0.420066 0.056176 0.080921
0 0.361421 0.459868 0.038318 0.063158
0 0.120908 0.269737 0.050595 0.092105
0 0.177641 0.200329 0.040551 0.070395
0 0.104167 0.490132 0.053571 0.088158
0 0.023438 0.540461 0.040179 0.107237
0 0.066964 0.789145 0.054315 0.116447
0 0.147693 0.923355 0.056548 0.067763