0 0.059338 0.819079 0.036830 0.053947
0 0.054129 0.698684 0.036830 0.067105
0 0.231585 0.547368 0.036830 0.073684
0 0.498512 0.499342 0.052083 0.085526
0 0.333333 0.242763 0.030506 0.052632
0 0.313058 0.100987 0.030134 0.054605
0 0.567708 0.079605 0.050595 0.089474
0 0.382626 0.539474 0.044271 0.096053
0 0.375930 0.476645 0.042783 0.067763
0 0.488467 0.600658 0.066220 0.123684
0 0.481027 0.733224 0.056548 0.101974
0 0.670387 0.543421 0.069940 0.117105
0 0.768415 0.616447 0.050223 0.089474
0 0.933780 0.498684 0.063988 0.096053
0 0.928571 0.711513 0.031994 0.075658
0 0.808408 0.891776 0.037946 0.074342
0 0.779018 0.941776 0.049851 0.067763
0 0.751116 0.979605 0.067708 0.040789
0 0.684152 0.130263 0.034226 0.057895
0 0.873140 0.150987 0.050595 0.050658
0 0.891555 0.057237 0.042783 0.057895
0 0.915737 0.080921 0.026414 0.063158
0 0.519717 0.171711 0.032738 0.063158
0 0.151786 0.271382 0.067708 0.078289
0 0.220610 0.713487 0.052083 0.070395
0 0.144531 0.577961 0.036830 0.065132
0 0.301153 0.625000 0.054688 0.089474
0 0.054688 0.759539 0.035714 0.053289
0 0.069382 0.776316 0.036830 0.057895