0 0.450521 0.724671 0.031994 0.042763
0 0.382812 0.656250 0.035714 0.054605
0 0.535156 0.655921 0.039807 0.067105
0 0.424851 0.646053 0.034226 0.047368
0 0.628906 0.613158 0.027902 0.042105
0 0.615699 0.562500 0.032738 0.043421
0 0.685640 0.534539 0.041667 0.053289
0 0.810082 0.486184 0.045759 0.073684
0 0.721168 0.427632 0.034598 0.052632
0 0.954241 0.350329 0.023810 0.046711
0 0.498698 0.331579 0.033854 0.053947
0 0.610863 0.210855 0.030506 0.050658
0 0.648438 0.035855 0.028274 0.042763
0 0.696801 0.024342 0.030506 0.047368
0 0.597656 0.525658 0.036830 0.056579
0 0.649740 0.577303 0.024182 0.071711
0 0.451451 0.970066 0.048735 0.059868
0 0.075707 0.793421 0.054688 0.067105
0 0.029948 0.854276 0.059896 0.080921
0 0.243490 0.654934 0.039807 0.049342