0 0.114025 0.290789 0.046503 0.064474
0 0.138579 0.339803 0.030134 0.084868
0 0.046317 0.439474 0.042039 0.084211
0 0.144159 0.950329 0.076265 0.099342
0 0.393601 0.655592 0.053571 0.096711
0 0.505766 0.854605 0.057664 0.119737
0 0.554688 0.766447 0.047619 0.121053
0 0.677827 0.819737 0.087798 0.115789
0 0.865141 0.829605 0.050223 0.123684
0 0.889881 0.733224 0.030506 0.074342
0 0.909598 0.757566 0.047619 0.082237
0 0.813244 0.517105 0.053571 0.115789
0 0.837612 0.231579 0.062128 0.100000
0 0.928571 0.229934 0.031994 0.070395
0 0.714844 0.263816 0.036086 0.084211
0 0.648810 0.057566 0.052083 0.074342
0 0.627790 0.043092 0.094122 0.086184
0 0.529390 0.391776 0.046131 0.071711
0 0.426153 0.395395 0.056176 0.092105