0 0.147693 0.564474 0.044643 0.085526
0 0.076079 0.460526 0.063616 0.100000
0 0.086868 0.202303 0.039807 0.075658
0 0.142299 0.255592 0.042783 0.070395
0 0.080915 0.070395 0.047991 0.088158
0 0.125558 0.103289 0.042783 0.089474
0 0.254836 0.306908 0.062500 0.099342
0 0.228423 0.520724 0.062500 0.112500
0 0.186012 0.835855 0.062500 0.103289
0 0.281622 0.946711 0.053571 0.068421
0 0.308408 0.219408 0.038690 0.095395
0 0.622024 0.464145 0.046131 0.075658
0 0.505394 0.499671 0.076265 0.103289
0 0.664807 0.583224 0.036458 0.101974
0 0.633371 0.711513 0.063616 0.099342
0 0.801711 0.520724 0.049851 0.099342
0 0.712798 0.221053 0.056548 0.113158
0 0.568266 0.052961 0.062128 0.105921