0 0.476376 0.980592 0.028646 0.038816
0 0.893787 0.968092 0.038318 0.063816
0 0.452567 0.943750 0.034598 0.061184
0 0.419271 0.912829 0.041667 0.071711
0 0.034598 0.908553 0.030506 0.057895
0 0.870722 0.896382 0.030878 0.050658
0 0.019345 0.818421 0.029762 0.043421
0 0.584077 0.767434 0.031994 0.057237
0 0.280320 0.635526 0.027902 0.047368
0 0.467634 0.589803 0.028274 0.050658
0 0.193452 0.564145 0.026786 0.049342
0 0.528460 0.537829 0.032366 0.049342
0 0.015997 0.487829 0.031994 0.054605
0 0.501116 0.472697 0.032738 0.054605
0 0.379836 0.467105 0.030506 0.052632
0 0.348772 0.428289 0.030134 0.050000
0 0.059710 0.426974 0.034598 0.050000
0 0.302641 0.425329 0.030878 0.061184
0 0.896391 0.389145 0.033854 0.054605
0 0.352679 0.312829 0.029762 0.049342
0 0.670015 0.230592 0.034226 0.057237
0 0.703125 0.212829 0.029762 0.053289
0 0.987351 0.201316 0.025298 0.053947
0 0.739955 0.085855 0.028274 0.046711
0 0.938616 0.032566 0.032738 0.054605
0 0.026228 0.551645 0.052455 0.057237
0 0.071057 0.256250 0.036458 0.084868
0 0.024182 0.273355 0.048363 0.044079