0 0.049479 0.975000 0.035714 0.050000
0 0.052269 0.935855 0.059896 0.096711
0 0.047433 0.868092 0.036830 0.067763
0 0.480283 0.764474 0.037946 0.068421
0 0.370164 0.701974 0.041667 0.085526
0 0.596354 0.505263 0.042411 0.073684
0 0.138951 0.437500 0.045759 0.081579
0 0.979167 0.285197 0.026786 0.050658
0 0.333705 0.243092 0.028274 0.050658
0 0.904576 0.246711 0.039807 0.068421
0 0.012463 0.230592 0.024926 0.070395
0 0.477121 0.189803 0.044271 0.074342
0 0.312872 0.100658 0.026786 0.053947
0 0.266369 0.069737 0.037946 0.060526
0 0.632999 0.035855 0.065848 0.071711
0 0.495350 0.672039 0.044271 0.099342
0 0.461682 0.888816 0.049851 0.088158
0 0.363467 0.619079 0.049851 0.064474
0 0.318638 0.543421 0.046503 0.067105
0 0.505022 0.337829 0.046503 0.046711
0 0.544457 0.247039 0.045759 0.101974
0 0.664993 0.300658 0.059896 0.096053
0 0.856771 0.317434 0.056548 0.078289
0 0.874442 0.218092 0.039807 0.080921
0 0.800223 0.056908 0.104167 0.113816
0 0.908854 0.661842 0.049851 0.117105
0 0.920201 0.882566 0.038318 0.112500
0 0.760417 0.780592 0.061756 0.084868
0 0.663690 0.712500 0.086310 0.121053
0 0.211124 0.870724 0.042783 0.078289
0 0.138765 0.736842 0.049851 0.057895
0 0.292039 0.786842 0.053571 0.064474
0 0.219494 0.716447 0.049851 0.064474
0 0.387835 0.139474 0.045759 0.088158