0 0.349516 0.600000 0.042783 0.057895
0 0.379836 0.610197 0.046131 0.082237
0 0.459821 0.808882 0.037946 0.099342
0 0.462426 0.928618 0.032738 0.082237
0 0.529018 0.736184 0.023810 0.092105
0 0.624070 0.579276 0.039807 0.109868
0 0.772693 0.687171 0.036458 0.112500
0 0.796875 0.553618 0.034226 0.101974
0 0.954241 0.313487 0.029762 0.091447
0 0.710751 0.134868 0.056176 0.117105
0 0.532552 0.212171 0.050223 0.107237
0 0.496466 0.229934 0.027902 0.082237
0 0.206659 0.252632 0.059896 0.096053
0 0.165551 0.421053 0.048363 0.100000
0 0.204427 0.684539 0.033854 0.103289
0 0.063616 0.645724 0.049851 0.101974