0 0.352679 0.642763 0.048363 0.078947
0 0.315104 0.699342 0.063988 0.088158
0 0.182478 0.829276 0.047991 0.078289
0 0.057106 0.897368 0.045759 0.056579
0 0.027158 0.762500 0.054315 0.089474
0 0.375558 0.937500 0.070312 0.094737
0 0.621466 0.964145 0.042783 0.071711
0 0.662574 0.801645 0.047619 0.071711
0 0.941592 0.784539 0.083333 0.074342
0 0.986607 0.758882 0.026786 0.101974
0 0.888765 0.531908 0.062500 0.095395
0 0.733259 0.247697 0.046131 0.067763
0 0.747768 0.109211 0.066220 0.109211
0 0.760789 0.050987 0.074405 0.075658
0 0.630022 0.083553 0.076265 0.063158
0 0.512277 0.074013 0.072173 0.084868
0 0.586496 0.300987 0.036830 0.042763
0 0.380580 0.126316 0.053571 0.071053
0 0.326637 0.042434 0.067708 0.084868
0 0.221726 0.046382 0.046131 0.092763
0 0.344308 0.247697 0.057664 0.080921