0 0.262463 0.690132 0.047991 0.089474
0 0.313616 0.910526 0.071429 0.094737
0 0.233259 0.623355 0.054315 0.074342
0 0.114583 0.613816 0.053571 0.071053
0 0.081845 0.580263 0.050595 0.057895
0 0.035714 0.571382 0.029762 0.067763
0 0.080543 0.464803 0.039807 0.074342
0 0.402344 0.387171 0.053943 0.078289
0 0.431362 0.359211 0.039807 0.057895
0 0.636161 0.536842 0.067708 0.115789
0 0.465030 0.233553 0.031994 0.057895
0 0.566592 0.145066 0.056548 0.082237
0 0.611049 0.108553 0.058408 0.096053
0 0.676897 0.170724 0.048735 0.082237
0 0.712798 0.337829 0.056548 0.105921
0 0.796875 0.180592 0.047619 0.059868
0 0.814732 0.121382 0.030506 0.065132
0 0.879650 0.171382 0.042783 0.084868
0 0.907924 0.472368 0.039807 0.098684
0 0.905878 0.565789 0.032738 0.094737
0 0.860305 0.859868 0.069568 0.109211
0 0.204055 0.736184 0.058408 0.060526