0 0.453869 0.978289 0.029762 0.043421
0 0.621094 0.958882 0.032366 0.054605
0 0.778832 0.717763 0.027902 0.052632
0 0.859003 0.685855 0.029762 0.053289
0 0.948103 0.680592 0.027902 0.053289
0 0.032924 0.655921 0.033854 0.063158
0 0.322173 0.629605 0.030506 0.052632
0 0.357329 0.622697 0.030878 0.054605
0 0.535714 0.519737 0.036458 0.057895
0 0.250372 0.383882 0.029762 0.053289
0 0.105841 0.104605 0.032366 0.057895
0 0.419085 0.079605 0.028646 0.053947
0 0.857701 0.062829 0.026414 0.049342
0 0.953125 0.026645 0.029762 0.053289
0 0.774740 0.118421 0.038318 0.064474
0 0.519903 0.036842 0.040551 0.073684