0 0.294643 0.311842 0.054315 0.096053
0 0.194568 0.425987 0.053571 0.071711
0 0.194568 0.480921 0.053571 0.071053
0 0.178199 0.623355 0.069940 0.074342
0 0.069010 0.468421 0.060640 0.067105
0 0.160342 0.187829 0.049851 0.042763
0 0.403832 0.051974 0.076265 0.064474
0 0.535528 0.156579 0.062128 0.092105
0 0.648065 0.378618 0.069940 0.101974
0 0.858259 0.594408 0.072173 0.075658
0 0.851190 0.632237 0.069940 0.057895
0 0.944940 0.596053 0.071429 0.092105
0 0.974702 0.387171 0.050595 0.082237
0 0.329055 0.914803 0.054688 0.075658
0 0.036272 0.696053 0.056176 0.057895