0 0.640811 0.934868 0.033110 0.057895
0 0.617374 0.895724 0.040551 0.071711
0 0.196429 0.859539 0.033482 0.055921
0 0.585565 0.848355 0.038690 0.070395
0 0.117188 0.795395 0.025298 0.046053
0 0.181548 0.770724 0.032738 0.051974
0 0.751674 0.716776 0.036830 0.065132
0 0.445685 0.583553 0.033482 0.059211
0 0.635045 0.536513 0.043899 0.078289
0 0.357329 0.513158 0.034598 0.059211
0 0.186756 0.499013 0.034970 0.067763
0 0.694568 0.484211 0.037946 0.057895
0 0.175595 0.427961 0.032738 0.054605
0 0.667783 0.421053 0.037946 0.064474
0 0.545573 0.414803 0.036830 0.062500
0 0.223586 0.375000 0.038690 0.057895
0 0.514881 0.378947 0.045387 0.075000
0 0.469866 0.370724 0.049107 0.087500
0 0.144345 0.259868 0.031250 0.052632
0 0.518229 0.260526 0.034970 0.057895
0 0.166295 0.220066 0.029018 0.049342
0 0.232143 0.202632 0.032738 0.052632
0 0.834263 0.183224 0.038318 0.065132
0 0.870164 0.167763 0.033482 0.059211
0 0.904948 0.040789 0.031622 0.052632