0 0.612909 0.908553 0.024926 0.050000
0 0.456659 0.879934 0.026414 0.044079
0 0.822359 0.812829 0.028646 0.050658
0 0.749256 0.800987 0.023810 0.049342
0 0.231027 0.614474 0.030506 0.052632
0 0.846168 0.567434 0.026414 0.042763
0 0.675037 0.489474 0.026414 0.047368
0 0.589286 0.459211 0.026042 0.052632
0 0.602307 0.377961 0.030506 0.059868
0 0.637091 0.331579 0.026414 0.053947
0 0.306548 0.166776 0.038690 0.067763
0 0.757999 0.149342 0.024926 0.057895
0 0.595610 0.052961 0.026786 0.053289
0 0.868676 0.339474 0.044643 0.094737