0 0.870164 0.974013 0.031994 0.051974
0 0.546689 0.881908 0.030878 0.054605
0 0.360119 0.873355 0.026042 0.049342
0 0.316406 0.593421 0.039807 0.052632
0 0.113653 0.460526 0.024926 0.042105
0 0.210379 0.450000 0.033854 0.063158
0 0.393043 0.320066 0.026414 0.042763
0 0.613467 0.289145 0.029762 0.049342
0 0.518229 0.287829 0.035714 0.059868
0 0.331101 0.107566 0.026786 0.044079
0 0.724888 0.027303 0.040551 0.054605
0 0.309524 0.071711 0.030506 0.060526
0 0.278646 0.040132 0.036458 0.053947
0 0.498140 0.579934 0.046131 0.088816
0 0.568452 0.791447 0.035714 0.056579
0 0.589286 0.819737 0.035714 0.064474
0 0.699405 0.614474 0.036458 0.084211
0 0.697731 0.579276 0.036830 0.038816
0 0.936570 0.247039 0.072545 0.078289
0 0.753162 0.097039 0.058408 0.082237
0 0.240885 0.815461 0.030134 0.078289
0 0.194382 0.904605 0.056176 0.064474
0 0.080915 0.719737 0.047991 0.067105