0 0.264881 0.514803 0.046131 0.080921
0 0.415365 0.780592 0.059896 0.103289
0 0.694940 0.927632 0.053571 0.094737
0 0.680432 0.418092 0.046131 0.078289
0 0.728423 0.256250 0.032738 0.116447
0 0.621652 0.050000 0.034226 0.094737
0 0.932292 0.503618 0.066220 0.166447
0 0.376860 0.194737 0.066220 0.100000
0 0.287202 0.358882 0.053571 0.082237
0 0.280134 0.296711 0.050595 0.060526
0 0.161272 0.341118 0.070312 0.103289
0 0.120536 0.574013 0.052083 0.107237
0 0.051339 0.333553 0.053571 0.092105
0 0.234375 0.079605 0.055804 0.117105