0 0.134115 0.495724 0.057664 0.070395
0 0.102121 0.217105 0.052455 0.064474
0 0.130952 0.662500 0.047619 0.096053
0 0.223214 0.591776 0.079613 0.082237
0 0.240141 0.440789 0.056176 0.084211
0 0.293899 0.338487 0.054315 0.075658
0 0.364769 0.683882 0.058408 0.092763
0 0.312686 0.946053 0.047991 0.071053
0 0.436198 0.561513 0.039807 0.075658
0 0.589286 0.606908 0.063988 0.103289
0 0.738839 0.528289 0.086310 0.110526
0 0.843936 0.736842 0.051711 0.081579
0 0.851190 0.856250 0.054315 0.086184
0 0.821057 0.968421 0.048363 0.063158
0 0.908296 0.664474 0.042783 0.063158
0 0.872396 0.159539 0.053571 0.070395
0 0.915923 0.144408 0.044643 0.075658
0 0.576265 0.167763 0.069940 0.060526
0 0.535714 0.345066 0.066220 0.130921
0 0.238095 0.073684 0.049851 0.063158
0 0.272321 0.028947 0.049851 0.057895