0 0.398251 0.270395 0.045759 0.081579
0 0.149740 0.571053 0.065848 0.088158
0 0.334077 0.681908 0.069940 0.099342
0 0.373140 0.773026 0.052083 0.064474
0 0.380394 0.837829 0.042039 0.082237
0 0.300409 0.923355 0.039807 0.084868
0 0.487351 0.902303 0.049851 0.075658
0 0.503720 0.803947 0.050595 0.084211
0 0.671689 0.841447 0.058408 0.102632
0 0.767857 0.914145 0.034226 0.078289
0 0.924665 0.800329 0.052455 0.099342
0 0.868490 0.443750 0.042783 0.082237
0 0.888765 0.351645 0.044643 0.070395
0 0.913876 0.375000 0.040551 0.075000
0 0.679688 0.424671 0.053571 0.071711
0 0.594122 0.503618 0.046131 0.084868
0 0.508743 0.468092 0.045759 0.071711
0 0.558966 0.382237 0.053943 0.067105
0 0.538504 0.035526 0.072545 0.071053
0 0.445126 0.035526 0.062128 0.071053
0 0.819940 0.141447 0.060268 0.094737
0 0.230283 0.848355 0.035714 0.075658
0 0.053757 0.069079 0.040551 0.088158