0 0.606957 0.654934 0.065848 0.095395
0 0.609375 0.821711 0.040179 0.057895
0 0.820685 0.317763 0.036458 0.088158
0 0.892299 0.130921 0.050223 0.060526
0 0.666481 0.086513 0.068080 0.071711
0 0.626116 0.122039 0.040179 0.053289
0 0.457403 0.050000 0.022693 0.081579
0 0.376674 0.133224 0.056176 0.099342
0 0.266741 0.078947 0.038690 0.084211
0 0.196243 0.098684 0.042783 0.110526
0 0.145647 0.170066 0.065848 0.134868
0 0.127976 0.408224 0.084077 0.141447
0 0.106399 0.637829 0.066220 0.112500
0 0.035900 0.623026 0.057664 0.088158
0 0.286086 0.474671 0.036458 0.117763
0 0.362723 0.813816 0.044643 0.084211
0 0.305804 0.762171 0.049851 0.103289
0 0.526600 0.476645 0.051711 0.075658
0 0.978237 0.550329 0.043527 0.088816