0 0.391927 0.933224 0.024182 0.046711
0 0.163504 0.885855 0.030878 0.065132
0 0.631882 0.849342 0.027902 0.047368
0 0.017113 0.747368 0.030506 0.053947
0 0.197917 0.736842 0.030506 0.056579
0 0.255952 0.664803 0.028274 0.057237
0 0.630580 0.598026 0.026786 0.050000
0 0.170015 0.579934 0.029762 0.053289
0 0.077009 0.548684 0.032738 0.056579
0 0.562872 0.528618 0.030506 0.059868
0 0.716518 0.529276 0.037946 0.070395
0 0.831473 0.457566 0.026786 0.054605
0 0.795759 0.436513 0.026786 0.046711
0 0.864955 0.409539 0.034226 0.054605
0 0.783110 0.403289 0.035714 0.063158
0 0.984375 0.362829 0.031250 0.080921
0 0.899926 0.303947 0.028274 0.056579
0 0.107701 0.224013 0.024926 0.054605
0 0.677269 0.205263 0.032366 0.057895
0 0.142113 0.199342 0.035714 0.063158
0 0.788690 0.084868 0.029762 0.057895
0 0.807478 0.485197 0.045759 0.080921
0 0.606399 0.523355 0.036458 0.075658
0 0.428571 0.520724 0.048363 0.075658
0 0.124442 0.933882 0.039807 0.074342