0 0.315476 0.869408 0.029762 0.054605
0 0.856957 0.825329 0.027902 0.050658
0 0.199963 0.693092 0.024926 0.046711
0 0.260045 0.641118 0.030506 0.046711
0 0.113653 0.572039 0.027902 0.049342
0 0.234189 0.575658 0.040551 0.067105
0 0.082961 0.533882 0.026786 0.044079
0 0.906436 0.501974 0.032366 0.057895
0 0.628534 0.486842 0.034598 0.057895
0 0.909412 0.425329 0.033854 0.059868
0 0.087240 0.418421 0.026414 0.046053
0 0.401228 0.331908 0.033854 0.057237
0 0.434152 0.313158 0.029762 0.053947
0 0.724144 0.296382 0.034598 0.057237
0 0.672061 0.126316 0.036086 0.060526
0 0.800223 0.120724 0.028274 0.046711
0 0.881696 0.117763 0.029762 0.050000
0 0.569196 0.090461 0.040179 0.071711
0 0.816964 0.068092 0.036458 0.057237
0 0.608817 0.062829 0.034598 0.054605
0 0.037388 0.524671 0.052455 0.075658
0 0.023065 0.731908 0.046131 0.070395
0 0.604911 0.984211 0.041667 0.031579