0 0.302827 0.373684 0.049851 0.057895
0 0.260417 0.304276 0.047619 0.049342
0 0.221912 0.248355 0.044271 0.070395
0 0.091332 0.274013 0.068080 0.070395
0 0.058222 0.464474 0.059896 0.088158
0 0.113281 0.835197 0.021949 0.082237
0 0.126488 0.881579 0.032738 0.052632
0 0.255022 0.705592 0.042783 0.075658
0 0.439174 0.525658 0.042783 0.036842
0 0.493118 0.808224 0.024182 0.061184
0 0.435640 0.270724 0.052083 0.105921
0 0.302083 0.107895 0.034226 0.035526
0 0.326451 0.080921 0.030134 0.050000
0 0.387091 0.068750 0.036086 0.070395
0 0.601749 0.127961 0.028646 0.075658
0 0.831659 0.403947 0.022693 0.060526
0 0.982701 0.438158 0.034598 0.064474
0 0.950335 0.905263 0.042039 0.094737