0 0.021205 0.170066 0.042411 0.044079
0 0.197173 0.037500 0.036458 0.075000
0 0.180060 0.257566 0.037946 0.099342
0 0.071615 0.474671 0.057664 0.082237
0 0.148624 0.500000 0.057664 0.119737
0 0.356399 0.623355 0.054315 0.078289
0 0.421875 0.664145 0.042411 0.086184
0 0.658110 0.509211 0.055804 0.085526
0 0.665551 0.682566 0.054315 0.145395
0 0.752046 0.887500 0.062128 0.092105
0 0.548921 0.939145 0.059896 0.071711
0 0.220052 0.963487 0.056176 0.073026
0 0.336310 0.320724 0.056548 0.096711
0 0.867932 0.193421 0.044643 0.092105
0 0.583147 0.337500 0.042783 0.068421