0 0.923549 0.899342 0.033854 0.060526
0 0.424665 0.865132 0.030134 0.063158
0 0.957031 0.766118 0.032366 0.054605
0 0.952753 0.653618 0.031994 0.063816
0 0.478981 0.600000 0.036830 0.056579
0 0.248884 0.580921 0.031994 0.064474
0 0.703497 0.525329 0.029762 0.061184
0 0.015997 0.511513 0.031994 0.063816
0 0.332961 0.500658 0.031994 0.063158
0 0.550223 0.489474 0.029762 0.063158
0 0.246280 0.400658 0.034226 0.067105
0 0.343564 0.347697 0.027902 0.057237
0 0.651972 0.256579 0.027902 0.052632
0 0.089844 0.192105 0.032366 0.071053
0 0.209821 0.123026 0.032738 0.064474
0 0.696057 0.089803 0.029762 0.065132
0 0.985863 0.073684 0.028274 0.063158
0 0.414807 0.242105 0.034226 0.057895
0 0.282924 0.031579 0.059896 0.063158
0 0.046503 0.056250 0.035714 0.059868
0 0.848772 0.442763 0.026414 0.063158
0 0.861979 0.446382 0.032738 0.042763