0 0.644903 0.615132 0.052455 0.089474
0 0.680432 0.584868 0.040179 0.105263
0 0.619234 0.941118 0.039807 0.065132
0 0.716146 0.968750 0.029762 0.062500
0 0.439918 0.917105 0.045759 0.078947
0 0.258743 0.738487 0.046503 0.075658
0 0.339658 0.679605 0.054315 0.100000
0 0.181920 0.335526 0.049851 0.085526
0 0.175967 0.284539 0.035714 0.053289
0 0.037388 0.496382 0.039807 0.071711
0 0.063058 0.530592 0.028646 0.107237
0 0.024926 0.595395 0.032738 0.081579
0 0.072545 0.918421 0.059524 0.123684
0 0.095424 0.044408 0.047991 0.088816
0 0.635045 0.047368 0.071429 0.094737
0 0.942708 0.261842 0.073661 0.113158
0 0.947545 0.039474 0.046131 0.078947
0 0.968192 0.931908 0.040551 0.080921