0 0.051711 0.248355 0.036458 0.070395
0 0.086496 0.228947 0.040551 0.092105
0 0.140439 0.288158 0.046503 0.060526
0 0.266927 0.275329 0.044271 0.078289
0 0.290923 0.219737 0.031994 0.063158
0 0.353609 0.265461 0.027902 0.059868
0 0.508929 0.404276 0.056548 0.074342
0 0.523810 0.256250 0.068452 0.088816
0 0.701265 0.320066 0.055804 0.099342
0 0.919457 0.640789 0.060640 0.126316
0 0.981771 0.753289 0.032738 0.092105
0 0.771205 0.818421 0.052083 0.088158
0 0.615699 0.943092 0.071429 0.112500
0 0.379650 0.657566 0.044271 0.067763
0 0.388207 0.576316 0.054688 0.078947
0 0.199219 0.461842 0.045759 0.078947
0 0.105841 0.634539 0.056176 0.105921
0 0.331659 0.971382 0.075521 0.057237