0 0.228609 0.217763 0.059896 0.121053
0 0.043527 0.343092 0.053571 0.074342
0 0.177641 0.522697 0.042783 0.086184
0 0.094866 0.758224 0.049851 0.067763
0 0.138951 0.887500 0.039807 0.060526
0 0.104167 0.975329 0.053571 0.049342
0 0.263579 0.814145 0.042039 0.070395
0 0.376674 0.828947 0.022693 0.057895
0 0.507812 0.792434 0.022321 0.046711
0 0.504650 0.850000 0.032366 0.071053
0 0.490141 0.973355 0.027902 0.053289
0 0.806362 0.968421 0.036830 0.063158
0 0.907552 0.907895 0.045759 0.067105
0 0.951265 0.745395 0.032738 0.063158
0 0.946243 0.373026 0.030878 0.088158
0 0.847470 0.528947 0.040179 0.081579
0 0.828869 0.303289 0.036458 0.088158
0 0.715588 0.420066 0.038318 0.067763
0 0.632254 0.175000 0.059896 0.105263
0 0.557106 0.134539 0.059896 0.067763
0 0.393043 0.175000 0.048735 0.068421
0 0.875930 0.121382 0.052455 0.074342