0 0.614955 0.908553 0.026042 0.050000
0 0.458519 0.880592 0.027902 0.042763
0 0.824219 0.813487 0.028646 0.050658
0 0.751302 0.801316 0.024182 0.050000
0 0.233259 0.615132 0.031994 0.057895
0 0.676897 0.490132 0.026414 0.047368
0 0.591332 0.460197 0.024926 0.053289
0 0.604167 0.378618 0.030506 0.061184
0 0.639137 0.332566 0.026786 0.053289
0 0.308780 0.166776 0.037946 0.067763
0 0.759673 0.150000 0.026042 0.056579
0 0.597470 0.053947 0.028274 0.052632
0 0.849888 0.562171 0.032366 0.042763
0 0.875930 0.338487 0.034598 0.075658