0 0.329613 0.975329 0.032738 0.049342
0 0.617560 0.940132 0.034226 0.057895
0 0.768973 0.813158 0.036458 0.067105
0 0.378534 0.655263 0.038318 0.068421
0 0.102679 0.641118 0.044643 0.080921
0 0.920759 0.630921 0.038690 0.064474
0 0.780320 0.596053 0.038318 0.057895
0 0.885045 0.529276 0.035714 0.059868
0 0.197173 0.454605 0.037946 0.067105
0 0.511905 0.412171 0.032738 0.054605
0 0.700521 0.319408 0.034226 0.061184
0 0.147693 0.285855 0.047619 0.084868
0 0.272693 0.277303 0.043899 0.080921
0 0.354911 0.269408 0.046131 0.080921
0 0.520461 0.245395 0.035714 0.057895
0 0.085751 0.229605 0.045759 0.084211
0 0.048549 0.253618 0.044271 0.107237
0 0.292411 0.222368 0.069940 0.102632
0 0.384301 0.576645 0.077381 0.101974
0 0.982329 0.744737 0.035342 0.119737