0 0.207775 0.640132 0.039807 0.084211
0 0.169271 0.736513 0.062500 0.105921
0 0.155134 0.896382 0.068452 0.099342
0 0.238839 0.187829 0.049851 0.065132
0 0.288318 0.331250 0.049851 0.099342
0 0.095052 0.370724 0.039807 0.084868
0 0.407552 0.252632 0.036830 0.092105
0 0.436012 0.538816 0.066220 0.126316
0 0.453497 0.721711 0.048363 0.092105
0 0.522879 0.635855 0.042783 0.082237
0 0.543527 0.493092 0.049851 0.070395
0 0.626488 0.389145 0.049851 0.091447
0 0.678013 0.731250 0.071801 0.099342
0 0.757254 0.630263 0.060640 0.110526
0 0.902716 0.662171 0.042783 0.071711
0 0.851190 0.403947 0.047619 0.078947
0 0.895647 0.224671 0.042783 0.078289
0 0.542969 0.119079 0.050223 0.071053
0 0.582775 0.068092 0.042783 0.080921