0 0.718936 0.982237 0.024926 0.035526
0 0.381138 0.836184 0.028646 0.046053
0 0.295945 0.806250 0.027902 0.053289
0 0.308222 0.725329 0.032366 0.061184
0 0.343192 0.677632 0.027902 0.053947
0 0.577753 0.675000 0.031994 0.056579
0 0.815104 0.656579 0.030506 0.046053
0 0.622024 0.612171 0.035714 0.050658
0 0.696057 0.588487 0.030506 0.054605
0 0.889881 0.576316 0.030506 0.050000
0 0.463728 0.490461 0.027902 0.050658
0 0.301525 0.397368 0.030134 0.050000
0 0.464658 0.271711 0.038690 0.068421
0 0.831473 0.252632 0.028274 0.050000
0 0.646391 0.078289 0.032366 0.063158
0 0.725632 0.028289 0.036086 0.056579
0 0.553385 0.907237 0.024926 0.052632
0 0.203869 0.328947 0.050595 0.068421