0 0.345424 0.448026 0.038318 0.088158
0 0.315104 0.500000 0.037946 0.096053
0 0.172061 0.639474 0.060640 0.117105
0 0.053385 0.712829 0.059896 0.107237
0 0.016183 0.565132 0.032366 0.096053
0 0.214100 0.925000 0.046503 0.126316
0 0.301153 0.870395 0.059896 0.100000
0 0.373698 0.760197 0.042783 0.092763
0 0.613467 0.794079 0.035714 0.105263
0 0.656808 0.615132 0.039807 0.126316
0 0.803943 0.948684 0.036458 0.102632
0 0.821243 0.951316 0.024926 0.097368
0 0.944568 0.582566 0.038690 0.099342
0 0.977307 0.588487 0.036458 0.112500
0 0.882254 0.342434 0.039807 0.088816
0 0.735677 0.066776 0.038318 0.133553
0 0.578869 0.110855 0.053571 0.103289
0 0.343936 0.058553 0.036086 0.117105