0 0.246280 0.662171 0.053571 0.080921
0 0.243676 0.392763 0.054315 0.092105
0 0.104539 0.496382 0.056548 0.103289
0 0.062128 0.433553 0.038690 0.084211
0 0.029762 0.369079 0.030506 0.089474
0 0.101190 0.235855 0.049851 0.065132
0 0.132440 0.211842 0.036458 0.060526
0 0.185640 0.206579 0.053571 0.126316
0 0.202381 0.097039 0.040179 0.070395
0 0.408296 0.251974 0.046503 0.117105
0 0.638579 0.520724 0.039807 0.075658
0 0.785528 0.556908 0.054688 0.109868
0 0.926339 0.445724 0.031994 0.075658
0 0.852307 0.147368 0.048363 0.121053
0 0.766927 0.074013 0.042783 0.099342
0 0.779948 0.040461 0.052455 0.080921
0 0.917039 0.966118 0.048363 0.067763
0 0.055990 0.829605 0.058408 0.064474