0 0.040179 0.328289 0.050595 0.063158
0 0.040179 0.169408 0.048363 0.109868
0 0.090402 0.221711 0.035714 0.088158
0 0.098400 0.365132 0.042783 0.085526
0 0.042411 0.570066 0.035714 0.091447
0 0.105655 0.679605 0.037946 0.100000
0 0.184710 0.643421 0.042783 0.094737
0 0.161830 0.945395 0.053571 0.100000
0 0.216518 0.415461 0.052083 0.082237
0 0.257068 0.332566 0.049851 0.088816
0 0.248326 0.128947 0.046503 0.067105
0 0.519717 0.145724 0.053571 0.080921
0 0.453497 0.601316 0.048363 0.098684
0 0.578125 0.573684 0.032738 0.060526
0 0.621838 0.723026 0.039807 0.121053
0 0.596912 0.817434 0.059896 0.095395
0 0.754092 0.629605 0.050595 0.057895
0 0.871094 0.651316 0.036830 0.092105
0 0.843936 0.875987 0.070312 0.082237
0 0.980283 0.818092 0.039435 0.092763
0 0.989211 0.669079 0.021577 0.081579
0 0.991443 0.607237 0.017113 0.060526
0 0.957589 0.369079 0.031994 0.085526
0 0.710007 0.036513 0.063616 0.065132
0 0.664993 0.319737 0.059896 0.094737