0 0.441778 0.871382 0.033854 0.075658
0 0.477121 0.697039 0.030878 0.061184
0 0.941592 0.614474 0.037946 0.060526
0 0.269531 0.526645 0.034598 0.053289
0 0.643229 0.478618 0.038690 0.086184
0 0.401786 0.447039 0.036458 0.080921
0 0.103981 0.430263 0.051711 0.081579
0 0.741257 0.322039 0.048735 0.082237
0 0.334077 0.243092 0.029762 0.050658
0 0.476749 0.190132 0.044271 0.073684
0 0.978609 0.175658 0.034598 0.071053
0 0.319010 0.159868 0.039807 0.071053
0 0.854167 0.059868 0.038690 0.077632
0 0.222470 0.407566 0.048363 0.080921
0 0.233631 0.628289 0.032738 0.057895
0 0.202753 0.750000 0.052083 0.088158
0 0.608259 0.195395 0.036458 0.067105
0 0.647321 0.424342 0.044643 0.067105
0 0.518415 0.465461 0.059896 0.075658
0 0.618118 0.625329 0.047991 0.049342
0 0.768415 0.922697 0.053943 0.074342