0 0.044085 0.812171 0.033110 0.065132
0 0.112165 0.664474 0.042039 0.077632
0 0.711124 0.639803 0.047247 0.080921
0 0.926339 0.608224 0.051339 0.083553
0 0.590216 0.333224 0.056920 0.094079
0 0.187500 0.258224 0.050595 0.076974
0 0.312872 0.101316 0.029762 0.057895
0 0.449591 0.071053 0.050967 0.080263
0 0.638579 0.039145 0.045759 0.078289
0 0.199963 0.350987 0.067336 0.123026
0 0.143601 0.707237 0.055060 0.081579
0 0.122768 0.283553 0.038690 0.068421
0 0.422991 0.766447 0.056548 0.090789
0 0.523065 0.762829 0.070685 0.107237
0 0.816406 0.891776 0.088914 0.107237
0 0.836310 0.607566 0.056548 0.083553
0 0.754836 0.205263 0.056548 0.096053
0 0.621280 0.377632 0.056548 0.100000
0 0.645647 0.422368 0.063616 0.097368
0 0.365885 0.027632 0.049479 0.055263