0 0.749814 0.890132 0.035342 0.064474
0 0.444010 0.757237 0.033110 0.059211
0 0.633743 0.710197 0.033110 0.058553
0 0.355655 0.686513 0.034970 0.061184
0 0.185268 0.671382 0.034970 0.067763
0 0.692708 0.657566 0.037946 0.058553
0 0.173921 0.600000 0.031622 0.055263
0 0.666295 0.594408 0.037946 0.065132
0 0.543899 0.588158 0.046131 0.081579
0 0.221726 0.547697 0.038690 0.058553
0 0.512835 0.552961 0.045759 0.083553
0 0.468192 0.543750 0.049479 0.090132
0 0.516183 0.433224 0.035342 0.058553
0 0.141927 0.431908 0.031622 0.054605
0 0.164249 0.391118 0.029390 0.051974
0 0.229911 0.375658 0.042411 0.075000
0 0.832961 0.355263 0.038690 0.067105
0 0.868304 0.339474 0.046131 0.080263
0 0.903460 0.211513 0.033110 0.055921
0 0.426711 0.059211 0.034970 0.059211
0 0.116257 0.962171 0.043527 0.075658
0 0.180060 0.941776 0.046131 0.094079