0 0.080729 0.346382 0.034226 0.075658
0 0.155134 0.359539 0.050595 0.071711
0 0.178571 0.114803 0.032738 0.075658
0 0.340774 0.189803 0.043899 0.084868
0 0.422619 0.537500 0.049851 0.094737
0 0.354725 0.495066 0.046503 0.103289
0 0.580543 0.208882 0.050223 0.117763
0 0.655320 0.377961 0.072545 0.103289
0 0.654018 0.560526 0.050595 0.092105
0 0.562128 0.814145 0.048363 0.105921
0 0.748884 0.763487 0.054315 0.075658
0 0.881882 0.912829 0.050223 0.082237
0 0.320312 0.870724 0.069940 0.078289
0 0.220052 0.835855 0.076265 0.103289
0 0.074591 0.876645 0.065848 0.071711
0 0.880394 0.075000 0.060640 0.121053
0 0.027344 0.053618 0.054688 0.105921