0 0.618676 0.978947 0.028274 0.042105
0 0.185268 0.867434 0.030506 0.046711
0 0.242932 0.795066 0.028274 0.049342
0 0.617560 0.727961 0.026786 0.044079
0 0.156808 0.709539 0.030134 0.044079
0 0.064360 0.678289 0.026786 0.046053
0 0.549665 0.659539 0.030878 0.057237
0 0.703311 0.660197 0.038318 0.067763
0 0.591518 0.649671 0.029762 0.049342
0 0.818080 0.587829 0.026786 0.049342
0 0.782552 0.567434 0.027902 0.042763
0 0.851749 0.539474 0.034598 0.052632
0 0.769903 0.533224 0.036086 0.059868
0 0.975074 0.492434 0.040179 0.071711
0 0.886905 0.433882 0.028274 0.050658
0 0.095238 0.355592 0.026042 0.050658
0 0.664062 0.335197 0.032738 0.054605
0 0.127046 0.329934 0.030134 0.053289
0 0.775484 0.215461 0.030134 0.050658
0 0.812500 0.041118 0.026042 0.042763
0 0.860677 0.029934 0.028646 0.049342
0 0.796131 0.615789 0.036458 0.064474
0 0.027902 0.866776 0.055804 0.099342
0 0.415923 0.660526 0.055804 0.098684