0 0.560454 0.260526 0.040551 0.089474
0 0.600818 0.250000 0.049851 0.110526
0 0.666109 0.301316 0.036086 0.098684
0 0.710379 0.472039 0.046503 0.105921
0 0.782180 0.292434 0.042783 0.082237
0 0.807664 0.233224 0.048363 0.105921
0 0.874256 0.288158 0.049851 0.096053
0 0.892299 0.589803 0.053943 0.088816
0 0.896205 0.675987 0.046131 0.080921
0 0.613281 0.648026 0.042783 0.067105
0 0.423549 0.491776 0.054688 0.082237
0 0.384673 0.497039 0.032738 0.078289
0 0.248140 0.800329 0.035714 0.075658
0 0.220796 0.746053 0.042783 0.092105
0 0.179315 0.858553 0.058036 0.089474
0 0.100632 0.747697 0.059896 0.078289
0 0.074963 0.701974 0.057664 0.092105
0 0.028274 0.692434 0.046131 0.086184
0 0.077195 0.587829 0.062128 0.082237
0 0.403088 0.122039 0.063616 0.103289