0 0.260789 0.262171 0.040179 0.075658
0 0.283296 0.121053 0.045759 0.064474
0 0.279948 0.058224 0.030134 0.075658
0 0.159970 0.100000 0.032738 0.110526
0 0.044271 0.086513 0.035714 0.080921
0 0.119420 0.319737 0.035714 0.117105
0 0.190290 0.798684 0.042783 0.092105
0 0.141555 0.960526 0.040551 0.078947
0 0.475074 0.793421 0.046131 0.121053
0 0.520461 0.780921 0.048363 0.117105
0 0.415179 0.545395 0.032738 0.110526
0 0.694940 0.666447 0.053571 0.094737
0 0.583333 0.242763 0.077381 0.123684
0 0.681548 0.175658 0.049851 0.094737
0 0.729539 0.058224 0.049851 0.116447
0 0.928571 0.238816 0.052083 0.064474
0 0.944754 0.274671 0.046503 0.084868
0 0.941964 0.880263 0.037946 0.092105