0 0.032366 0.975000 0.040179 0.050000
0 0.443824 0.874342 0.026786 0.043421
0 0.561384 0.877303 0.040179 0.063816
0 0.269345 0.655921 0.035714 0.057895
0 0.832961 0.505592 0.038690 0.061184
0 0.306920 0.424013 0.034226 0.075658
0 0.195126 0.405592 0.042783 0.071711
0 0.020275 0.356908 0.036086 0.063816
0 0.530506 0.279276 0.049851 0.075658
0 0.396391 0.150658 0.033854 0.057895
0 0.112909 0.122039 0.038318 0.067763
0 0.438244 0.387171 0.053571 0.042763
0 0.436384 0.453947 0.036458 0.063158
0 0.415365 0.582566 0.046503 0.103289
0 0.068824 0.481908 0.053571 0.082237
0 0.030692 0.590132 0.045759 0.089474
0 0.738467 0.571711 0.067708 0.085526
0 0.873884 0.345395 0.066220 0.152632
0 0.776414 0.120395 0.046131 0.085526
0 0.646019 0.033553 0.042783 0.067105