0 0.121652 0.752961 0.048363 0.096711
0 0.093378 0.642763 0.041667 0.088158
0 0.078683 0.541776 0.060640 0.099342
0 0.089658 0.300329 0.046131 0.071711
0 0.115327 0.191776 0.042411 0.074342
0 0.116443 0.140789 0.052083 0.088158
0 0.294085 0.494408 0.039807 0.078289
0 0.348772 0.281579 0.063616 0.117105
0 0.704427 0.245066 0.056176 0.084868
0 0.887649 0.243421 0.068452 0.126316
0 0.648065 0.065461 0.062500 0.123026
0 0.625186 0.271053 0.042783 0.073684
0 0.598958 0.609868 0.032738 0.094737
0 0.505766 0.714145 0.042039 0.080921
0 0.416295 0.924013 0.056548 0.070395
0 0.674851 0.704605 0.043899 0.085526
0 0.702381 0.782237 0.062500 0.063158
0 0.856585 0.795395 0.062128 0.092105