0 0.180432 0.944079 0.031250 0.051316
0 0.749814 0.890132 0.035342 0.064474
0 0.444382 0.758882 0.045759 0.083553
0 0.633743 0.710855 0.033110 0.058553
0 0.355469 0.687171 0.034598 0.061184
0 0.185268 0.671711 0.034970 0.067105
0 0.692894 0.658224 0.036830 0.058553
0 0.173735 0.600000 0.032738 0.055263
0 0.666109 0.595066 0.036830 0.065132
0 0.543899 0.588487 0.046131 0.080921
0 0.221726 0.548026 0.038690 0.057895
0 0.512835 0.553618 0.045759 0.083553
0 0.468378 0.544079 0.050595 0.090789
0 0.141927 0.432237 0.031622 0.052632
0 0.516369 0.433553 0.034970 0.059211
0 0.164249 0.391447 0.029390 0.051316
0 0.230655 0.376316 0.045387 0.075000
0 0.832775 0.355921 0.038318 0.067105
0 0.868862 0.340461 0.033110 0.061184
0 0.903460 0.211842 0.033110 0.055263
0 0.426711 0.059539 0.034970 0.058553
0 0.115699 0.962829 0.038690 0.074342