0 0.289249 0.676645 0.036830 0.082237
0 0.332031 0.598355 0.038318 0.080921
0 0.409040 0.273355 0.046503 0.080921
0 0.363653 0.147368 0.059896 0.057895
0 0.531808 0.218750 0.040551 0.092763
0 0.567708 0.497039 0.046131 0.101974
0 0.568452 0.667763 0.071429 0.117105
0 0.662946 0.587171 0.048363 0.080921
0 0.665551 0.442763 0.036458 0.085526
0 0.730841 0.327632 0.040551 0.100000
0 0.674479 0.090132 0.034226 0.075000
0 0.703311 0.030592 0.046503 0.061184
0 0.801339 0.689474 0.053571 0.100000
0 0.871838 0.589145 0.057664 0.113816
0 0.974144 0.346711 0.024182 0.063158
0 0.754836 0.954605 0.050595 0.067105
0 0.281622 0.860526 0.043899 0.060526