0 0.431734 0.326645 0.042783 0.075658
0 0.419085 0.253289 0.036086 0.050000
0 0.383185 0.194737 0.035714 0.052632
0 0.353981 0.412171 0.036830 0.078289
0 0.268415 0.514145 0.028646 0.050658
0 0.279204 0.376974 0.042783 0.056579
0 0.195499 0.367763 0.044271 0.085526
0 0.199963 0.063158 0.030134 0.084211
0 0.039435 0.324671 0.040179 0.082237
0 0.109003 0.487829 0.032738 0.071711
0 0.106957 0.555921 0.026414 0.067105
0 0.124628 0.577961 0.036458 0.065132
0 0.109747 0.619737 0.024554 0.067105
0 0.243676 0.807237 0.054315 0.063158
0 0.234561 0.915461 0.042783 0.074342
0 0.181176 0.920724 0.034226 0.053289
0 0.150484 0.943421 0.024926 0.067105
0 0.450521 0.959539 0.049851 0.070395
0 0.808036 0.803289 0.031994 0.053947
0 0.821987 0.725658 0.030134 0.089474
0 0.898251 0.836513 0.046503 0.086184
0 0.862165 0.698026 0.026414 0.096053
0 0.979539 0.498026 0.032738 0.057895
0 0.820871 0.409539 0.046503 0.082237
0 0.724702 0.343092 0.034226 0.082237
0 0.552827 0.285197 0.049851 0.070395
0 0.526600 0.506908 0.052455 0.101974
0 0.973400 0.275329 0.053199 0.092763