0 0.256696 0.453947 0.066220 0.067105
0 0.372954 0.471711 0.075521 0.064474
0 0.478981 0.628289 0.042783 0.057895
0 0.496652 0.485855 0.073661 0.070395
0 0.503720 0.427961 0.053571 0.074342
0 0.793341 0.612500 0.058408 0.067105
0 0.624814 0.915789 0.059896 0.064474
0 0.886347 0.537500 0.075521 0.081579
0 0.945871 0.387500 0.065848 0.067105
0 0.829799 0.170066 0.042783 0.071711
0 0.937872 0.046382 0.073661 0.092763
0 0.712240 0.057895 0.059896 0.064474
0 0.180804 0.160526 0.068452 0.092105
0 0.072545 0.389803 0.069940 0.092763
0 0.127604 0.522039 0.085565 0.107237
0 0.092076 0.638487 0.040551 0.070395
0 0.056920 0.749013 0.086310 0.078289
0 0.329613 0.693750 0.073661 0.065132