0 0.482329 0.909211 0.030134 0.057895
0 0.691406 0.882895 0.034598 0.060526
0 0.653088 0.878618 0.028646 0.049342
0 0.455357 0.719079 0.032738 0.056579
0 0.488467 0.586513 0.031994 0.050658
0 0.021391 0.429934 0.042783 0.057237
0 0.554129 0.404605 0.028646 0.052632
0 0.805432 0.369408 0.029762 0.063816
0 0.234561 0.349671 0.030878 0.057237
0 0.085193 0.318421 0.034226 0.063158
0 0.653088 0.239474 0.027902 0.050000
0 0.819568 0.219737 0.032738 0.056579
0 0.185640 0.086184 0.030506 0.052632
0 0.372396 0.263816 0.036458 0.092105
0 0.399182 0.272368 0.035714 0.052632
0 0.479353 0.470395 0.059896 0.096053
0 0.295945 0.973355 0.065848 0.053289