0 0.140625 0.237829 0.072173 0.075658
0 0.202381 0.287829 0.037946 0.070395
0 0.325521 0.288158 0.035714 0.056579
0 0.348214 0.226316 0.036458 0.057895
0 0.412388 0.278947 0.039807 0.063158
0 0.436198 0.580592 0.030878 0.092763
0 0.434524 0.654934 0.036458 0.063816
0 0.568080 0.421382 0.036458 0.071711
0 0.573661 0.245395 0.029762 0.064474
0 0.760789 0.338158 0.072173 0.113158
0 0.832775 0.590789 0.044271 0.096053
0 0.975818 0.631579 0.031994 0.078947
0 0.821987 0.819737 0.050223 0.096053
0 0.671689 0.939145 0.030134 0.075658
0 0.386347 0.976974 0.042783 0.046053
0 0.159970 0.639145 0.053571 0.067763
0 0.255952 0.442763 0.032738 0.117105
0 0.013765 0.334868 0.020089 0.064474
0 0.095052 0.262500 0.046503 0.056579