0 0.180060 0.168092 0.063988 0.105921
0 0.225074 0.305592 0.052083 0.099342
0 0.053757 0.355263 0.047991 0.094737
0 0.152902 0.627961 0.084077 0.123026
0 0.117560 0.702961 0.050595 0.080921
0 0.094494 0.863487 0.058036 0.096711
0 0.388021 0.703618 0.053571 0.105921
0 0.387835 0.512171 0.065848 0.099342
0 0.475446 0.610197 0.038690 0.082237
0 0.484933 0.464474 0.044271 0.088158
0 0.560640 0.360197 0.053571 0.082237
0 0.350260 0.229934 0.047991 0.082237
0 0.490141 0.099671 0.058408 0.075658
0 0.523438 0.044408 0.044643 0.075658
0 0.834635 0.199013 0.040551 0.096711
0 0.796875 0.361842 0.047619 0.088158
0 0.689360 0.606908 0.050595 0.107237
0 0.620908 0.717105 0.056548 0.094737
0 0.568080 0.966118 0.049851 0.067763
0 0.842820 0.643750 0.047991 0.103289
0 0.977865 0.566447 0.044271 0.084211