0 0.194382 0.909868 0.030134 0.056579
0 0.220238 0.603289 0.037946 0.052632
0 0.675409 0.431908 0.047991 0.091447
0 0.376674 0.352961 0.042783 0.088816
0 0.014881 0.230263 0.029762 0.073684
0 0.314174 0.100658 0.030878 0.056579
0 0.383371 0.421711 0.059896 0.094737
0 0.496652 0.388487 0.053571 0.105921
0 0.476935 0.611184 0.049851 0.089474
0 0.300037 0.513816 0.065848 0.057895
0 0.224888 0.434211 0.053943 0.113158
0 0.150484 0.469079 0.030134 0.060526
0 0.060454 0.589803 0.059896 0.088816
0 0.054688 0.646382 0.030506 0.044079
0 0.070871 0.661842 0.039807 0.057895
0 0.058966 0.712171 0.048735 0.061184
0 0.154204 0.161513 0.059896 0.099342
0 0.521391 0.066776 0.053943 0.080921
0 0.686384 0.031579 0.054315 0.063158
0 0.869420 0.044737 0.029762 0.068421
0 0.932664 0.394079 0.052083 0.119737
0 0.928199 0.599342 0.046131 0.123684
0 0.762835 0.500000 0.042783 0.088158
0 0.812500 0.786513 0.068452 0.144079
0 0.774926 0.824342 0.048363 0.094737
0 0.836682 0.946711 0.085565 0.100000
0 0.764509 0.890789 0.055804 0.081579