0 0.777158 0.891447 0.028274 0.067105
0 0.857143 0.862500 0.030506 0.050000
0 0.946615 0.858224 0.027902 0.054605
0 0.989769 0.857895 0.020461 0.056579
0 0.031808 0.833224 0.033854 0.063816
0 0.321057 0.808224 0.029762 0.053289
0 0.355841 0.800658 0.030878 0.053947
0 0.248512 0.561513 0.029762 0.053289
0 0.102865 0.279276 0.032366 0.054605
0 0.417411 0.256250 0.028274 0.053289
0 0.856027 0.238487 0.026042 0.046711
0 0.952381 0.199013 0.029762 0.050658
0 0.954799 0.141776 0.030878 0.059868
0 0.121838 0.135197 0.034598 0.061184
0 0.123140 0.084211 0.031994 0.056579
0 0.564918 0.026645 0.030134 0.053289
0 0.778646 0.280921 0.053571 0.052632
0 0.775298 0.251316 0.036458 0.052632
0 0.525298 0.696382 0.048363 0.070395
0 0.813616 0.947697 0.049851 0.075658
0 0.899554 0.048026 0.066220 0.096053