0 0.584449 0.973026 0.037946 0.053947
0 0.180804 0.901645 0.031250 0.051974
0 0.750372 0.848355 0.036458 0.065132
0 0.444382 0.715132 0.033110 0.059211
0 0.634301 0.669079 0.043899 0.077632
0 0.356027 0.644737 0.034970 0.061842
0 0.185454 0.629934 0.035342 0.067763
0 0.693080 0.615461 0.037946 0.058553
0 0.174107 0.558553 0.032738 0.055263
0 0.666295 0.552632 0.047619 0.084211
0 0.544085 0.545724 0.036830 0.062500
0 0.222098 0.505921 0.038690 0.057895
0 0.512277 0.509539 0.049107 0.078289
0 0.468750 0.501974 0.038690 0.071053
0 0.516927 0.391118 0.035342 0.058553
0 0.142485 0.389803 0.031250 0.054605
0 0.164621 0.349671 0.029390 0.051974
0 0.230283 0.333224 0.032738 0.054605
0 0.833333 0.313158 0.038690 0.067105
0 0.869048 0.297697 0.033482 0.061184
0 0.903646 0.169737 0.032738 0.055263
0 0.427083 0.028947 0.034970 0.057895
0 0.117374 0.923355 0.047247 0.071711
0 0.197731 0.973355 0.047991 0.053289