0 0.806920 0.950658 0.035714 0.067105
0 0.507812 0.934539 0.031994 0.059868
0 0.056548 0.818750 0.035714 0.059868
0 0.083705 0.798355 0.030506 0.057237
0 0.940476 0.645066 0.034226 0.057237
0 0.620908 0.615789 0.032738 0.064474
0 0.187314 0.584868 0.036086 0.057895
0 0.113095 0.561842 0.031994 0.056579
0 0.811198 0.539474 0.030134 0.060526
0 0.980097 0.511513 0.030134 0.050658
0 0.783668 0.350000 0.033854 0.056579
0 0.284970 0.316447 0.031994 0.060526
0 0.334263 0.242434 0.028646 0.049342
0 0.816034 0.219737 0.028646 0.053947
0 0.476935 0.189145 0.042411 0.070395
0 0.812500 0.105921 0.030506 0.056579
0 0.313058 0.100658 0.027902 0.047368
0 0.339472 0.056579 0.039807 0.056579
0 0.881510 0.042105 0.030134 0.056579
0 0.113095 0.041776 0.034226 0.063816
0 0.590774 0.973355 0.086310 0.053289