0 0.641369 0.897368 0.042411 0.077632
0 0.617746 0.857237 0.050967 0.089474
0 0.196615 0.821382 0.033110 0.055921
0 0.586124 0.810526 0.038318 0.068421
0 0.117560 0.757566 0.025298 0.048026
0 0.181734 0.732895 0.031622 0.052632
0 0.752046 0.678618 0.036830 0.067763
0 0.445685 0.545724 0.033482 0.058553
0 0.635603 0.499013 0.033110 0.058553
0 0.357701 0.475987 0.044271 0.076974
0 0.187128 0.460855 0.034970 0.067763
0 0.694568 0.446382 0.037946 0.055921
0 0.176153 0.389803 0.031622 0.054605
0 0.667969 0.383224 0.036830 0.065132
0 0.545945 0.376316 0.047247 0.080263
0 0.223958 0.337171 0.038690 0.058553
0 0.514881 0.340789 0.045387 0.075000
0 0.470424 0.332566 0.038318 0.070395
0 0.144717 0.222697 0.031250 0.051974
0 0.518787 0.222368 0.035342 0.057895
0 0.167039 0.182237 0.029018 0.048684
0 0.232515 0.165789 0.032738 0.051316
0 0.834635 0.145724 0.038318 0.065132
0 0.870164 0.130263 0.032738 0.059211
0 0.905878 0.021053 0.054315 0.042105