0 0.284040 0.538487 0.042783 0.101974
0 0.312686 0.353289 0.060640 0.088158
0 0.551525 0.555263 0.075521 0.092105
0 0.756696 0.461842 0.069940 0.147368
0 0.705171 0.750987 0.074033 0.107237
0 0.928571 0.400000 0.065476 0.119737
0 0.303571 0.752961 0.042411 0.109868
0 0.252790 0.825329 0.056176 0.105921
0 0.138393 0.769408 0.050595 0.116447
0 0.129464 0.625658 0.036458 0.115789
0 0.078497 0.608224 0.053571 0.075658
0 0.080171 0.754934 0.056176 0.107237
0 0.079799 0.973355 0.082217 0.053289
0 0.065104 0.259539 0.050595 0.070395