0 0.570499 0.325987 0.054688 0.071711
0 0.545015 0.550329 0.034226 0.080921
0 0.452567 0.374342 0.042783 0.110526
0 0.441592 0.288487 0.035714 0.071711
0 0.407180 0.232566 0.047991 0.044079
0 0.372768 0.454934 0.050595 0.082237
0 0.292597 0.553947 0.058408 0.096053
0 0.302827 0.409539 0.054315 0.082237
0 0.219680 0.422368 0.072545 0.088158
0 0.269531 0.842105 0.047991 0.092105
0 0.837240 0.860526 0.045759 0.115789
0 0.849702 0.760197 0.052083 0.070395
0 0.842448 0.456250 0.057664 0.109868
0 0.887649 0.713487 0.032738 0.070395
0 0.743490 0.378289 0.045759 0.119737
0 0.264509 0.941118 0.049851 0.070395
0 0.588170 0.028618 0.056548 0.057237