0 0.921503 0.951974 0.032738 0.068421
0 0.954613 0.819079 0.031994 0.063158
0 0.476749 0.652303 0.036830 0.061184
0 0.247024 0.632895 0.032738 0.071053
0 0.015067 0.561184 0.030134 0.064474
0 0.331101 0.552303 0.031994 0.063816
0 0.244048 0.452961 0.034226 0.067763
0 0.340774 0.395066 0.026042 0.049342
0 0.650112 0.306250 0.027902 0.054605
0 0.334263 0.242105 0.027902 0.050000
0 0.087984 0.244079 0.032366 0.077632
0 0.207589 0.171382 0.032738 0.065132
0 0.694196 0.141118 0.029762 0.067763
0 0.985677 0.124342 0.028646 0.060526
0 0.045201 0.103947 0.030878 0.064474
0 0.350632 0.034211 0.026414 0.060526
0 0.414249 0.289803 0.042783 0.044079
0 0.545387 0.532566 0.028274 0.070395
0 0.699963 0.573684 0.044271 0.078947
0 0.835565 0.492763 0.043899 0.092105
0 0.861793 0.504934 0.027902 0.075658
0 0.950149 0.710197 0.049851 0.103289
0 0.425409 0.912829 0.045759 0.105921