0 0.453869 0.978289 0.029762 0.043421
0 0.621094 0.958553 0.032366 0.056579
0 0.778646 0.717434 0.028274 0.053289
0 0.858817 0.685197 0.030134 0.053289
0 0.948289 0.680592 0.028274 0.053289
0 0.032924 0.655592 0.033854 0.063816
0 0.322173 0.629276 0.030506 0.053289
0 0.535714 0.519079 0.036458 0.057895
0 0.250372 0.383882 0.029762 0.053289
0 0.476749 0.189145 0.042039 0.070395
0 0.105655 0.104276 0.032738 0.057237
0 0.419085 0.079605 0.028646 0.053947
0 0.857701 0.062829 0.026414 0.049342
0 0.953125 0.026974 0.029762 0.053947
0 0.778832 0.114145 0.032366 0.074342
0 0.779762 0.074013 0.050595 0.075658
0 0.518973 0.024671 0.055804 0.049342
0 0.357143 0.621053 0.026786 0.081579
0 0.816034 0.761842 0.046503 0.056579