0 0.471912 0.583553 0.065848 0.078947
0 0.457775 0.528289 0.059896 0.060526
0 0.588356 0.405921 0.042783 0.117105
0 0.601562 0.752303 0.052083 0.099342
0 0.664249 0.792763 0.059896 0.064474
0 0.616815 0.902961 0.036458 0.078289
0 0.672805 0.931250 0.046503 0.092763
0 0.821057 0.700000 0.053571 0.085526
0 0.843750 0.513158 0.052083 0.151316
0 0.781436 0.230263 0.059896 0.115789
0 0.647135 0.101974 0.059896 0.121053
0 0.599888 0.031908 0.042783 0.063816
0 0.399554 0.167763 0.049851 0.100000
0 0.403460 0.936842 0.059896 0.100000
0 0.782180 0.970066 0.042783 0.059868
0 0.831845 0.900000 0.036458 0.052632