0 0.109189 0.951974 0.027902 0.055263
0 0.707775 0.926974 0.030878 0.052632
0 0.926153 0.897368 0.030878 0.057895
0 0.832031 0.892763 0.039807 0.068421
0 0.641741 0.708553 0.045387 0.077632
0 0.619234 0.668750 0.040551 0.071711
0 0.197917 0.633224 0.033482 0.055921
0 0.587426 0.621711 0.037946 0.071053
0 0.118676 0.569737 0.025298 0.048684
0 0.183222 0.545066 0.031622 0.051974
0 0.753162 0.490461 0.036830 0.065132
0 0.447359 0.357237 0.033110 0.057895
0 0.637091 0.310526 0.033110 0.057895
0 0.359189 0.287500 0.034598 0.059211
0 0.189546 0.273355 0.034598 0.065132
0 0.696243 0.258882 0.036830 0.055921
0 0.178199 0.202961 0.031250 0.051974
0 0.669457 0.195724 0.036830 0.062500
0 0.547619 0.189145 0.036458 0.061184
0 0.226190 0.150000 0.037946 0.055263
0 0.516741 0.152961 0.045387 0.076974
0 0.520461 0.035855 0.033482 0.055921
0 0.472842 0.144737 0.055060 0.100000
0 0.148810 0.038487 0.056548 0.076974
0 0.138021 0.982895 0.041667 0.034211