0 0.341518 0.592434 0.032738 0.080921
0 0.314732 0.547039 0.034226 0.105921
0 0.283854 0.519079 0.032738 0.121053
0 0.403646 0.809868 0.036458 0.115789
0 0.524554 0.775987 0.048363 0.105921
0 0.618490 0.775000 0.054688 0.113158
0 0.761533 0.582895 0.038690 0.126316
0 0.737351 0.504276 0.050595 0.117763
0 0.948661 0.725329 0.049851 0.107237
0 0.395275 0.158224 0.042783 0.101974
0 0.451451 0.376316 0.042039 0.098684
0 0.331473 0.206579 0.047619 0.067105
0 0.250000 0.091776 0.038690 0.074342
0 0.215402 0.061842 0.050595 0.123684
0 0.167411 0.048355 0.048363 0.096711
0 0.061198 0.184211 0.042039 0.098684
0 0.146763 0.254276 0.042039 0.109868
0 0.360305 0.082895 0.052455 0.127632
0 0.763951 0.046382 0.046503 0.092763
0 0.981585 0.341776 0.036830 0.117763
0 0.218750 0.921382 0.052083 0.117763