0 0.180246 0.943750 0.031622 0.051974
0 0.749814 0.890132 0.035342 0.064474
0 0.444196 0.757237 0.033482 0.059211
0 0.633743 0.710197 0.033110 0.058553
0 0.355655 0.686842 0.034970 0.061842
0 0.185268 0.672039 0.034970 0.067763
0 0.692708 0.657895 0.037946 0.057895
0 0.173735 0.600000 0.032738 0.055263
0 0.666109 0.594737 0.038318 0.064474
0 0.543899 0.588158 0.046131 0.081579
0 0.221726 0.548026 0.038690 0.059211
0 0.513021 0.551316 0.045387 0.080263
0 0.468006 0.543750 0.050595 0.090132
0 0.516183 0.433224 0.035342 0.058553
0 0.141927 0.431908 0.031622 0.054605
0 0.165179 0.391447 0.040179 0.068421
0 0.230469 0.375000 0.044271 0.075000
0 0.832961 0.355592 0.038690 0.067763
0 0.868490 0.340132 0.047247 0.080263
0 0.903460 0.211842 0.033110 0.055263
0 0.426711 0.059211 0.034970 0.059211
0 0.117188 0.965789 0.038690 0.067105