0 0.300409 0.585526 0.036830 0.067105
0 0.325335 0.631579 0.042039 0.127632
0 0.234189 0.727632 0.059896 0.096053
0 0.101749 0.823355 0.036086 0.071711
0 0.085751 0.851645 0.030134 0.075658
0 0.073847 0.804276 0.038318 0.046711
0 0.015253 0.773355 0.030506 0.071711
0 0.125744 0.300987 0.066220 0.133553
0 0.039993 0.120724 0.079985 0.099342
0 0.067708 0.018421 0.020833 0.036842
0 0.317150 0.183882 0.051711 0.075658
0 0.374814 0.171382 0.039807 0.075658
0 0.388393 0.250000 0.036458 0.052632
0 0.784040 0.259539 0.046503 0.070395
0 0.816406 0.295066 0.036086 0.082237
0 0.843564 0.343421 0.063616 0.060526
0 0.946615 0.125658 0.060640 0.127632
0 0.906250 0.559539 0.062500 0.155921
0 0.719308 0.678289 0.059896 0.088158
0 0.821801 0.814474 0.053571 0.085526
0 0.623326 0.686842 0.033854 0.068421
0 0.588914 0.943421 0.036458 0.067105
0 0.165365 0.941118 0.059896 0.082237