0 0.751116 0.923355 0.028274 0.049342
0 0.456473 0.700987 0.026042 0.046711
0 0.214658 0.639803 0.028274 0.049342
0 0.601562 0.634868 0.028274 0.052632
0 0.919085 0.619737 0.028646 0.053947
0 0.247954 0.530263 0.028646 0.047368
0 0.619978 0.487171 0.028646 0.054605
0 0.493676 0.471053 0.026786 0.050000
0 0.621094 0.435526 0.024926 0.050000
0 0.081845 0.435526 0.038690 0.068421
0 0.202195 0.401974 0.027902 0.047368
0 0.334077 0.242105 0.026786 0.047368
0 0.476749 0.189474 0.042039 0.068421
0 0.957217 0.177961 0.026042 0.049342
0 0.296317 0.161842 0.030878 0.050000
0 0.831845 0.062829 0.028274 0.053289
0 0.177641 0.750329 0.060640 0.128289
0 0.384673 0.452632 0.040179 0.094737
0 0.590030 0.200658 0.050595 0.060526
0 0.717076 0.322039 0.042783 0.117763