0 0.100632 0.417434 0.042039 0.088816
0 0.058036 0.582895 0.065476 0.085526
0 0.124442 0.849342 0.059896 0.110526
0 0.252046 0.756579 0.053943 0.098684
0 0.279204 0.762829 0.040551 0.105921
0 0.349888 0.955592 0.066592 0.088816
0 0.430432 0.907237 0.068452 0.088158
0 0.531622 0.726316 0.053571 0.088158
0 0.706473 0.720066 0.062500 0.112500
0 0.678013 0.854276 0.053943 0.103289
0 0.848772 0.468092 0.052455 0.112500
0 0.933408 0.430592 0.023810 0.101974
0 0.435826 0.372368 0.040551 0.089474
0 0.395833 0.385526 0.046131 0.092105
0 0.325149 0.138816 0.026786 0.071053