0 0.130580 0.920395 0.046131 0.056579
0 0.774740 0.732237 0.042783 0.088158
0 0.809338 0.683553 0.038318 0.078947
0 0.058780 0.487500 0.035714 0.063158
0 0.674107 0.325658 0.052083 0.088158
0 0.386161 0.321053 0.049851 0.089474
0 0.502790 0.287171 0.046503 0.080921
0 0.378534 0.254934 0.045759 0.080921
0 0.333705 0.167763 0.049851 0.068421
0 0.313988 0.100658 0.031994 0.056579
0 0.494234 0.390461 0.058408 0.103289
0 0.476376 0.519079 0.062128 0.109211
0 0.305804 0.415789 0.049851 0.053947
0 0.233631 0.325329 0.026042 0.049342
0 0.145833 0.362171 0.032738 0.057237
0 0.157180 0.069737 0.044271 0.071053
0 0.222842 0.500658 0.031994 0.063158
0 0.058036 0.546053 0.031994 0.050000
0 0.068266 0.568092 0.040551 0.046711
0 0.059338 0.614474 0.022693 0.060526
0 0.197359 0.823026 0.046503 0.094737
0 0.190476 0.913487 0.037946 0.075658
0 0.100632 0.933224 0.028646 0.053289
0 0.405506 0.959868 0.063988 0.080263
0 0.843006 0.847368 0.031994 0.063158
0 0.767113 0.782895 0.049851 0.092105
0 0.932664 0.493750 0.044643 0.053289
0 0.933966 0.291447 0.056176 0.098684
0 0.772693 0.397039 0.036458 0.065132