0 0.957775 0.953618 0.026414 0.057237
0 0.980469 0.832566 0.024926 0.044079
0 0.343564 0.722039 0.026414 0.042763
0 0.965774 0.710526 0.026042 0.050000
0 0.276414 0.653947 0.028274 0.053947
0 0.429315 0.653289 0.037946 0.067105
0 0.317894 0.643750 0.027902 0.046711
0 0.544271 0.579934 0.028274 0.049342
0 0.508557 0.559868 0.028274 0.043421
0 0.578125 0.530921 0.036458 0.052632
0 0.495908 0.525987 0.036458 0.059868
0 0.900484 0.476316 0.028646 0.047368
0 0.703125 0.481908 0.042411 0.074342
0 0.613653 0.423684 0.030134 0.052632
0 0.846168 0.345724 0.024182 0.049342
0 0.389881 0.329276 0.031994 0.053289
0 0.501488 0.207566 0.030506 0.050658
0 0.539062 0.032566 0.026786 0.042763
0 0.587798 0.024671 0.030506 0.049342
0 0.522693 0.616118 0.036458 0.065132
0 0.349516 0.965789 0.042783 0.053947
0 0.982887 0.611513 0.034226 0.046711
0 0.141555 0.653618 0.024926 0.071711