0 0.111793 0.100987 0.046503 0.071711
0 0.073661 0.047368 0.063988 0.089474
0 0.244048 0.257237 0.073661 0.123684
0 0.305618 0.542434 0.056176 0.133553
0 0.291667 0.736184 0.087798 0.127632
0 0.126488 0.814474 0.046131 0.081579
0 0.071429 0.779276 0.028274 0.123026
0 0.081845 0.928618 0.068452 0.105921
0 0.131324 0.957566 0.046131 0.084868
0 0.555990 0.749342 0.077753 0.085526
0 0.763579 0.640132 0.091890 0.115789
0 0.934338 0.576316 0.072545 0.110526
0 0.789062 0.154276 0.066220 0.112500
0 0.639323 0.118421 0.070312 0.100000
0 0.924293 0.058882 0.071801 0.117763