0 0.248698 0.571382 0.056176 0.099342
0 0.115327 0.652632 0.035714 0.068421
0 0.082589 0.761513 0.040179 0.070395
0 0.072545 0.533553 0.054315 0.094737
0 0.361049 0.605592 0.039807 0.075658
0 0.321987 0.817434 0.028646 0.091447
0 0.469122 0.758553 0.052083 0.060526
0 0.487723 0.603947 0.053571 0.113158
0 0.484561 0.550329 0.076265 0.075658
0 0.444196 0.320724 0.052083 0.050658
0 0.698847 0.187829 0.045759 0.096711
0 0.806734 0.082566 0.056176 0.130921
0 0.819196 0.284539 0.029762 0.080921
0 0.933408 0.495066 0.049851 0.099342
0 0.890997 0.673355 0.052083 0.126974
0 0.783110 0.736184 0.056548 0.105263
0 0.930246 0.142434 0.046503 0.133553
0 0.171689 0.279605 0.042039 0.088158
0 0.027158 0.112829 0.054315 0.092763