0 0.496466 0.398355 0.040551 0.078289
0 0.523810 0.579934 0.046131 0.080921
0 0.657738 0.697368 0.062500 0.063158
0 0.739955 0.558224 0.062500 0.105921
0 0.697917 0.549671 0.050595 0.078289
0 0.335938 0.670395 0.073661 0.130263
0 0.515811 0.979605 0.076265 0.040789
0 0.530878 0.256250 0.071429 0.071711
0 0.518229 0.160197 0.063988 0.080921
0 0.589286 0.090789 0.058036 0.071053
0 0.844308 0.060526 0.056176 0.078947
0 0.277158 0.034868 0.074405 0.060526
0 0.057478 0.117763 0.079985 0.085526
0 0.127790 0.050000 0.062128 0.100000
0 0.023065 0.358882 0.046131 0.078289