0 0.477121 0.442763 0.028646 0.053947
0 0.614955 0.656250 0.022321 0.075658
0 0.644903 0.561513 0.026414 0.057237
0 0.598028 0.413816 0.042783 0.036842
0 0.777158 0.472697 0.032738 0.080921
0 0.890253 0.485526 0.036458 0.063158
0 0.856027 0.710855 0.054315 0.101974
0 0.260231 0.910197 0.044271 0.074342
0 0.173549 0.796711 0.042783 0.088158
0 0.122396 0.528289 0.068452 0.084211
0 0.203683 0.472368 0.048735 0.081579
0 0.058966 0.413816 0.052455 0.106579
0 0.066964 0.180921 0.041667 0.092105
0 0.126116 0.215461 0.042411 0.075658
0 0.113281 0.085197 0.039807 0.095395
0 0.061012 0.047039 0.040179 0.063816
0 0.231957 0.260526 0.047991 0.098684
0 0.286458 0.193421 0.032738 0.064474
0 0.692336 0.164474 0.030506 0.067105
0 0.974144 0.215461 0.042039 0.040132
0 0.017299 0.578618 0.034598 0.057237