0 0.270833 0.410526 0.026786 0.057895
0 0.229539 0.463158 0.032738 0.060526
0 0.426897 0.652632 0.042783 0.052632
0 0.491257 0.462829 0.042039 0.080921
0 0.609003 0.885855 0.038690 0.078289
0 0.752232 0.754605 0.035714 0.096053
0 0.754092 0.832237 0.048363 0.084211
0 0.737723 0.384211 0.069940 0.100000
0 0.732329 0.119737 0.045759 0.084211
0 0.663876 0.062500 0.042783 0.067105
0 0.708333 0.047697 0.037946 0.042763
0 0.819940 0.062171 0.054315 0.078289
0 0.912946 0.041118 0.048363 0.082237
0 0.533110 0.054276 0.036458 0.053289
0 0.363281 0.193421 0.042783 0.068421
0 0.301897 0.258882 0.039807 0.040132
0 0.276042 0.115461 0.030506 0.070395
0 0.123326 0.274671 0.063616 0.084868
0 0.185268 0.086513 0.059524 0.103289
0 0.067336 0.386842 0.048363 0.123684
0 0.127790 0.801974 0.028646 0.094737
0 0.202009 0.968421 0.054315 0.063158