0 0.312314 0.603289 0.059896 0.068421
0 0.397321 0.890789 0.035714 0.081579
0 0.513021 0.920395 0.059524 0.057895
0 0.636161 0.878289 0.052083 0.067105
0 0.641369 0.929605 0.063988 0.056579
0 0.728795 0.770066 0.083333 0.086184
0 0.843192 0.499342 0.059896 0.057895
0 0.964844 0.613158 0.042783 0.064474
0 0.954985 0.397368 0.062500 0.121053
0 0.771949 0.263487 0.052083 0.080921
0 0.691592 0.213158 0.081845 0.088158
0 0.529018 0.246382 0.062500 0.053289
0 0.356585 0.306250 0.060640 0.042763
0 0.161272 0.426316 0.062128 0.092105
0 0.214472 0.839474 0.047991 0.060526
0 0.100632 0.877961 0.044271 0.075658
0 0.264323 0.972039 0.046503 0.055921