0 0.416295 0.881250 0.026786 0.046711
0 0.232887 0.870066 0.028274 0.049342
0 0.112723 0.820395 0.028274 0.046053
0 0.463728 0.809868 0.034598 0.063158
0 0.437500 0.783882 0.031994 0.059868
0 0.367560 0.576316 0.042411 0.071053
0 0.083891 0.449342 0.030878 0.060526
0 0.389323 0.286184 0.034598 0.056579
0 0.204055 0.108882 0.030878 0.050658
0 0.181734 0.067763 0.039807 0.063158
0 0.150670 0.041776 0.038690 0.057237
0 0.596168 0.026316 0.042039 0.052632
0 0.572545 0.610197 0.028274 0.046711
0 0.568452 0.572697 0.035714 0.053289
0 0.483073 0.283882 0.036086 0.054605
0 0.618118 0.090789 0.036086 0.071053
0 0.810454 0.245724 0.044271 0.070395
0 0.265625 0.322697 0.050595 0.049342
0 0.066964 0.917105 0.049851 0.047368