0 0.743118 0.972039 0.036830 0.055921
0 0.416295 0.880921 0.026786 0.047368
0 0.232887 0.870395 0.028274 0.053947
0 0.111979 0.820066 0.026042 0.046711
0 0.463728 0.809539 0.034598 0.061184
0 0.437500 0.783882 0.031994 0.059868
0 0.187872 0.592434 0.036458 0.049342
0 0.084449 0.449013 0.032738 0.059868
0 0.484561 0.287500 0.036830 0.053947
0 0.204613 0.106579 0.029762 0.043421
0 0.620536 0.086513 0.040179 0.063816
0 0.181920 0.067105 0.040179 0.063158
0 0.150670 0.041776 0.038690 0.057237
0 0.068080 0.909539 0.032738 0.044079
0 0.364769 0.583553 0.047991 0.088158
0 0.575335 0.572039 0.039807 0.038816
0 0.569382 0.613816 0.040551 0.094737
0 0.389509 0.296053 0.046131 0.094737
0 0.262835 0.311513 0.066592 0.067763
0 0.812686 0.241118 0.057664 0.046711
0 0.589286 0.032237 0.048363 0.064474