0 0.071429 0.978618 0.040179 0.042763
0 0.078683 0.924342 0.033854 0.064474
0 0.347284 0.877303 0.034598 0.063816
0 0.586496 0.859539 0.044271 0.059868
0 0.391741 0.814474 0.040179 0.064474
0 0.863095 0.814474 0.038690 0.073684
0 0.657552 0.781908 0.036830 0.061184
0 0.232143 0.691118 0.035714 0.059868
0 0.711496 0.670724 0.032366 0.057237
0 0.898624 0.666776 0.036830 0.061184
0 0.073475 0.597697 0.030134 0.053289
0 0.957589 0.598684 0.036458 0.060526
0 0.869792 0.510526 0.038690 0.064474
0 0.773624 0.478947 0.054688 0.063158
0 0.234933 0.474342 0.042783 0.073684
0 0.598586 0.455592 0.048363 0.063816
0 0.419829 0.276974 0.044271 0.075000
0 0.500744 0.218092 0.041667 0.061184
0 0.804501 0.154605 0.036830 0.056579
0 0.176897 0.132566 0.030878 0.053289
0 0.837984 0.134539 0.042783 0.065132
0 0.224516 0.061513 0.032366 0.049342
0 0.196429 0.035197 0.037946 0.050658
0 0.469122 0.792105 0.034226 0.071053
0 0.825149 0.857895 0.037946 0.068421