0 0.330171 0.976974 0.028646 0.046053
0 0.617932 0.940132 0.030506 0.053947
0 0.769159 0.813487 0.033854 0.061184
0 0.379092 0.655592 0.035714 0.065132
0 0.102865 0.641447 0.032366 0.057895
0 0.038876 0.632566 0.036830 0.053289
0 0.921503 0.631250 0.036458 0.059868
0 0.780692 0.596382 0.036086 0.053289
0 0.382626 0.579276 0.036830 0.065132
0 0.885789 0.529276 0.032738 0.054605
0 0.197731 0.454934 0.034598 0.061184
0 0.512463 0.413158 0.030878 0.050000
0 0.700893 0.319408 0.031994 0.054605
0 0.148065 0.286842 0.034226 0.060526
0 0.272879 0.276645 0.030134 0.053289
0 0.355283 0.270066 0.032738 0.057237
0 0.520647 0.246053 0.032366 0.052632
0 0.085193 0.228947 0.031994 0.056579
0 0.288876 0.216118 0.056176 0.082237
0 0.051525 0.252961 0.040551 0.105921
0 0.981213 0.750329 0.037574 0.109868