0 0.214100 0.961184 0.050223 0.077632
0 0.915923 0.776645 0.042411 0.059868
0 0.261347 0.647039 0.033854 0.046711
0 0.320685 0.594079 0.037946 0.047368
0 0.143601 0.491447 0.043899 0.077632
0 0.966518 0.457566 0.037946 0.059868
0 0.689546 0.442434 0.042039 0.061184
0 0.494420 0.267763 0.036458 0.053947
0 0.784226 0.249671 0.042411 0.065132
0 0.940662 0.073355 0.036086 0.054605
0 0.293155 0.532566 0.056548 0.092763
0 0.378348 0.830592 0.050595 0.078289
0 0.665365 0.946711 0.045759 0.084211
0 0.527716 0.129276 0.047991 0.075658
0 0.625372 0.053618 0.046131 0.107237
0 0.672805 0.030592 0.054688 0.061184
0 0.726004 0.088487 0.045759 0.078289
0 0.860863 0.077303 0.036458 0.050658
0 0.876674 0.035197 0.039807 0.070395
0 0.967820 0.379276 0.046503 0.075658
0 0.148065 0.373026 0.053571 0.088158
0 0.105655 0.479605 0.053571 0.077632
0 0.174479 0.536184 0.053571 0.067105
0 0.082961 0.689474 0.060268 0.092105
0 0.250000 0.985197 0.044643 0.029605
0 0.465402 0.290789 0.073661 0.088158