0 0.065290 0.096053 0.062128 0.123684
0 0.077009 0.427961 0.053571 0.133553
0 0.128906 0.477961 0.051711 0.107237
0 0.078683 0.591776 0.074033 0.105921
0 0.135045 0.621711 0.034226 0.092105
0 0.071243 0.834211 0.056176 0.085526
0 0.142485 0.937500 0.048363 0.089474
0 0.219308 0.885855 0.042783 0.078289
0 0.254278 0.671711 0.040551 0.085526
0 0.295201 0.603289 0.050223 0.078947
0 0.288690 0.388487 0.048363 0.082237
0 0.304315 0.196711 0.047619 0.081579
0 0.553757 0.400658 0.057664 0.094737
0 0.715588 0.597697 0.071801 0.133553
0 0.755208 0.305592 0.074405 0.112500
0 0.928571 0.251316 0.065476 0.147368
0 0.493304 0.854934 0.081845 0.092763
0 0.615327 0.830921 0.044643 0.100000
0 0.672433 0.944079 0.076265 0.111842
0 0.799851 0.898684 0.069940 0.106579
0 0.901414 0.915789 0.052083 0.088158