0 0.286458 0.822039 0.037946 0.075658
0 0.261161 0.795724 0.029762 0.105921
0 0.235119 0.895066 0.048363 0.067763
0 0.191592 0.586513 0.065476 0.101974
0 0.389509 0.618421 0.024554 0.057895
0 0.395089 0.567434 0.055804 0.075658
0 0.303571 0.311842 0.042411 0.060526
0 0.209263 0.319737 0.064360 0.094737
0 0.441034 0.118421 0.044271 0.100000
0 0.415923 0.046711 0.061756 0.057895
0 0.634301 0.257566 0.034226 0.112500
0 0.812686 0.274671 0.044271 0.080921
0 0.864397 0.324342 0.042783 0.085526
0 0.904576 0.879934 0.042039 0.103289
0 0.864955 0.894408 0.050595 0.070395
0 0.064174 0.876645 0.051711 0.107237
0 0.023065 0.615461 0.046131 0.112500
0 0.086682 0.344079 0.066220 0.117105
0 0.028646 0.156579 0.038690 0.056579
0 0.022321 0.111513 0.044643 0.078289
0 0.568452 0.967434 0.050595 0.065132