0 0.478237 0.579276 0.050223 0.101974
0 0.545759 0.780592 0.036458 0.049342
0 0.569382 0.810526 0.047991 0.081579
0 0.518229 0.887171 0.055804 0.070395
0 0.344494 0.875987 0.049851 0.046711
0 0.220052 0.824013 0.056176 0.070395
0 0.165551 0.910526 0.048363 0.057895
0 0.680432 0.619408 0.046131 0.053289
0 0.677641 0.567763 0.039807 0.052632
0 0.918713 0.241447 0.063616 0.096053
0 0.736421 0.098026 0.065848 0.081579
0 0.710193 0.044408 0.050595 0.088816
0 0.597098 0.276645 0.049851 0.078289
0 0.505394 0.293750 0.069568 0.082237
0 0.375186 0.314145 0.071801 0.075658
0 0.262649 0.043092 0.052083 0.075658
0 0.290365 0.067105 0.036086 0.057895
0 0.194196 0.453947 0.036458 0.067105
0 0.093006 0.468421 0.032738 0.067105
0 0.057478 0.717763 0.046503 0.073684