0 0.763021 0.965461 0.032738 0.069079
0 0.328311 0.931579 0.033854 0.057895
0 0.252976 0.908553 0.029762 0.056579
0 0.951637 0.889145 0.030506 0.065132
0 0.050595 0.870395 0.038690 0.067105
0 0.924851 0.699013 0.032738 0.063816
0 0.425967 0.662829 0.029762 0.059868
0 0.957031 0.568092 0.028646 0.059868
0 0.953497 0.452632 0.030506 0.060526
0 0.479725 0.399342 0.038318 0.056579
0 0.250186 0.379934 0.032366 0.065132
0 0.704241 0.325658 0.030506 0.060526
0 0.016927 0.312829 0.033854 0.063816
0 0.334263 0.300658 0.030878 0.063158
0 0.551525 0.288816 0.030134 0.063158
0 0.247768 0.200987 0.035714 0.065132
0 0.345052 0.148355 0.027902 0.057237
0 0.653088 0.057566 0.027902 0.053289
0 0.416853 0.039803 0.030134 0.059868
0 0.870164 0.255592 0.034226 0.070395
0 0.840774 0.244737 0.026786 0.089474