0 0.563802 0.658553 0.076265 0.092105
0 0.473586 0.719408 0.053571 0.042763
0 0.449219 0.638816 0.044271 0.064474
0 0.407924 0.659868 0.063616 0.088158
0 0.475446 0.971382 0.065476 0.053289
0 0.654948 0.624342 0.045759 0.060526
0 0.677455 0.577303 0.032738 0.071711
0 0.644345 0.552303 0.053571 0.065132
0 0.629278 0.522039 0.050223 0.067763
0 0.705729 0.538816 0.049851 0.067105
0 0.747024 0.434868 0.052083 0.092105
0 0.833705 0.488158 0.049851 0.081579
0 0.628534 0.213158 0.069568 0.088158
0 0.521019 0.330592 0.052455 0.082237
0 0.670759 0.043092 0.037946 0.075658
0 0.715216 0.037829 0.052455 0.075658
0 0.102679 0.779934 0.068452 0.082237
0 0.048735 0.854934 0.049851 0.046711
0 0.026600 0.706579 0.045759 0.096053