0 0.338356 0.491447 0.050223 0.119737
0 0.326079 0.422368 0.059896 0.052632
0 0.378720 0.373026 0.059524 0.092105
0 0.615699 0.368750 0.058036 0.105921
0 0.667225 0.380592 0.046503 0.084868
0 0.695312 0.422368 0.036458 0.064474
0 0.814360 0.420395 0.036458 0.094737
0 0.843192 0.484539 0.054688 0.082237
0 0.788876 0.539474 0.044271 0.084211
0 0.893229 0.733224 0.068452 0.137500
0 0.738839 0.858553 0.063988 0.089474
0 0.774368 0.889803 0.062128 0.071711
0 0.792783 0.942105 0.077381 0.115789
0 0.511347 0.502961 0.042039 0.070395
0 0.339658 0.756579 0.069940 0.130263
0 0.340402 0.859539 0.062500 0.134868
0 0.262091 0.801645 0.079985 0.107237
0 0.079427 0.884539 0.030134 0.124342
0 0.024182 0.592763 0.046131 0.063158
0 0.018229 0.551645 0.036458 0.053289
0 0.302269 0.263487 0.056176 0.099342
0 0.324777 0.206908 0.053571 0.071711
0 0.391369 0.195724 0.052083 0.107237
0 0.670759 0.249342 0.032738 0.085526
0 0.981027 0.185526 0.037946 0.094737
0 0.067336 0.279605 0.032738 0.100000