0 0.237537 0.302961 0.047991 0.099342
0 0.090216 0.271711 0.030878 0.071053
0 0.029204 0.384868 0.058408 0.117105
0 0.398251 0.230263 0.040551 0.096053
0 0.376302 0.237829 0.036830 0.120395
0 0.483817 0.417105 0.038318 0.089474
0 0.491071 0.541118 0.050595 0.117763
0 0.460565 0.671711 0.046131 0.121053
0 0.486979 0.854276 0.035714 0.116447
0 0.294829 0.942105 0.057664 0.115789
0 0.618118 0.947039 0.056176 0.105921
0 0.652158 0.825329 0.056548 0.128289
0 0.696801 0.826645 0.054315 0.137500
0 0.554688 0.361513 0.085565 0.124342
0 0.656064 0.208882 0.042039 0.128289
0 0.806362 0.315789 0.057664 0.113158
0 0.819568 0.189145 0.040179 0.105921
0 0.187500 0.089803 0.052083 0.179605