0 0.776600 0.966118 0.033854 0.061184
0 0.470610 0.831908 0.031994 0.054605
0 0.660342 0.786513 0.030506 0.053289
0 0.382440 0.761842 0.032738 0.057895
0 0.210379 0.746053 0.033854 0.063158
0 0.719680 0.733553 0.034598 0.053947
0 0.199963 0.675329 0.030878 0.053289
0 0.693080 0.670066 0.035714 0.061184
0 0.570871 0.663487 0.034598 0.059868
0 0.539807 0.626645 0.034226 0.057237
0 0.248326 0.622368 0.036830 0.056579
0 0.494048 0.620066 0.036458 0.067763
0 0.543341 0.508553 0.032366 0.056579
0 0.168341 0.505921 0.030134 0.052632
0 0.190104 0.466776 0.028274 0.049342
0 0.256324 0.450987 0.030506 0.053289
0 0.859933 0.430592 0.036086 0.061184
0 0.894903 0.414474 0.030878 0.057895
0 0.930804 0.286513 0.030506 0.053289
0 0.453311 0.131908 0.042783 0.074342
0 0.866257 0.043092 0.033854 0.050658
0 0.231957 0.037829 0.042039 0.075658
0 0.034970 0.223684 0.069940 0.071053