0 0.288876 0.194737 0.042783 0.075000
0 0.207031 0.086842 0.042039 0.094737
0 0.292411 0.472039 0.056548 0.101974
0 0.336682 0.601974 0.071429 0.100000
0 0.469494 0.545395 0.079613 0.110526
0 0.610119 0.377961 0.048363 0.130921
0 0.635231 0.353289 0.036830 0.088158
0 0.676897 0.655263 0.054688 0.119737
0 0.603609 0.763158 0.076265 0.088158
0 0.503162 0.824013 0.042783 0.070395
0 0.582961 0.911842 0.068452 0.089474
0 0.804501 0.903618 0.042783 0.088816
0 0.909040 0.673684 0.056176 0.119737
0 0.955915 0.507895 0.059896 0.130263
0 0.958147 0.927303 0.046503 0.105921
0 0.266741 0.912171 0.034226 0.075658
0 0.156622 0.646382 0.069940 0.088816
0 0.882254 0.026974 0.046503 0.053947
0 0.508929 0.979605 0.038690 0.040789
0 0.222098 0.982566 0.036458 0.034868