0 0.541853 0.966118 0.034598 0.067763
0 0.279576 0.820395 0.057664 0.105263
0 0.581659 0.163487 0.038318 0.067763
0 0.610119 0.075000 0.066220 0.071053
0 0.613095 0.864145 0.049851 0.057237
0 0.845610 0.876974 0.034226 0.067105
0 0.888021 0.705263 0.036458 0.056579
0 0.823661 0.218750 0.048363 0.046711
0 0.970052 0.162829 0.042039 0.071711
0 0.579055 0.545395 0.056176 0.068421
0 0.549479 0.608882 0.032738 0.046711
0 0.400298 0.749013 0.041667 0.082237
0 0.241629 0.661184 0.042783 0.096053
0 0.231957 0.423026 0.060640 0.085526
0 0.158482 0.308553 0.068452 0.113158
0 0.110491 0.063158 0.046131 0.126316