0 0.042225 0.962171 0.025670 0.048026
0 0.423735 0.916776 0.029762 0.054605
0 0.523624 0.910855 0.036830 0.067763
0 0.136905 0.857895 0.032738 0.052632
0 0.110119 0.811842 0.029018 0.055263
0 0.709263 0.785855 0.030878 0.054605
0 0.927641 0.756908 0.031622 0.055921
0 0.833147 0.751974 0.039807 0.068421
0 0.643787 0.566118 0.043527 0.078289
0 0.620350 0.528289 0.040551 0.073684
0 0.199033 0.493092 0.033482 0.055921
0 0.119048 0.433224 0.029018 0.055921
0 0.184524 0.404934 0.031250 0.051974
0 0.754092 0.350329 0.036458 0.065132
0 0.448661 0.217434 0.032738 0.055921
0 0.638021 0.171053 0.032738 0.057895
0 0.360863 0.148684 0.033482 0.059211
0 0.191220 0.135197 0.033482 0.062500
0 0.697173 0.119737 0.036458 0.055263
0 0.180246 0.065132 0.030878 0.051316
0 0.670573 0.056908 0.047247 0.083553
0 0.548735 0.050329 0.034970 0.061184
0 0.478609 0.035197 0.063616 0.070395
0 0.517857 0.029276 0.052827 0.058553
0 0.235119 0.041776 0.070685 0.083553
0 0.587798 0.478618 0.049107 0.078289