0 0.329985 0.976316 0.030506 0.047368
0 0.618118 0.940461 0.032366 0.054605
0 0.769159 0.814145 0.034598 0.063816
0 0.379092 0.655921 0.036458 0.067105
0 0.102865 0.642105 0.042039 0.077632
0 0.040179 0.634211 0.040179 0.067105
0 0.921503 0.631250 0.037946 0.061184
0 0.780692 0.596711 0.036830 0.053947
0 0.382440 0.579605 0.037946 0.068421
0 0.885975 0.529605 0.034598 0.056579
0 0.197545 0.453289 0.036458 0.067105
0 0.512463 0.413158 0.032366 0.052632
0 0.701079 0.320395 0.032366 0.057895
0 0.148251 0.287829 0.045759 0.084868
0 0.272879 0.276974 0.030878 0.053947
0 0.355469 0.270066 0.044271 0.075658
0 0.048735 0.254605 0.036458 0.073684
0 0.520833 0.246053 0.034226 0.056579
0 0.085565 0.228947 0.032738 0.057895
0 0.292039 0.222368 0.053571 0.067105
0 0.983445 0.757895 0.033110 0.121053