0 0.325521 0.688816 0.066220 0.081579
0 0.390997 0.932566 0.063988 0.105921
0 0.429501 0.936842 0.032366 0.078947
0 0.107329 0.953289 0.050223 0.093421
0 0.166109 0.405592 0.046503 0.109868
0 0.189546 0.209539 0.058408 0.099342
0 0.071615 0.255592 0.042039 0.092763
0 0.643601 0.169408 0.050595 0.109868
0 0.976190 0.181250 0.040179 0.099342
0 0.591332 0.328289 0.070312 0.113158
0 0.496466 0.390461 0.040551 0.099342
0 0.188988 0.272368 0.032738 0.052632
0 0.037016 0.488816 0.038318 0.084211
0 0.929874 0.976974 0.022693 0.046053