0 0.453869 0.978289 0.029762 0.043421
0 0.621094 0.958882 0.032366 0.054605
0 0.778646 0.717434 0.028274 0.053289
0 0.858817 0.685855 0.030134 0.053289
0 0.948289 0.680592 0.028274 0.053289
0 0.032924 0.655592 0.033854 0.063816
0 0.321987 0.629605 0.030878 0.053947
0 0.535528 0.519408 0.036086 0.059868
0 0.250372 0.385855 0.029762 0.059868
0 0.334263 0.242105 0.026414 0.047368
0 0.476749 0.189145 0.042039 0.070395
0 0.105841 0.104276 0.032366 0.057237
0 0.419085 0.079934 0.028646 0.054605
0 0.857329 0.062829 0.026414 0.049342
0 0.953311 0.026974 0.030134 0.053947
0 0.354167 0.616776 0.035714 0.075658
0 0.773996 0.121382 0.036086 0.065132
0 0.788876 0.073355 0.039807 0.074342
0 0.523065 0.043092 0.055804 0.086184
0 0.812686 0.764145 0.039807 0.078289
0 0.987723 0.673684 0.024554 0.060526