0 0.506696 0.570066 0.060268 0.101974
0 0.590216 0.667434 0.058408 0.075658
0 0.513207 0.749342 0.059896 0.089474
0 0.732143 0.773355 0.052083 0.071711
0 0.813802 0.656579 0.060640 0.121053
0 0.962984 0.703947 0.036830 0.088158
0 0.915551 0.442434 0.053571 0.078289
0 0.957961 0.275329 0.066220 0.105921
0 0.641183 0.105921 0.042783 0.064474
0 0.614211 0.156579 0.035714 0.073684
0 0.674851 0.409868 0.035714 0.088158
0 0.473028 0.295066 0.046503 0.096711
0 0.357515 0.366776 0.068452 0.071711
0 0.299107 0.208224 0.037946 0.084868
0 0.264137 0.678947 0.053571 0.098684
0 0.227679 0.754276 0.062500 0.105921
0 0.207961 0.924342 0.046131 0.092105
0 0.156064 0.400329 0.065848 0.103289