0 0.481771 0.745066 0.049851 0.075658
0 0.561384 0.707895 0.048363 0.084211
0 0.656808 0.707895 0.044271 0.064474
0 0.698475 0.700000 0.030878 0.067105
0 0.831473 0.423026 0.032738 0.067105
0 0.920201 0.376316 0.042783 0.071053
0 0.975446 0.513487 0.026042 0.067763
0 0.655692 0.046053 0.053943 0.092105
0 0.554501 0.093750 0.044271 0.075658
0 0.481399 0.098684 0.043899 0.064474
0 0.217262 0.050658 0.060268 0.100000
0 0.130580 0.116118 0.055804 0.075658
0 0.235863 0.542434 0.053571 0.141447
0 0.033668 0.659868 0.058408 0.088158
0 0.070499 0.661842 0.030134 0.071053
0 0.328311 0.978618 0.042039 0.042763