0 0.163318 0.972039 0.032738 0.055921
0 0.533296 0.935855 0.036086 0.075658
0 0.406622 0.908553 0.032738 0.085526
0 0.295759 0.899671 0.038690 0.070395
0 0.120350 0.846382 0.042039 0.053289
0 0.978609 0.833224 0.039807 0.067763
0 0.632812 0.770395 0.047619 0.077632
0 0.497582 0.639803 0.030878 0.059868
0 0.747396 0.503947 0.037946 0.064474
0 0.595052 0.505263 0.036830 0.073684
0 0.976749 0.464145 0.030878 0.054605
0 0.061942 0.421053 0.040551 0.063158
0 0.855283 0.399013 0.041667 0.082237
0 0.668155 0.250329 0.035714 0.061184
0 0.428013 0.247368 0.038318 0.063158
0 0.909412 0.196053 0.038318 0.063158
0 0.251674 0.303289 0.039807 0.088158
0 0.214844 0.599013 0.039807 0.070395
0 0.531808 0.887500 0.032366 0.084211
0 0.873512 0.612500 0.023810 0.063158
0 0.932664 0.984211 0.047619 0.031579
0 0.591704 0.216118 0.042783 0.082237
0 0.007254 0.872368 0.014509 0.063158