0 0.454613 0.394079 0.041667 0.052632
0 0.490141 0.323355 0.027902 0.065132
0 0.561384 0.301316 0.040179 0.089474
0 0.590216 0.690461 0.060640 0.080921
0 0.695126 0.376645 0.039807 0.080921
0 0.759487 0.287171 0.027902 0.099342
0 0.808408 0.167105 0.055804 0.157895
0 0.933408 0.384211 0.049851 0.056579
0 0.966518 0.317763 0.032738 0.047368
0 0.901972 0.900000 0.063616 0.084211
0 0.832775 0.729605 0.052455 0.085526
0 0.396205 0.885197 0.085565 0.075658
0 0.322731 0.871382 0.046503 0.071711
0 0.195312 0.974342 0.073661 0.051316
0 0.045573 0.941118 0.059896 0.059868
0 0.253906 0.554605 0.039807 0.117105
0 0.171317 0.504276 0.063616 0.145395
0 0.185640 0.450000 0.053571 0.094737
0 0.210565 0.378618 0.053571 0.086184
0 0.173735 0.119079 0.071429 0.117105
0 0.081101 0.049013 0.032738 0.070395
0 0.338356 0.216118 0.036086 0.078289
0 0.425409 0.644079 0.060640 0.088158