0 0.235305 0.577961 0.045759 0.070395
0 0.262463 0.641447 0.047991 0.056579
0 0.200521 0.694408 0.056548 0.080921
0 0.110119 0.573026 0.034226 0.057895
0 0.086124 0.526974 0.042039 0.052632
0 0.092076 0.425658 0.042783 0.057895
0 0.043899 0.532566 0.049851 0.078289
0 0.018229 0.738158 0.034226 0.035526
0 0.315848 0.865461 0.030506 0.036184
0 0.858259 0.821053 0.029762 0.047368
0 0.905134 0.504934 0.040179 0.075658
0 0.905878 0.420066 0.046131 0.067763
0 0.726004 0.300329 0.045759 0.071711
0 0.626860 0.481579 0.030506 0.068421
0 0.668527 0.122039 0.037946 0.063816
0 0.608073 0.062500 0.044271 0.053947
0 0.565290 0.086513 0.058408 0.103289
0 0.467448 0.183882 0.046503 0.075658
0 0.434338 0.314803 0.030134 0.070395
0 0.400298 0.333882 0.047619 0.067763
0 0.799107 0.125329 0.038690 0.070395
0 0.818638 0.072697 0.042783 0.071711
0 0.876674 0.112171 0.046503 0.071711