0 0.613281 0.910197 0.040551 0.082237
0 0.637649 0.335855 0.042411 0.071711
0 0.984003 0.252961 0.031994 0.067763
0 0.216146 0.024671 0.042411 0.049342
0 0.585565 0.458224 0.052083 0.084868
0 0.600074 0.378618 0.062500 0.054605
0 0.676711 0.498684 0.034226 0.068421
0 0.754464 0.805592 0.029762 0.082237
0 0.823661 0.822368 0.037946 0.088158
0 0.846912 0.567105 0.042783 0.067105
0 0.872024 0.326974 0.049851 0.085526
0 0.910342 0.275329 0.052083 0.078289
0 0.755952 0.149671 0.052083 0.078289
0 0.595052 0.051974 0.081473 0.084211
0 0.310640 0.168750 0.069940 0.099342
0 0.230841 0.601316 0.082217 0.117105
0 0.066964 0.761842 0.041667 0.088158
0 0.029762 0.592763 0.059524 0.121053
0 0.033296 0.480921 0.039807 0.094737
0 0.057478 0.176974 0.057664 0.140789
0 0.064546 0.050987 0.039807 0.101974
0 0.141741 0.077632 0.058036 0.084211
0 0.462798 0.873684 0.052083 0.089474