0 0.930060 0.854934 0.044643 0.080921
0 0.355841 0.211513 0.036086 0.074342
0 0.186012 0.115132 0.049851 0.094737
0 0.305618 0.083553 0.027902 0.085526
0 0.489955 0.138816 0.049851 0.085526
0 0.594680 0.149342 0.042039 0.088158
0 0.704799 0.315461 0.046503 0.126974
0 0.723586 0.116776 0.040179 0.050658
0 0.728609 0.170066 0.042783 0.095395
0 0.852307 0.601316 0.040179 0.094737
0 0.630580 0.868092 0.029762 0.071711
0 0.325335 0.719408 0.042039 0.070395
0 0.967448 0.844737 0.047991 0.088158
0 0.293899 0.762829 0.056548 0.101974
0 0.152902 0.911513 0.066220 0.082237
0 0.035342 0.962500 0.055804 0.075000
0 0.235677 0.796711 0.077753 0.123684
0 0.287946 0.428618 0.037946 0.095395
0 0.318638 0.324342 0.046503 0.094737
0 0.562500 0.381250 0.031994 0.070395
0 0.823661 0.049342 0.053571 0.098684