0 0.332403 0.549342 0.072545 0.088158
0 0.160528 0.659211 0.052455 0.085526
0 0.118862 0.664145 0.026414 0.082237
0 0.049479 0.429605 0.049851 0.088158
0 0.210751 0.111184 0.039807 0.096053
0 0.315290 0.059211 0.060640 0.084211
0 0.577381 0.111513 0.050595 0.082237
0 0.646949 0.090132 0.032738 0.064474
0 0.748698 0.047697 0.042039 0.082237
0 0.924665 0.416776 0.033854 0.065132
0 0.788690 0.708882 0.049851 0.071711
0 0.743118 0.708553 0.039807 0.071053
0 0.655878 0.709211 0.034226 0.068421
0 0.572917 0.747697 0.029762 0.050658
0 0.418713 0.976974 0.044271 0.046053