0 0.829985 0.773026 0.046131 0.085526
0 0.287760 0.683553 0.042783 0.075000
0 0.257812 0.664145 0.041667 0.088816
0 0.550409 0.509868 0.045759 0.081579
0 0.594866 0.506250 0.037946 0.074342
0 0.981213 0.502632 0.037574 0.078947
0 0.420945 0.344079 0.048735 0.081579
0 0.597842 0.268092 0.053571 0.078289
0 0.476749 0.189145 0.042039 0.074342
0 0.435640 0.107566 0.037946 0.078289
0 0.312872 0.100329 0.026786 0.054605
0 0.267299 0.069737 0.034598 0.060526
0 0.443080 0.519079 0.035714 0.081579
0 0.340960 0.575329 0.042039 0.074342
0 0.312314 0.823684 0.039807 0.088158
0 0.267113 0.842763 0.046131 0.057895
0 0.126488 0.677961 0.032738 0.070395
0 0.090588 0.679605 0.030134 0.052632
0 0.250372 0.413158 0.046131 0.113158
0 0.293899 0.219737 0.047619 0.094737
0 0.727679 0.303618 0.066220 0.096711
0 0.760417 0.369408 0.063988 0.075658
0 0.694010 0.041118 0.036086 0.082237
0 0.901414 0.729605 0.034226 0.089474