0 0.453869 0.978289 0.029762 0.043421
0 0.621094 0.958882 0.032366 0.054605
0 0.778646 0.717434 0.028274 0.053289
0 0.859003 0.684211 0.029762 0.050000
0 0.948289 0.680921 0.028274 0.053947
0 0.032924 0.655592 0.033854 0.063816
0 0.322173 0.629276 0.030506 0.053289
0 0.357515 0.622697 0.030506 0.054605
0 0.535528 0.519408 0.036830 0.059868
0 0.250372 0.383882 0.029762 0.053289
0 0.334263 0.242105 0.026414 0.047368
0 0.476749 0.189145 0.042039 0.070395
0 0.105655 0.104605 0.032738 0.057895
0 0.419085 0.079934 0.028646 0.054605
0 0.857515 0.062829 0.026042 0.049342
0 0.522507 0.024671 0.039807 0.049342
0 0.771949 0.119737 0.049851 0.056579
0 0.782738 0.080921 0.040179 0.053947
0 0.954241 0.035197 0.044643 0.070395
0 0.812314 0.762171 0.071801 0.067763
0 0.986793 0.683882 0.026414 0.065132