0 0.743490 0.974671 0.030134 0.049342
0 0.416295 0.881250 0.026786 0.046711
0 0.232887 0.869737 0.028274 0.050000
0 0.112537 0.820395 0.028646 0.046053
0 0.463728 0.809539 0.034598 0.061184
0 0.437500 0.783882 0.031994 0.059868
0 0.187314 0.592434 0.034598 0.049342
0 0.083891 0.449342 0.030878 0.057895
0 0.810826 0.242105 0.042039 0.067105
0 0.204613 0.106579 0.029762 0.043421
0 0.181734 0.068092 0.039807 0.065132
0 0.149926 0.041776 0.036458 0.057237
0 0.387463 0.289474 0.039807 0.068421
0 0.365885 0.565461 0.062128 0.105921
0 0.569382 0.604934 0.038318 0.042763
0 0.569382 0.574013 0.032366 0.044079
0 0.620350 0.091776 0.076265 0.074342
0 0.484003 0.281579 0.032738 0.071053
0 0.596540 0.037500 0.051711 0.075000
0 0.267671 0.319737 0.062128 0.071053