0 0.427455 0.362500 0.056548 0.094737
0 0.294829 0.657237 0.046503 0.092105
0 0.171503 0.609868 0.052083 0.094737
0 0.130022 0.706250 0.046503 0.070395
0 0.478237 0.658553 0.032366 0.088158
0 0.498512 0.556250 0.029762 0.075658
0 0.528646 0.594079 0.040179 0.085526
0 0.625744 0.394079 0.038690 0.100000
0 0.627790 0.340789 0.030134 0.057895
0 0.718936 0.808882 0.038318 0.071711
0 0.802641 0.753947 0.042783 0.094737
0 0.906064 0.980921 0.024926 0.038158
0 0.870164 0.050000 0.049851 0.100000
0 0.544643 0.079276 0.046131 0.075658
0 0.320312 0.114145 0.036458 0.046711
0 0.446615 0.067434 0.030878 0.082237
0 0.145275 0.234868 0.062128 0.067105
0 0.050223 0.261842 0.047619 0.081579
0 0.016183 0.514145 0.032366 0.086184
0 0.247210 0.382237 0.063616 0.089474