0 0.659226 0.400658 0.052083 0.085526
0 0.757068 0.349342 0.053571 0.057895
0 0.775856 0.320724 0.039807 0.042763
0 0.746094 0.302303 0.042783 0.023026
0 0.718750 0.271711 0.055804 0.071053
0 0.811012 0.282895 0.036458 0.057895
0 0.840402 0.175658 0.040179 0.071053
0 0.929501 0.232895 0.036830 0.084211
0 0.621466 0.077303 0.040551 0.042763
0 0.556548 0.386184 0.040179 0.053947
0 0.508557 0.405921 0.046131 0.085526
0 0.577753 0.703618 0.060268 0.070395
0 0.576637 0.456908 0.037946 0.044079
0 0.336310 0.804605 0.049851 0.063158
0 0.147321 0.602961 0.053571 0.042763
0 0.114025 0.747368 0.046503 0.068421
0 0.076823 0.813487 0.045759 0.049342
0 0.202939 0.534211 0.062128 0.064474
0 0.114955 0.451974 0.056548 0.036842
0 0.030506 0.411513 0.046131 0.049342
0 0.056920 0.102961 0.063988 0.065132
0 0.084077 0.069079 0.055804 0.064474
0 0.374070 0.393750 0.057664 0.046711