0 0.389323 0.096711 0.030134 0.060526
0 0.764881 0.071711 0.031994 0.060526
0 0.427455 0.331250 0.036458 0.075658
0 0.429129 0.393421 0.018973 0.081579
0 0.406250 0.538158 0.032738 0.064474
0 0.260417 0.606250 0.036458 0.070395
0 0.300223 0.368421 0.036458 0.088158
0 0.196057 0.365789 0.063988 0.100000
0 0.100260 0.061184 0.042783 0.057895
0 0.035156 0.310197 0.070312 0.103289
0 0.058222 0.433553 0.062128 0.092105
0 0.020275 0.548026 0.030134 0.092105
0 0.026042 0.930592 0.052083 0.075658
0 0.566220 0.825987 0.073661 0.099342
0 0.844494 0.950329 0.053571 0.057237
0 0.718936 0.516447 0.038318 0.067105
0 0.817522 0.447039 0.052455 0.075658
0 0.878720 0.291447 0.068452 0.121053