0 0.772879 0.954276 0.036086 0.065132
0 0.473958 0.937829 0.032738 0.059868
0 0.023251 0.822697 0.036086 0.059868
0 0.050223 0.801974 0.030506 0.057895
0 0.906622 0.648684 0.036458 0.056579
0 0.586124 0.619408 0.034598 0.063816
0 0.153088 0.588816 0.036830 0.056579
0 0.079055 0.566447 0.032366 0.056579
0 0.776600 0.542434 0.032366 0.059868
0 0.982701 0.520066 0.034598 0.063816
0 0.945312 0.514803 0.032738 0.050658
0 0.749070 0.353289 0.034598 0.056579
0 0.249628 0.321711 0.032738 0.063158
0 0.781064 0.222697 0.030878 0.053289
0 0.777344 0.108882 0.034598 0.054605
0 0.304315 0.060526 0.041667 0.056579
0 0.846354 0.045066 0.030506 0.057237
0 0.074033 0.047368 0.049851 0.064474
0 0.558222 0.968750 0.042783 0.062500