0 0.253162 0.657895 0.075521 0.094737
0 0.260417 0.818421 0.041667 0.088158
0 0.475260 0.312171 0.059896 0.070395
0 0.650670 0.546053 0.034226 0.089474
0 0.804874 0.496053 0.039807 0.056579
0 0.804315 0.407566 0.037946 0.071711
0 0.781808 0.049671 0.042783 0.099342
0 0.551339 0.117434 0.056548 0.075658
0 0.319010 0.075329 0.045759 0.091447
0 0.281994 0.138158 0.036458 0.096053
0 0.110863 0.052632 0.056548 0.094737
0 0.047247 0.128947 0.032738 0.109211
0 0.173921 0.486184 0.062128 0.147368
0 0.027716 0.819408 0.042039 0.096711