0 0.617001 0.941447 0.024182 0.042105
0 0.768043 0.814803 0.026414 0.049342
0 0.100446 0.643421 0.034226 0.057895
0 0.920015 0.633882 0.030506 0.053289
0 0.884859 0.529934 0.027902 0.044079
0 0.196987 0.453947 0.033854 0.056579
0 0.511533 0.413158 0.024554 0.042105
0 0.700149 0.320395 0.024554 0.046053
0 0.519717 0.246053 0.026042 0.042105
0 0.047991 0.255921 0.035714 0.077632
0 0.083891 0.229276 0.033854 0.059868
0 0.290551 0.222039 0.040179 0.061184
0 0.273251 0.275987 0.026414 0.071711
0 0.145275 0.292434 0.046503 0.078289
0 0.352307 0.268421 0.038690 0.056579
0 0.382626 0.582237 0.054688 0.092105
0 0.378534 0.647368 0.042039 0.064474
0 0.977865 0.747368 0.044271 0.123684