0 0.329427 0.976974 0.028646 0.046053
0 0.617188 0.939474 0.030506 0.053947
0 0.768415 0.813158 0.033854 0.060526
0 0.378162 0.655263 0.036086 0.064474
0 0.102121 0.641118 0.032366 0.057237
0 0.920759 0.630921 0.035714 0.057895
0 0.779948 0.596053 0.036086 0.052632
0 0.381696 0.579276 0.036458 0.065132
0 0.885231 0.529276 0.033854 0.054605
0 0.196987 0.454276 0.034598 0.061184
0 0.511719 0.412829 0.030878 0.050658
0 0.700335 0.319408 0.030878 0.054605
0 0.147135 0.286842 0.034598 0.060526
0 0.272135 0.276316 0.030134 0.052632
0 0.354725 0.269408 0.032366 0.057237
0 0.519903 0.245724 0.032366 0.053289
0 0.084821 0.228947 0.031994 0.056579
0 0.287760 0.216776 0.059896 0.084868
0 0.046317 0.248684 0.042039 0.088158
0 0.979911 0.745724 0.040179 0.105921