0 0.529018 0.346053 0.044643 0.092105
0 0.510231 0.255263 0.060640 0.088158
0 0.441778 0.285197 0.059896 0.061184
0 0.257254 0.379605 0.100074 0.092105
0 0.155320 0.237171 0.047991 0.061184
0 0.175967 0.202303 0.053571 0.071711
0 0.198847 0.082237 0.052455 0.053947
0 0.198475 0.047697 0.050223 0.046711
0 0.439732 0.651316 0.066220 0.088158
0 0.460193 0.713487 0.105655 0.078289
0 0.377418 0.813158 0.076265 0.077632
0 0.213914 0.881908 0.067708 0.046711
0 0.224330 0.922039 0.047619 0.044079
0 0.143973 0.861513 0.068452 0.075658
0 0.751860 0.772697 0.069940 0.074342
0 0.860863 0.781250 0.085565 0.105921
0 0.954985 0.904605 0.080357 0.064474
0 0.911086 0.342434 0.052083 0.080921
0 0.955915 0.379276 0.054688 0.071711
0 0.972098 0.423684 0.053571 0.084211
0 0.784040 0.089474 0.079985 0.109211
0 0.689174 0.023355 0.063616 0.046711
0 0.965960 0.040461 0.068080 0.080921