0 0.330357 0.976645 0.030506 0.046711
0 0.618304 0.940789 0.031994 0.056579
0 0.769531 0.813816 0.034598 0.063158
0 0.379278 0.655921 0.036830 0.067105
0 0.103981 0.641776 0.045759 0.075658
0 0.921689 0.631579 0.036830 0.060526
0 0.781250 0.597039 0.036458 0.054605
0 0.382999 0.579934 0.038318 0.067763
0 0.886161 0.530263 0.034226 0.056579
0 0.198103 0.454934 0.036086 0.063816
0 0.512835 0.413487 0.032366 0.050658
0 0.701451 0.320066 0.032366 0.057237
0 0.149182 0.288487 0.047619 0.084868
0 0.273251 0.276974 0.030878 0.053947
0 0.355655 0.270395 0.034226 0.057895
0 0.521019 0.246711 0.033854 0.053947
0 0.052827 0.255592 0.038690 0.091447
0 0.085938 0.229605 0.032738 0.057895
0 0.293899 0.220395 0.062500 0.084211
0 0.982329 0.749671 0.035342 0.099342