0 0.180432 0.926645 0.031250 0.051974
0 0.749256 0.873355 0.047619 0.080921
0 0.444010 0.740461 0.033110 0.058553
0 0.634115 0.693750 0.033110 0.058553
0 0.356027 0.670066 0.045387 0.076974
0 0.185082 0.654934 0.035342 0.067763
0 0.692894 0.640461 0.036830 0.058553
0 0.173921 0.583224 0.031622 0.054605
0 0.666295 0.577303 0.047619 0.083553
0 0.544085 0.570724 0.045759 0.080921
0 0.221726 0.530921 0.038690 0.057895
0 0.512835 0.534868 0.045759 0.077632
0 0.468378 0.526974 0.038690 0.071053
0 0.516555 0.416118 0.035342 0.058553
0 0.142299 0.414803 0.031622 0.054605
0 0.164249 0.374671 0.029390 0.051974
0 0.230097 0.358224 0.033110 0.054605
0 0.903832 0.194737 0.031622 0.055263
0 0.426711 0.042434 0.045387 0.074342
0 0.117001 0.949342 0.043527 0.097368
0 0.869420 0.322039 0.055060 0.099342
0 0.830729 0.340461 0.058780 0.112500