0 0.358817 0.176316 0.042039 0.100000
0 0.329055 0.227961 0.039807 0.099342
0 0.394345 0.488816 0.048363 0.110526
0 0.323661 0.595724 0.049851 0.075658
0 0.313244 0.749671 0.049851 0.103289
0 0.230469 0.656250 0.047991 0.116447
0 0.229539 0.828618 0.063988 0.112500
0 0.197731 0.367763 0.042783 0.089474
0 0.081101 0.431579 0.068452 0.081579
0 0.032552 0.294408 0.046503 0.088816
0 0.023251 0.043092 0.046503 0.075658
0 0.461124 0.842105 0.042039 0.092105
0 0.533110 0.749671 0.052083 0.084868
0 0.680060 0.775000 0.049851 0.081579
0 0.818638 0.698026 0.022693 0.092105
0 0.846354 0.699671 0.041667 0.109868
0 0.934710 0.897368 0.036086 0.092105
0 0.965030 0.324671 0.048363 0.173026
0 0.893973 0.063158 0.048363 0.084211
0 0.670573 0.329605 0.042039 0.085526
0 0.638393 0.495724 0.052083 0.105921
0 0.268043 0.242763 0.042783 0.110526