0 0.433594 0.486842 0.045759 0.121053
0 0.323661 0.705592 0.036458 0.099342
0 0.297619 0.671382 0.053571 0.101974
0 0.268787 0.639474 0.038318 0.130263
0 0.388951 0.927961 0.044271 0.107237
0 0.511905 0.893750 0.037946 0.123026
0 0.609747 0.894737 0.056548 0.092105
0 0.745164 0.699342 0.046131 0.131579
0 0.720424 0.622039 0.056176 0.103289
0 0.929501 0.840132 0.082217 0.117105
0 0.972284 0.455592 0.047991 0.116447
0 0.747024 0.112171 0.052083 0.080921
0 0.374256 0.257895 0.050595 0.085526
0 0.382626 0.148684 0.042039 0.094737
0 0.351004 0.189803 0.042783 0.091447
0 0.316220 0.311513 0.069940 0.084868
0 0.225632 0.189803 0.056176 0.103289
0 0.194382 0.146053 0.042783 0.130263
0 0.150670 0.155263 0.035714 0.064474
0 0.129650 0.357566 0.042783 0.101974
0 0.044271 0.281908 0.055804 0.071711