0 0.480841 0.922039 0.030134 0.059868
0 0.689732 0.895395 0.034226 0.060526
0 0.651228 0.891118 0.028646 0.049342
0 0.453311 0.731908 0.032366 0.054605
0 0.486979 0.599671 0.031994 0.050658
0 0.482143 0.484211 0.030506 0.052632
0 0.021205 0.442434 0.042411 0.057237
0 0.552455 0.417434 0.028274 0.053289
0 0.803571 0.381250 0.029762 0.065132
0 0.232701 0.363158 0.030878 0.057895
0 0.083147 0.331579 0.033854 0.063158
0 0.651228 0.252632 0.028646 0.050000
0 0.817522 0.232566 0.032366 0.057237
0 0.183966 0.099342 0.030878 0.052632
0 0.384301 0.293092 0.083333 0.103289
0 0.292597 0.977961 0.042783 0.044079