0 0.406994 0.723355 0.026786 0.042763
0 0.339472 0.655263 0.030878 0.056579
0 0.492932 0.654934 0.038690 0.065132
0 0.381324 0.645066 0.029762 0.046711
0 0.585379 0.611842 0.024182 0.042105
0 0.608259 0.581579 0.029762 0.050000
0 0.572173 0.561184 0.029762 0.043421
0 0.642299 0.533224 0.036830 0.053289
0 0.560082 0.527632 0.036830 0.060526
0 0.963728 0.478947 0.030134 0.047368
0 0.767113 0.484211 0.042411 0.073684
0 0.677641 0.425987 0.030134 0.050658
0 0.910156 0.348355 0.024182 0.049342
0 0.454427 0.330592 0.032366 0.053289
0 0.566220 0.209539 0.030506 0.050658
0 0.604353 0.034211 0.027902 0.043421
0 0.652716 0.023684 0.030878 0.047368
0 0.415551 0.973355 0.056548 0.046711
0 0.039435 0.790461 0.053571 0.075658
0 0.202009 0.646382 0.034226 0.075658