0 0.505952 0.558882 0.036458 0.075658
0 0.329241 0.658224 0.036458 0.046711
0 0.295945 0.661184 0.036086 0.060526
0 0.219308 0.415461 0.045759 0.074342
0 0.078311 0.149671 0.042039 0.096711
0 0.387463 0.127303 0.044271 0.075658
0 0.485863 0.053947 0.036458 0.085526
0 0.757068 0.124013 0.035714 0.074342
0 0.827939 0.096711 0.062128 0.067105
0 0.922619 0.061842 0.046131 0.088158
0 0.748884 0.748684 0.036458 0.088158
0 0.920945 0.716118 0.040551 0.046711
0 0.830357 0.712829 0.044643 0.057237
0 0.963542 0.713158 0.030506 0.057895
0 0.594308 0.979605 0.042783 0.040789