0 0.252418 0.222368 0.036830 0.071053
0 0.256324 0.621053 0.036458 0.081579
0 0.224516 0.675000 0.039807 0.057895
0 0.079055 0.816447 0.077753 0.155263
0 0.286086 0.917434 0.049851 0.074342
0 0.521763 0.936184 0.042039 0.106579
0 0.565848 0.778618 0.049851 0.078289
0 0.859561 0.750987 0.036086 0.067763
0 0.895833 0.737500 0.036458 0.100000
0 0.788504 0.501645 0.042783 0.096711
0 0.639323 0.219737 0.039807 0.094737
0 0.653274 0.082895 0.035714 0.092105
0 0.951451 0.215461 0.050223 0.071711
0 0.653646 0.026645 0.049851 0.053289
0 0.526972 0.060526 0.060640 0.068421
0 0.487165 0.275329 0.060640 0.082237
0 0.420573 0.051645 0.060640 0.103289
0 0.280506 0.121053 0.034226 0.088158
0 0.118490 0.037500 0.042783 0.075000