0 0.433780 0.269408 0.065476 0.074342
0 0.405506 0.250658 0.043899 0.063158
0 0.335938 0.052632 0.079613 0.081579
0 0.542969 0.079934 0.089658 0.046711
0 0.534970 0.050658 0.081845 0.042105
0 0.710938 0.429934 0.053571 0.080921
0 0.632068 0.507237 0.067708 0.060526
0 0.459635 0.698026 0.129092 0.106579
0 0.448847 0.913487 0.076265 0.084868
0 0.287946 0.813816 0.099702 0.060526
0 0.181176 0.747368 0.065476 0.078947
0 0.024182 0.700987 0.048363 0.074342
0 0.026786 0.811842 0.053571 0.085526
0 0.019345 0.934868 0.038690 0.094737
0 0.044085 0.389803 0.063616 0.059868
0 0.079055 0.281908 0.072545 0.080921
0 0.158110 0.075329 0.052083 0.095395
0 0.202753 0.346053 0.069940 0.052632
0 0.375186 0.352303 0.060640 0.071711
0 0.811198 0.680921 0.066592 0.056579
0 0.979725 0.710197 0.040551 0.049342
0 0.924665 0.901645 0.059896 0.082237