0 0.554129 0.469079 0.036086 0.115789
0 0.527902 0.704276 0.032738 0.112500
0 0.453683 0.708553 0.059896 0.094737
0 0.315848 0.811842 0.032738 0.081579
0 0.379836 0.397368 0.046131 0.126316
0 0.298363 0.369737 0.053571 0.119737
0 0.309524 0.266776 0.040179 0.141447
0 0.342262 0.225658 0.032738 0.092105
0 0.581659 0.234211 0.062128 0.110526
0 0.621652 0.165132 0.036458 0.123684
0 0.700707 0.146053 0.057664 0.113158
0 0.721726 0.529276 0.047619 0.099342
0 0.742001 0.859211 0.050223 0.147368
0 0.800223 0.917763 0.053571 0.134211
0 0.817150 0.218092 0.030134 0.103289
0 0.470238 0.053947 0.046131 0.085526