0 0.452567 0.640461 0.042783 0.075658
0 0.433966 0.699671 0.042039 0.101974
0 0.733259 0.972368 0.040179 0.055263
0 0.499814 0.954934 0.081473 0.090132
0 0.775298 0.808882 0.065476 0.084868
0 0.847470 0.247368 0.068452 0.092105
0 0.856771 0.096382 0.047619 0.080921
0 0.858817 0.039145 0.040551 0.078289
0 0.735677 0.090789 0.058408 0.085526
0 0.701265 0.313487 0.055804 0.092763
0 0.621466 0.073355 0.076265 0.105921
0 0.441034 0.034211 0.046503 0.068421
0 0.320312 0.046382 0.074405 0.092763
0 0.062500 0.075329 0.063988 0.063816
0 0.028274 0.400987 0.056548 0.096711
0 0.110491 0.501316 0.097470 0.088158
0 0.123326 0.766447 0.050223 0.089474
0 0.156436 0.888158 0.070312 0.089474
0 0.281622 0.835197 0.055804 0.117763
0 0.451079 0.266776 0.042783 0.105921
0 0.487165 0.135197 0.045759 0.038816
0 0.980283 0.541118 0.039435 0.050658