0 0.295945 0.635855 0.038318 0.070395
0 0.373512 0.641447 0.055804 0.088158
0 0.574591 0.767434 0.054688 0.074342
0 0.877046 0.823684 0.056176 0.100000
0 0.872396 0.652961 0.053571 0.133553
0 0.802269 0.476974 0.042039 0.094737
0 0.638207 0.821053 0.078497 0.092105
0 0.563802 0.466776 0.036086 0.107237
0 0.659226 0.135197 0.052083 0.070395
0 0.729911 0.053289 0.053571 0.084211
0 0.942150 0.100329 0.075521 0.105921
0 0.899554 0.134211 0.066220 0.060526
0 0.538132 0.075329 0.040551 0.084868
0 0.471540 0.096711 0.046503 0.094737
0 0.420759 0.150658 0.086310 0.088158
0 0.389137 0.400658 0.062500 0.117105
0 0.227121 0.308882 0.045759 0.075658
0 0.184896 0.150329 0.040179 0.075658
0 0.162016 0.203947 0.046503 0.081579
0 0.149554 0.287829 0.066220 0.074342
0 0.157738 0.723355 0.081845 0.109868