0 0.180246 0.943750 0.031622 0.051974
0 0.749814 0.890132 0.035342 0.064474
0 0.444010 0.757237 0.033110 0.059211
0 0.633743 0.710526 0.033110 0.057895
0 0.355655 0.686842 0.034970 0.061842
0 0.185268 0.672039 0.034970 0.067763
0 0.692708 0.657895 0.037946 0.057895
0 0.173735 0.600000 0.032738 0.055263
0 0.666109 0.595066 0.038318 0.065132
0 0.543899 0.588158 0.046131 0.081579
0 0.221540 0.548026 0.039807 0.057895
0 0.513021 0.553289 0.046131 0.084211
0 0.468192 0.543750 0.049479 0.090132
0 0.516183 0.433224 0.035342 0.058553
0 0.141927 0.431908 0.031622 0.054605
0 0.164249 0.391776 0.029390 0.051974
0 0.230469 0.374342 0.044271 0.073684
0 0.832961 0.355921 0.038690 0.067105
0 0.868862 0.340132 0.034598 0.061842
0 0.903460 0.212171 0.033110 0.055921
0 0.426711 0.058882 0.045387 0.076974
0 0.116443 0.965461 0.036458 0.069079