0 0.928385 0.819408 0.036830 0.067763
0 0.055432 0.800658 0.031994 0.063158
0 0.300223 0.730263 0.044643 0.081579
0 0.675595 0.646053 0.066220 0.084211
0 0.373140 0.570066 0.059524 0.078289
0 0.335938 0.483882 0.055804 0.086184
0 0.149182 0.380263 0.044643 0.078947
0 0.515253 0.275987 0.047619 0.078289
0 0.562314 0.182895 0.046503 0.084211
0 0.315290 0.100658 0.036086 0.056579
0 0.398624 0.079605 0.036830 0.068421
0 0.491071 0.605263 0.058036 0.094737
0 0.489769 0.698026 0.059896 0.092105
0 0.472284 0.830921 0.044271 0.068421
0 0.379092 0.639474 0.046131 0.081579
0 0.229167 0.647039 0.034226 0.050658
0 0.219308 0.808224 0.030134 0.059868
0 0.146391 0.678289 0.022693 0.064474
0 0.051711 0.864145 0.020833 0.036184
0 0.067708 0.878947 0.023810 0.047368
0 0.053757 0.926316 0.053943 0.071053
0 0.684152 0.231579 0.038690 0.064474
0 0.867746 0.248355 0.059896 0.078289
0 0.889881 0.152303 0.037946 0.078289
0 0.912388 0.183553 0.030134 0.064474
0 0.929874 0.601974 0.056176 0.115789
0 0.768787 0.719079 0.036830 0.100000