0 0.018415 0.689474 0.036830 0.085526
0 0.797433 0.536513 0.059896 0.095395
0 0.074591 0.331250 0.047991 0.071711
0 0.036644 0.353947 0.039807 0.067105
0 0.019903 0.248355 0.039807 0.105921
0 0.110119 0.712829 0.038690 0.075658
0 0.132254 0.864803 0.042783 0.082237
0 0.194940 0.794079 0.056548 0.068421
0 0.498140 0.659868 0.046131 0.088158
0 0.541481 0.660526 0.063616 0.067105
0 0.560826 0.720724 0.039807 0.070395
0 0.646763 0.665461 0.074033 0.092763
0 0.718936 0.522039 0.056176 0.067763
0 0.731027 0.558882 0.050595 0.080921
0 0.767485 0.591776 0.053571 0.082237
0 0.749628 0.611184 0.069940 0.057895
0 0.918527 0.483224 0.086310 0.109868
0 0.832403 0.427961 0.058408 0.074342
0 0.719680 0.203289 0.071801 0.052632
0 0.611793 0.325000 0.042783 0.064474
0 0.803199 0.033553 0.047619 0.067105
0 0.757999 0.045724 0.042783 0.080921
0 0.568638 0.972039 0.030134 0.055921