0 0.951451 0.970066 0.030134 0.059868
0 0.050781 0.954605 0.038318 0.071053
0 0.924851 0.783553 0.032738 0.064474
0 0.425967 0.747368 0.029762 0.064474
0 0.957403 0.652961 0.030134 0.065132
0 0.250000 0.464803 0.031994 0.067763
0 0.704241 0.407895 0.029762 0.057895
0 0.016369 0.395724 0.032738 0.067763
0 0.334263 0.383553 0.030878 0.064474
0 0.551525 0.373026 0.030134 0.067105
0 0.247396 0.286184 0.034226 0.068421
0 0.339658 0.235197 0.043899 0.074342
0 0.476749 0.189145 0.042783 0.071711
0 0.653088 0.140461 0.027902 0.057237
0 0.416667 0.123355 0.029762 0.061184
0 0.313058 0.100329 0.027902 0.049342
0 0.092262 0.076974 0.032738 0.068421
0 0.485863 0.485855 0.038690 0.070395
0 0.843936 0.322039 0.044271 0.086184
0 0.869420 0.335526 0.036458 0.081579
0 0.958147 0.543092 0.039807 0.080921
0 0.250372 0.981908 0.046131 0.036184
0 0.212426 0.036842 0.052083 0.073684