0 0.437872 0.494408 0.047619 0.054605
0 0.415923 0.435526 0.037946 0.063158
0 0.632068 0.649342 0.031994 0.067105
0 0.822173 0.666118 0.034226 0.057237
0 0.852865 0.721382 0.059896 0.071711
0 0.666853 0.259868 0.030134 0.078947
0 0.953869 0.240789 0.053571 0.071053
0 0.305246 0.699342 0.030878 0.060526
0 0.390997 0.975329 0.035714 0.049342
0 0.204799 0.708553 0.045759 0.098684
0 0.190104 0.970066 0.052083 0.059868
0 0.081101 0.736184 0.032738 0.068421
0 0.027716 0.532895 0.028646 0.060526
0 0.019345 0.475987 0.038690 0.065132
0 0.128162 0.305921 0.038318 0.089474
0 0.020089 0.144737 0.032738 0.057895
0 0.069754 0.096382 0.036086 0.053289
0 0.045573 0.038487 0.059896 0.057237