0 0.134859 0.619737 0.039807 0.067105
0 0.171689 0.393421 0.040551 0.071053
0 0.061384 0.377961 0.044643 0.070395
0 0.261347 0.120395 0.040551 0.067105
0 0.307292 0.405263 0.068452 0.064474
0 0.304315 0.343092 0.031994 0.065132
0 0.277158 0.550329 0.065476 0.075658
0 0.425223 0.839803 0.052083 0.080921
0 0.712798 0.977961 0.056548 0.044079
0 0.701637 0.463158 0.049851 0.115789
0 0.741629 0.292763 0.062128 0.085526
0 0.645647 0.108553 0.044271 0.092105
0 0.951451 0.532895 0.053943 0.092105
0 0.954613 0.575658 0.043899 0.063158