0 0.347284 0.937500 0.036086 0.063158
0 0.801525 0.923355 0.024182 0.046711
0 0.172619 0.842105 0.028274 0.043421
0 0.639137 0.826645 0.026786 0.042763
0 0.362909 0.812829 0.033854 0.057237
0 0.101749 0.767763 0.024926 0.043421
0 0.541667 0.754605 0.029762 0.052632
0 0.253720 0.747697 0.029762 0.059868
0 0.371466 0.713158 0.030878 0.046053
0 0.802083 0.707237 0.035714 0.057895
0 0.245722 0.680263 0.027902 0.047368
0 0.984933 0.511513 0.030134 0.053289
0 0.023624 0.484868 0.036830 0.063158
0 0.387835 0.384539 0.026414 0.044079
0 0.741257 0.357566 0.027902 0.046711
0 0.555618 0.344079 0.027902 0.050000
0 0.433594 0.294737 0.030134 0.047368
0 0.788690 0.288487 0.026786 0.044079
0 0.762463 0.261184 0.024926 0.046053
0 0.893601 0.086513 0.030506 0.061184
0 0.511161 0.068092 0.035714 0.049342
0 0.892671 0.056250 0.024926 0.049342
0 0.692522 0.056250 0.042039 0.067763
0 0.091332 0.920724 0.045759 0.049342
0 0.018229 0.788487 0.034226 0.059868
0 0.201637 0.585526 0.053571 0.071053
0 0.273065 0.192105 0.052083 0.088158