0 0.503348 0.979934 0.031994 0.040132
0 0.591890 0.952632 0.036458 0.052632
0 0.605283 0.850329 0.032738 0.057237
0 0.307106 0.730263 0.034598 0.057895
0 0.627232 0.548026 0.035714 0.068421
0 0.709449 0.465461 0.032738 0.074342
0 0.307850 0.432895 0.036086 0.068421
0 0.638579 0.410855 0.032366 0.050658
0 0.788132 0.373684 0.039807 0.084211
0 0.778646 0.300329 0.034226 0.074342
0 0.739025 0.239803 0.036086 0.075658
0 0.463542 0.646382 0.047619 0.080921
0 0.459449 0.585526 0.034226 0.067105
0 0.476562 0.616776 0.046131 0.049342
0 0.467820 0.520066 0.058408 0.070395
0 0.550595 0.408882 0.029762 0.063816
0 0.534598 0.965789 0.036458 0.068421
0 0.880208 0.552303 0.050595 0.086184
0 0.558594 0.103289 0.070312 0.094737
0 0.391555 0.346711 0.036830 0.046053
0 0.308780 0.076645 0.046131 0.075658
0 0.902344 0.330921 0.046503 0.089474