0 0.047433 0.322039 0.038318 0.082237
0 0.163318 0.570066 0.068452 0.084868
0 0.102865 0.691118 0.062128 0.105921
0 0.058594 0.946053 0.063616 0.057895
0 0.319940 0.595395 0.042411 0.071053
0 0.456287 0.502632 0.046503 0.088158
0 0.483817 0.527632 0.053943 0.075000
0 0.573847 0.717763 0.059896 0.106579
0 0.576637 0.844408 0.055804 0.099342
0 0.547433 0.955921 0.048735 0.077632
0 0.645461 0.664145 0.050595 0.086184
0 0.744420 0.482895 0.060268 0.088158
0 0.912202 0.483224 0.046131 0.101974
0 0.898810 0.625000 0.053571 0.094737
0 0.644531 0.134539 0.045759 0.084868
0 0.609933 0.142434 0.042783 0.070395
0 0.824591 0.047368 0.059896 0.094737
0 0.315104 0.165789 0.046131 0.053947
0 0.272693 0.333553 0.053571 0.119737
0 0.016369 0.022039 0.032738 0.042763