0 0.596354 0.895395 0.028274 0.050000
0 0.287946 0.871711 0.024554 0.042105
0 0.320871 0.856250 0.024926 0.044079
0 0.378348 0.837829 0.026042 0.042763
0 0.969122 0.668750 0.029762 0.053289
0 0.096912 0.610855 0.028646 0.046711
0 0.252232 0.538816 0.026042 0.046053
0 0.256696 0.492105 0.053571 0.071053
0 0.673549 0.447697 0.036830 0.065132
0 0.415551 0.436184 0.026786 0.046053
0 0.251674 0.423684 0.030878 0.050000
0 0.498698 0.350987 0.026414 0.046711
0 0.963728 0.341447 0.024182 0.043421
0 0.341332 0.295724 0.024182 0.044079
0 0.425223 0.275000 0.023810 0.042105
0 0.867746 0.268750 0.027902 0.053289
0 0.579985 0.257895 0.030506 0.060526
0 0.698103 0.225000 0.030134 0.046053
0 0.572359 0.190461 0.027902 0.049342
0 0.529762 0.111184 0.029762 0.043421
0 0.184338 0.239474 0.044271 0.053947
0 0.091704 0.293092 0.052455 0.067763
0 0.386161 0.739145 0.032738 0.046711
0 0.689732 0.317763 0.056548 0.092105