0 0.315848 0.869408 0.029762 0.054605
0 0.857701 0.825000 0.027902 0.050000
0 0.018043 0.741447 0.027902 0.050000
0 0.200707 0.693092 0.024926 0.046711
0 0.260603 0.640461 0.030134 0.046711
0 0.233631 0.575658 0.030506 0.052632
0 0.114211 0.571711 0.026786 0.047368
0 0.082961 0.533224 0.028274 0.044079
0 0.906808 0.501645 0.032366 0.057237
0 0.628534 0.486842 0.034598 0.057895
0 0.909784 0.425000 0.033854 0.057895
0 0.087612 0.418092 0.026414 0.044079
0 0.401600 0.331579 0.033854 0.056579
0 0.434524 0.313158 0.029762 0.053947
0 0.724516 0.295724 0.034598 0.057237
0 0.473028 0.184539 0.033854 0.049342
0 0.672805 0.126316 0.036086 0.060526
0 0.800409 0.120724 0.027902 0.046711
0 0.882068 0.117434 0.029762 0.049342
0 0.571057 0.090132 0.035714 0.073684
0 0.817336 0.068092 0.036458 0.057237
0 0.609375 0.062829 0.035714 0.054605
0 0.038876 0.530263 0.046503 0.085526
0 0.609189 0.970724 0.040551 0.058553