0 0.745722 0.930592 0.027902 0.050658
0 0.688430 0.895066 0.028646 0.053289
0 0.735677 0.789145 0.024182 0.046711
0 0.674665 0.752961 0.028646 0.046711
0 0.535342 0.572697 0.026042 0.050658
0 0.527344 0.532237 0.030134 0.047368
0 0.242746 0.329605 0.030878 0.057895
0 0.852865 0.234868 0.027902 0.047368
0 0.718378 0.093092 0.029762 0.061184
0 0.666109 0.402632 0.040551 0.060526
0 0.465960 0.157895 0.039807 0.052632
0 0.672061 0.014803 0.046503 0.029605
0 0.199963 0.369737 0.030134 0.060526
0 0.477865 0.958553 0.046503 0.082895
0 0.891927 0.706250 0.046503 0.105921
0 0.912016 0.517105 0.039807 0.060526