0 0.370350 0.365132 0.063616 0.113158
0 0.438616 0.569408 0.036458 0.082237
0 0.464100 0.590461 0.044271 0.096711
0 0.420573 0.666447 0.063616 0.094737
0 0.667969 0.823026 0.046503 0.067105
0 0.742746 0.759539 0.058408 0.063816
0 0.571429 0.393092 0.031994 0.071711
0 0.570871 0.359868 0.042783 0.060526
0 0.482143 0.079276 0.053571 0.044079
0 0.398251 0.079934 0.058408 0.046711
0 0.266741 0.108553 0.031994 0.036842
0 0.082589 0.237829 0.040179 0.049342
0 0.181176 0.376316 0.031994 0.053947
0 0.112537 0.606908 0.046503 0.067763
0 0.065662 0.697039 0.042783 0.075658
0 0.233259 0.656579 0.054315 0.063158
0 0.815662 0.037500 0.058408 0.075000