0 0.315848 0.867434 0.052083 0.086184
0 0.198661 0.692105 0.049851 0.081579
0 0.236421 0.575000 0.036830 0.078947
0 0.261347 0.643421 0.044271 0.094737
0 0.112165 0.570724 0.047991 0.074342
0 0.084077 0.527961 0.035714 0.075658
0 0.090402 0.423026 0.048363 0.057895
0 0.017113 0.731908 0.034226 0.078289
0 0.038132 0.530263 0.030878 0.063158
0 0.399182 0.336184 0.035714 0.064474
0 0.433594 0.315132 0.024926 0.060526
0 0.625744 0.489474 0.052083 0.081579
0 0.856399 0.826645 0.035714 0.074342
0 0.903460 0.500000 0.032366 0.047368
0 0.906994 0.426645 0.036458 0.070395
0 0.723214 0.301316 0.036458 0.067105
0 0.801897 0.124013 0.030134 0.065132
0 0.817708 0.069737 0.034226 0.063158
0 0.880394 0.117434 0.027902 0.049342
0 0.675595 0.123355 0.053571 0.084868
0 0.608073 0.068421 0.048735 0.057895
0 0.474330 0.189803 0.048363 0.059868
0 0.570499 0.094408 0.048735 0.082237
0 0.604353 0.986513 0.042783 0.026974