0 0.776042 0.787829 0.049851 0.074342
0 0.854353 0.755592 0.047991 0.065132
0 0.946057 0.752303 0.035714 0.067763
0 0.989025 0.753618 0.021949 0.080921
0 0.033110 0.725658 0.035714 0.078947
0 0.354167 0.696382 0.043899 0.075658
0 0.595610 0.506250 0.049851 0.075658
0 0.248884 0.457566 0.032738 0.067763
0 0.333519 0.243092 0.028646 0.053289
0 0.476749 0.189474 0.045759 0.075000
0 0.102865 0.179276 0.036830 0.071711
0 0.418899 0.153947 0.032738 0.067105
0 0.313244 0.100329 0.028274 0.054605
0 0.950149 0.097039 0.040179 0.061184
0 0.266741 0.069408 0.036458 0.065132
0 0.955729 0.042105 0.042411 0.073684
0 0.121280 0.035855 0.042411 0.071711
0 0.778460 0.187829 0.039807 0.042763
0 0.850818 0.134868 0.037946 0.057895
0 0.780878 0.154934 0.054315 0.046711
0 0.517113 0.082895 0.036458 0.060526
0 0.532924 0.592105 0.039807 0.084211
0 0.318638 0.694408 0.028646 0.075658
0 0.016927 0.026974 0.033854 0.053947