0 0.166667 0.975658 0.026786 0.048684
0 0.452009 0.935197 0.030506 0.053289
0 0.906436 0.829934 0.032366 0.059868
0 0.603423 0.808224 0.034226 0.063816
0 0.214472 0.652632 0.033854 0.063158
0 0.756696 0.624342 0.037946 0.063158
0 0.912202 0.606579 0.032738 0.057895
0 0.614955 0.590461 0.037946 0.053289
0 0.218936 0.576645 0.046503 0.080921
0 0.720796 0.522697 0.034598 0.054605
0 0.347098 0.409539 0.030506 0.050658
0 0.535528 0.313816 0.032366 0.056579
0 0.110119 0.275987 0.026786 0.049342
0 0.191406 0.267763 0.030134 0.053947
0 0.355283 0.242763 0.031994 0.052632
0 0.033296 0.447697 0.057664 0.065132
0 0.128162 0.213158 0.058408 0.060526
0 0.833891 0.743750 0.074033 0.099342