0 0.192336 0.982237 0.024554 0.035526
0 0.544643 0.959211 0.035714 0.053947
0 0.238281 0.896053 0.030878 0.046053
0 0.592634 0.886513 0.035714 0.059868
0 0.208705 0.524342 0.036458 0.063158
0 0.392299 0.395066 0.026414 0.044079
0 0.517113 0.363158 0.035714 0.057895
0 0.938430 0.322039 0.042039 0.067763
0 0.329985 0.182237 0.026786 0.046053
0 0.747954 0.166118 0.047991 0.074342
0 0.307106 0.142105 0.040551 0.067105
0 0.274740 0.116447 0.039807 0.060526
0 0.723958 0.093092 0.031994 0.049342
0 0.497396 0.650658 0.055804 0.071053
0 0.698475 0.652303 0.033854 0.075658
0 0.698847 0.699342 0.040551 0.068421
0 0.616815 0.367105 0.069940 0.096053
0 0.362723 0.944737 0.038690 0.063158
0 0.567336 0.855592 0.034226 0.063816
0 0.110119 0.538158 0.026786 0.064474
0 0.076637 0.795066 0.031994 0.044079