0 0.329985 0.977303 0.029762 0.045395
0 0.617932 0.940132 0.030506 0.053947
0 0.769159 0.813816 0.033854 0.060526
0 0.378906 0.655921 0.036086 0.064474
0 0.102493 0.642105 0.032366 0.057895
0 0.921131 0.631579 0.035714 0.057895
0 0.780692 0.596382 0.036086 0.053289
0 0.382254 0.579934 0.036830 0.065132
0 0.885789 0.529605 0.032738 0.053947
0 0.197545 0.454934 0.035714 0.061184
0 0.512277 0.413158 0.030506 0.050000
0 0.700893 0.319737 0.031994 0.056579
0 0.147879 0.286842 0.034598 0.060526
0 0.272507 0.276645 0.030134 0.053289
0 0.355097 0.270066 0.032366 0.057237
0 0.520275 0.246382 0.032366 0.053289
0 0.085193 0.229276 0.031994 0.054605
0 0.287574 0.219408 0.065476 0.075658
0 0.050595 0.253947 0.055804 0.127632
0 0.976004 0.750329 0.047991 0.113816