0 0.278274 0.924671 0.037946 0.054605
0 0.443824 0.874671 0.026786 0.044079
0 0.442894 0.778947 0.036086 0.056579
0 0.982515 0.734539 0.032738 0.054605
0 0.325521 0.602632 0.032738 0.047368
0 0.385231 0.549671 0.050223 0.075658
0 0.595238 0.505921 0.037946 0.071053
0 0.358259 0.485855 0.050595 0.082237
0 0.237723 0.481250 0.048363 0.074342
0 0.754650 0.398684 0.039807 0.056579
0 0.689174 0.381579 0.044271 0.067105
0 0.211124 0.326974 0.033854 0.046053
0 0.334077 0.242105 0.029762 0.047368
0 0.559710 0.222697 0.050223 0.084868
0 0.849330 0.209539 0.041667 0.054605
0 0.476935 0.189474 0.044643 0.071053
0 0.312872 0.099671 0.028274 0.050658
0 0.596726 0.098026 0.036458 0.050000
0 0.268787 0.068421 0.030878 0.064474
0 0.063988 0.045395 0.035714 0.052632
0 0.311198 0.951974 0.036086 0.063158
0 0.334077 0.982566 0.036458 0.034868
0 0.731213 0.910526 0.036830 0.063158
0 0.754464 0.972368 0.029762 0.055263
0 0.210379 0.442105 0.045759 0.100000
0 0.162202 0.435197 0.052083 0.050658
0 0.141555 0.649342 0.040551 0.089474
0 0.057478 0.575000 0.039807 0.060526
0 0.526228 0.239474 0.050223 0.063158
0 0.799107 0.040789 0.052083 0.052632
0 0.927455 0.033882 0.050595 0.067763
0 0.694754 0.023684 0.045759 0.047368