0 0.403832 0.976316 0.046503 0.047368
0 0.347284 0.913816 0.051711 0.088158
0 0.510975 0.768421 0.039807 0.056579
0 0.395089 0.594408 0.048363 0.082237
0 0.427827 0.475658 0.056548 0.081579
0 0.306734 0.472697 0.052455 0.082237
0 0.276600 0.431908 0.050223 0.086184
0 0.823289 0.389145 0.040179 0.054605
0 0.759301 0.373684 0.049851 0.064474
0 0.596168 0.232237 0.042039 0.056579
0 0.628534 0.213487 0.036086 0.053289
0 0.917411 0.205263 0.041667 0.068421
0 0.665365 0.086513 0.036086 0.046711
0 0.278088 0.315461 0.057664 0.084868
0 0.229167 0.426645 0.047619 0.092763
0 0.122582 0.562171 0.045759 0.070395
0 0.205543 0.636513 0.056176 0.103289
0 0.451451 0.537500 0.054688 0.098684
0 0.863653 0.037829 0.045759 0.075658
0 0.983817 0.023355 0.032366 0.046711
0 0.790365 0.889474 0.052455 0.102632
0 0.821801 0.963158 0.053571 0.067105