0 0.068266 0.978289 0.030134 0.043421
0 0.077753 0.924671 0.038690 0.065132
0 0.347284 0.879276 0.038318 0.067763
0 0.832961 0.865789 0.056548 0.064474
0 0.583891 0.860197 0.039807 0.061184
0 0.392671 0.816447 0.046503 0.057895
0 0.865141 0.813487 0.047991 0.070395
0 0.658854 0.781908 0.041667 0.063816
0 0.233259 0.690789 0.030506 0.057895
0 0.712240 0.672368 0.034598 0.063158
0 0.901414 0.666776 0.047619 0.065132
0 0.073289 0.600329 0.031994 0.054605
0 0.957217 0.598684 0.041667 0.063158
0 0.870164 0.510526 0.041667 0.056579
0 0.773996 0.479605 0.039807 0.064474
0 0.235863 0.473684 0.044643 0.071053
0 0.598772 0.454605 0.048735 0.067105
0 0.418713 0.275000 0.044271 0.071053
0 0.499814 0.218750 0.040551 0.065132
0 0.804129 0.155921 0.038318 0.057895
0 0.177455 0.131908 0.032738 0.054605
0 0.837054 0.133882 0.048363 0.065132
0 0.202381 0.036184 0.042411 0.053947
0 0.111607 0.878947 0.036458 0.064474
0 0.463542 0.790461 0.029762 0.075658
0 0.225446 0.061184 0.032738 0.046053