0 0.298363 0.308553 0.046131 0.081579
0 0.343192 0.453947 0.030134 0.085526
0 0.466704 0.385855 0.046503 0.105921
0 0.611235 0.252632 0.038690 0.078947
0 0.643601 0.210197 0.050595 0.124342
0 0.668899 0.519737 0.062500 0.088158
0 0.609189 0.624671 0.060640 0.105921
0 0.508929 0.679276 0.038690 0.074342
0 0.593378 0.767105 0.055804 0.123684
0 0.514137 0.849013 0.050595 0.101974
0 0.260417 0.781250 0.044643 0.082237
0 0.733631 0.878289 0.036458 0.077632
0 0.812314 0.765132 0.063616 0.140789
0 0.952939 0.793421 0.076265 0.098684
0 0.911830 0.539803 0.052083 0.165132
0 0.955171 0.357566 0.059896 0.101974
0 0.226004 0.863487 0.070312 0.113816
0 0.294271 0.056908 0.032738 0.071711