0 0.392299 0.717105 0.039807 0.050000
0 0.371094 0.642105 0.053943 0.063158
0 0.327939 0.653618 0.050223 0.075658
0 0.477493 0.660526 0.065848 0.077632
0 0.544643 0.524013 0.040179 0.065132
0 0.564546 0.560855 0.030134 0.042763
0 0.571429 0.607566 0.038690 0.046711
0 0.595424 0.580263 0.028646 0.057895
0 0.627418 0.522039 0.039807 0.044079
0 0.664435 0.432895 0.037946 0.063158
0 0.753162 0.484539 0.040551 0.061184
0 0.898251 0.352303 0.048735 0.067763
0 0.951079 0.475329 0.059896 0.075658
0 0.550595 0.205592 0.052083 0.075658
0 0.451823 0.328289 0.083705 0.085526
0 0.588542 0.035526 0.053571 0.071053
0 0.638393 0.031579 0.047619 0.063158
0 0.403088 0.972039 0.042783 0.055921
0 0.029018 0.790789 0.040179 0.057895