0 0.414993 0.583224 0.058408 0.074342
0 0.478609 0.778618 0.030878 0.101974
0 0.511905 0.810526 0.055804 0.081579
0 0.465960 0.882237 0.044271 0.063158
0 0.281250 0.868421 0.054315 0.071053
0 0.154576 0.821053 0.042783 0.056579
0 0.113095 0.905592 0.050595 0.070395
0 0.125186 0.451316 0.039807 0.081579
0 0.033296 0.454276 0.059896 0.075658
0 0.302455 0.323355 0.053571 0.070395
0 0.432292 0.286842 0.056548 0.064474
0 0.526042 0.292434 0.066220 0.082237
0 0.617001 0.564474 0.046503 0.085526
0 0.616629 0.611842 0.056176 0.088158
0 0.851190 0.245066 0.038690 0.107237
0 0.672061 0.101974 0.079985 0.117105
0 0.638765 0.038816 0.066220 0.077632
0 0.254278 0.107237 0.040551 0.052632
0 0.226749 0.067434 0.059896 0.082237
0 0.193638 0.044079 0.060640 0.088158
0 0.786644 0.970724 0.040551 0.058553