0 0.190104 0.967434 0.041667 0.065132
0 0.474888 0.940461 0.048735 0.084868
0 0.238839 0.649342 0.048363 0.102632
0 0.936942 0.607237 0.048735 0.088158
0 0.638951 0.597697 0.052455 0.101974
0 0.060082 0.452961 0.047991 0.084868
0 0.371094 0.414474 0.047991 0.081579
0 0.021019 0.287829 0.042039 0.082237
0 0.216704 0.268750 0.048735 0.084868
0 0.476190 0.189474 0.042411 0.073684
0 0.128162 0.274013 0.047991 0.050658
0 0.153274 0.221053 0.054315 0.081579
0 0.372396 0.239145 0.054315 0.084868
0 0.553013 0.314474 0.057664 0.089474
0 0.244048 0.575658 0.048363 0.094737
0 0.632626 0.823026 0.063616 0.117105
0 0.776414 0.611842 0.058036 0.078947
0 0.849516 0.744737 0.064360 0.115789
0 0.921689 0.820395 0.060640 0.098684