0 0.590216 0.327632 0.078497 0.088158
0 0.619420 0.380592 0.072173 0.080921
0 0.643787 0.412500 0.056176 0.073684
0 0.697731 0.627303 0.062128 0.086184
0 0.824777 0.596711 0.095982 0.089474
0 0.913876 0.604934 0.071801 0.109868
0 0.809896 0.883882 0.073661 0.095395
0 0.617746 0.905263 0.079985 0.094737
0 0.526786 0.750987 0.068452 0.116447
0 0.406994 0.755592 0.086310 0.075658
0 0.138393 0.707895 0.055804 0.060526
0 0.102121 0.655263 0.046503 0.060526
0 0.198103 0.333882 0.079985 0.103289
0 0.188802 0.263158 0.076265 0.057895
0 0.124256 0.277961 0.053571 0.070395
0 0.441406 0.075329 0.076265 0.080921
0 0.639695 0.040789 0.083705 0.081579
0 0.754836 0.194079 0.066220 0.102632
0 0.028832 0.814474 0.040551 0.094737