0 0.207775 0.574013 0.039807 0.071711
0 0.180990 0.623355 0.042783 0.074342
0 0.241071 0.883882 0.052083 0.095395
0 0.038132 0.763158 0.046503 0.100000
0 0.182850 0.979605 0.072545 0.040789
0 0.480655 0.883882 0.053571 0.071711
0 0.523810 0.722039 0.037946 0.059868
0 0.817150 0.705263 0.045759 0.088158
0 0.857143 0.699342 0.046131 0.096053
0 0.751488 0.449342 0.050595 0.064474
0 0.913318 0.148026 0.052083 0.088158
0 0.605841 0.167105 0.079985 0.057895
0 0.611793 0.054934 0.042783 0.109868
0 0.494420 0.023026 0.068452 0.046053
0 0.449777 0.232237 0.052083 0.043421
0 0.237165 0.065461 0.059896 0.088816
0 0.205357 0.180592 0.031994 0.086184