0 0.077567 0.299342 0.042783 0.088158
0 0.126488 0.354276 0.046131 0.078289
0 0.080915 0.452632 0.045759 0.071053
0 0.138207 0.494737 0.028646 0.088158
0 0.253162 0.532566 0.075521 0.082237
0 0.306734 0.458882 0.059896 0.105921
0 0.288690 0.261842 0.048363 0.102632
0 0.075707 0.697039 0.054688 0.075658
0 0.142485 0.806250 0.081845 0.095395
0 0.221912 0.764474 0.090402 0.088158
0 0.506138 0.743092 0.089658 0.105921
0 0.621652 0.707237 0.072173 0.117105
0 0.668527 0.821053 0.068452 0.115789
0 0.632999 0.945724 0.042039 0.075658
0 0.797247 0.752303 0.032738 0.075658
0 0.705171 0.456250 0.058408 0.070395
0 0.757254 0.164474 0.040551 0.081579
0 0.924293 0.112171 0.053943 0.084868
0 0.558222 0.274671 0.042783 0.084868
0 0.309710 0.069737 0.042783 0.063158
0 0.909784 0.780592 0.040551 0.071711