0 0.640253 0.966118 0.033482 0.058553
0 0.617001 0.926645 0.049479 0.087500
0 0.196243 0.890789 0.033110 0.057895
0 0.585007 0.879605 0.038318 0.068421
0 0.116815 0.826645 0.025298 0.048026
0 0.181176 0.802303 0.031250 0.051974
0 0.751116 0.748026 0.036458 0.067105
0 0.444940 0.615132 0.033482 0.059211
0 0.634673 0.568421 0.043899 0.077632
0 0.357143 0.544737 0.045387 0.077632
0 0.186384 0.529934 0.034970 0.067763
0 0.694196 0.515132 0.037946 0.057895
0 0.175223 0.459211 0.032738 0.055263
0 0.667411 0.452632 0.037946 0.064474
0 0.545015 0.445395 0.046131 0.080263
0 0.514137 0.409868 0.034970 0.059211
0 0.223028 0.406250 0.039807 0.058553
0 0.469494 0.401974 0.038690 0.068421
0 0.143973 0.290789 0.031250 0.052632
0 0.517857 0.291447 0.034970 0.057895
0 0.165737 0.250987 0.029390 0.049342
0 0.231399 0.234539 0.032738 0.054605
0 0.833891 0.214474 0.038318 0.067105
0 0.869606 0.199013 0.033110 0.058553
0 0.904576 0.071711 0.031622 0.052632