0 0.380208 0.427303 0.036458 0.075658
0 0.365513 0.341118 0.042783 0.099342
0 0.298363 0.366447 0.050595 0.094737
0 0.286458 0.738816 0.032738 0.084211
0 0.307664 0.805263 0.054315 0.115789
0 0.214844 0.915789 0.054688 0.115789
0 0.074591 0.986184 0.022693 0.027632
0 0.060268 0.975000 0.030506 0.036842
0 0.112165 0.468092 0.036086 0.099342
0 0.031808 0.299342 0.063616 0.106579
0 0.049107 0.140461 0.032738 0.138816
0 0.366629 0.073684 0.046503 0.094737
0 0.764881 0.425329 0.047619 0.105921
0 0.828311 0.507895 0.030134 0.121053
0 0.795201 0.478289 0.036830 0.067105
0 0.935082 0.283224 0.036830 0.075658
0 0.817894 0.112500 0.056176 0.088158
0 0.868490 0.062500 0.042783 0.117105
0 0.884301 0.726974 0.032738 0.094737
0 0.702009 0.851316 0.046131 0.113158
0 0.607887 0.869737 0.066220 0.085526
0 0.815104 0.972368 0.047619 0.055263
0 0.985677 0.969737 0.022693 0.060526