0 0.158854 0.317105 0.056548 0.063158
0 0.069568 0.583553 0.068452 0.088158
0 0.495350 0.616118 0.057664 0.074342
0 0.380580 0.933553 0.048363 0.053947
0 0.476004 0.977961 0.076265 0.044079
0 0.674479 0.941118 0.077381 0.074342
0 0.808036 0.658224 0.056548 0.070395
0 0.850074 0.511184 0.050595 0.092105
0 0.896763 0.514145 0.059896 0.070395
0 0.684152 0.533224 0.072173 0.103289
0 0.657180 0.343750 0.058408 0.099342
0 0.685640 0.225000 0.062500 0.085526
0 0.676897 0.099342 0.075521 0.089474
0 0.747210 0.050000 0.059896 0.100000
0 0.205357 0.053947 0.083333 0.081579