0 0.538132 0.361842 0.042783 0.060526
0 0.506510 0.500329 0.039807 0.078289
0 0.463728 0.511184 0.042783 0.088158
0 0.331845 0.710855 0.035714 0.065132
0 0.293899 0.747697 0.049851 0.074342
0 0.321987 0.816447 0.026414 0.092105
0 0.267485 0.874013 0.036458 0.075658
0 0.175781 0.747368 0.039807 0.088158
0 0.150112 0.710197 0.034598 0.040132
0 0.149554 0.612500 0.053571 0.130263
0 0.106213 0.710855 0.044271 0.113816
0 0.069382 0.896711 0.066592 0.094737
0 0.080543 0.229276 0.072545 0.130921
0 0.480655 0.119079 0.079613 0.117105
0 0.667969 0.227961 0.062128 0.063816
0 0.641927 0.264145 0.058408 0.109868
0 0.744048 0.299342 0.052083 0.115789
0 0.801525 0.476645 0.064360 0.138816
0 0.701265 0.658553 0.050595 0.110526
0 0.866257 0.298684 0.036830 0.071053
0 0.897321 0.242105 0.069940 0.134211
0 0.955171 0.291447 0.039807 0.081579
0 0.975818 0.592434 0.047619 0.075658
0 0.976190 0.679605 0.046131 0.096053