0 0.093750 0.227961 0.043899 0.063816
0 0.156250 0.282566 0.050595 0.096711
0 0.280320 0.287500 0.046503 0.081579
0 0.300409 0.227961 0.048735 0.075658
0 0.367932 0.274671 0.053571 0.088816
0 0.532366 0.245724 0.069940 0.096711
0 0.526042 0.412500 0.050595 0.088158
0 0.708519 0.331908 0.058408 0.117763
0 0.930618 0.631579 0.030134 0.068421
0 0.773251 0.806908 0.045759 0.096711
0 0.626116 0.942105 0.043899 0.057895
0 0.390811 0.650000 0.046503 0.092105
0 0.390253 0.571711 0.058036 0.094737
0 0.208519 0.451316 0.044271 0.081579
0 0.103795 0.638816 0.049851 0.096053
0 0.334449 0.974342 0.053571 0.051316