0 0.106399 0.625987 0.042411 0.082237
0 0.859933 0.586513 0.032366 0.057237
0 0.956845 0.548026 0.036458 0.067105
0 0.520833 0.537500 0.032738 0.063158
0 0.125000 0.478947 0.044643 0.067105
0 0.960007 0.470724 0.036086 0.113816
0 0.570312 0.370724 0.040179 0.061184
0 0.221726 0.318750 0.050595 0.080921
0 0.476935 0.189145 0.044643 0.070395
0 0.268787 0.070066 0.030878 0.059868
0 0.334821 0.051974 0.040179 0.071053
0 0.423177 0.599671 0.042783 0.080921
0 0.257999 0.906908 0.062128 0.074342
0 0.783110 0.635526 0.047619 0.064474
0 0.785156 0.593421 0.060640 0.078947
0 0.906250 0.384211 0.047619 0.052632
0 0.569754 0.025000 0.026414 0.050000
0 0.090960 0.194737 0.036830 0.064474
0 0.014881 0.469737 0.029762 0.053947
0 0.122954 0.420395 0.039807 0.053947