0 0.210007 0.452632 0.052455 0.071053
0 0.155320 0.462500 0.045759 0.067105
0 0.127232 0.509868 0.030506 0.064474
0 0.200521 0.608882 0.056548 0.092763
0 0.161644 0.666776 0.058408 0.082237
0 0.167597 0.735526 0.046503 0.063158
0 0.340960 0.749013 0.059896 0.082237
0 0.433408 0.825000 0.066220 0.088158
0 0.460007 0.619408 0.058408 0.107237
0 0.502232 0.619408 0.040179 0.080921
0 0.530134 0.662500 0.055804 0.088158
0 0.615327 0.785526 0.056548 0.096053
0 0.653646 0.665461 0.069940 0.133553
0 0.690848 0.741776 0.091518 0.092763
0 0.734747 0.947697 0.048363 0.104605
0 0.821243 0.431908 0.045759 0.105921
0 0.860491 0.404605 0.053571 0.071053
0 0.890625 0.281579 0.066220 0.067105
0 0.977865 0.199671 0.044271 0.112500
0 0.822731 0.036513 0.050223 0.070395
0 0.504092 0.499342 0.067708 0.098684
0 0.412946 0.130921 0.049851 0.088158
0 0.184896 0.042763 0.066220 0.085526