0 0.482329 0.909868 0.030134 0.057895
0 0.691220 0.883224 0.034226 0.059868
0 0.652902 0.878947 0.029762 0.050000
0 0.454985 0.719408 0.031994 0.054605
0 0.488281 0.587171 0.030878 0.050658
0 0.021391 0.430592 0.042783 0.057237
0 0.554129 0.404934 0.028646 0.053289
0 0.805246 0.370066 0.028646 0.063816
0 0.234561 0.350000 0.030878 0.056579
0 0.084821 0.319408 0.034226 0.063816
0 0.652716 0.240132 0.028646 0.050000
0 0.819382 0.220724 0.032366 0.057237
0 0.185640 0.086842 0.030506 0.052632
0 0.484189 0.459211 0.039807 0.084211
0 0.292783 0.968421 0.048363 0.063158