0 0.543341 0.505921 0.054688 0.096053
0 0.355469 0.749671 0.044271 0.075658
0 0.339286 0.651316 0.066220 0.084211
0 0.327195 0.552303 0.087426 0.082237
0 0.340030 0.297039 0.053571 0.067763
0 0.373140 0.197039 0.047619 0.036184
0 0.365513 0.158553 0.063616 0.113158
0 0.609003 0.287171 0.067708 0.112500
0 0.756324 0.714474 0.050595 0.117105
0 0.654390 0.933553 0.083333 0.132895
0 0.849888 0.620066 0.063616 0.074342
0 0.923177 0.706579 0.057664 0.096053
0 0.944010 0.786842 0.075521 0.088158
0 0.875930 0.293092 0.093378 0.144079
0 0.951451 0.241447 0.081473 0.092105
0 0.900484 0.061842 0.076265 0.060526
0 0.110119 0.409539 0.052083 0.113816
0 0.095610 0.049342 0.054315 0.092105