0 0.189918 0.551645 0.059896 0.126974
0 0.148251 0.707237 0.042783 0.117105
0 0.055990 0.915461 0.060640 0.169079
0 0.195685 0.965789 0.054315 0.068421
0 0.344866 0.893750 0.048363 0.116447
0 0.367001 0.888158 0.060640 0.117105
0 0.618490 0.869079 0.062128 0.119737
0 0.783296 0.851316 0.057664 0.113158
0 0.773996 0.963487 0.053943 0.073026
0 0.940848 0.606250 0.034226 0.141447
0 0.701079 0.409539 0.060640 0.137500
0 0.525484 0.506908 0.047991 0.137500
0 0.484375 0.510526 0.049851 0.126316
0 0.414807 0.281579 0.052083 0.117105
0 0.126860 0.065461 0.038690 0.088816
0 0.271577 0.034211 0.056548 0.068421