0 0.048549 0.256908 0.048735 0.092763
0 0.082217 0.230592 0.056548 0.075658
0 0.148624 0.298026 0.062128 0.096053
0 0.194940 0.452961 0.036458 0.080921
0 0.096912 0.634539 0.030134 0.082237
0 0.380580 0.581908 0.030506 0.082237
0 0.372210 0.659868 0.042039 0.073684
0 0.269159 0.272368 0.039807 0.068421
0 0.287202 0.214145 0.040179 0.075658
0 0.355097 0.263158 0.036086 0.067105
0 0.528274 0.238816 0.036458 0.092105
0 0.513021 0.416447 0.047619 0.056579
0 0.697731 0.324671 0.036830 0.082237
0 0.925409 0.628618 0.048735 0.086184
0 0.985119 0.748355 0.029762 0.107237
0 0.770275 0.821053 0.044271 0.052632
0 0.338356 0.970395 0.056176 0.059211
0 0.618490 0.937171 0.026414 0.046711