0 0.109747 0.498684 0.046131 0.075000
0 0.077381 0.402303 0.049851 0.078289
0 0.070685 0.304276 0.053571 0.103289
0 0.284784 0.275987 0.050223 0.063816
0 0.403832 0.685197 0.056176 0.128289
0 0.470982 0.901645 0.032738 0.105921
0 0.566406 0.815461 0.042039 0.096711
0 0.601004 0.786184 0.059896 0.089474
0 0.669271 0.837829 0.040179 0.109868
0 0.803199 0.847039 0.041667 0.107237
0 0.819010 0.786184 0.057664 0.121053
0 0.879464 0.828947 0.061756 0.094737
0 0.851190 0.548684 0.052083 0.094737
0 0.669829 0.474013 0.059896 0.103289
0 0.691406 0.539803 0.042039 0.105921
0 0.589286 0.365789 0.058036 0.110526
0 0.492188 0.460526 0.065476 0.078947
0 0.622582 0.037829 0.054688 0.075658
0 0.696243 0.026974 0.059896 0.053947
0 0.878348 0.044079 0.098214 0.088158
0 0.344494 0.047368 0.049851 0.094737