0 0.400298 0.558553 0.041667 0.057895
0 0.372768 0.806250 0.040179 0.095395
0 0.305990 0.789803 0.046503 0.096711
0 0.169271 0.906579 0.059524 0.071053
0 0.222842 0.492434 0.065476 0.067763
0 0.135231 0.436184 0.058408 0.088158
0 0.145647 0.377303 0.045759 0.070395
0 0.183594 0.334868 0.039807 0.064474
0 0.298921 0.155592 0.062128 0.075658
0 0.415923 0.318750 0.035714 0.107237
0 0.465402 0.264474 0.073661 0.057895
0 0.538132 0.240789 0.058408 0.094737
0 0.559338 0.627961 0.046503 0.075658
0 0.569754 0.943750 0.052455 0.082237
0 0.638021 0.979605 0.066220 0.040789
0 0.807664 0.655263 0.066220 0.119737
0 0.876674 0.810526 0.046503 0.094737
0 0.879278 0.974342 0.077753 0.051316
0 0.900670 0.307237 0.049851 0.094737
0 0.935454 0.261842 0.030134 0.126316
0 0.957031 0.109868 0.085938 0.123684
0 0.782924 0.115789 0.076265 0.084211
0 0.727307 0.219079 0.056548 0.092105
0 0.651786 0.310855 0.084077 0.070395