0 0.955915 0.953947 0.026414 0.057895
0 0.978609 0.832237 0.024926 0.046053
0 0.341890 0.722039 0.026042 0.042763
0 0.962984 0.712829 0.030134 0.057237
0 0.274740 0.654276 0.028646 0.054605
0 0.427641 0.653289 0.038318 0.067105
0 0.316406 0.643750 0.027902 0.046711
0 0.520089 0.609868 0.023810 0.042105
0 0.542783 0.579605 0.028274 0.050000
0 0.506882 0.559868 0.028646 0.043421
0 0.576637 0.530921 0.036458 0.052632
0 0.494420 0.525987 0.036458 0.059868
0 0.899182 0.476316 0.029762 0.047368
0 0.701823 0.481579 0.042783 0.075000
0 0.612165 0.423684 0.030134 0.052632
0 0.844866 0.345395 0.024554 0.050000
0 0.388393 0.328947 0.031994 0.053947
0 0.500372 0.207237 0.030506 0.050000
0 0.537946 0.031908 0.026786 0.042763
0 0.586868 0.024671 0.030878 0.049342
0 0.982887 0.604605 0.034226 0.056579
0 0.146577 0.652632 0.050595 0.052632
0 0.344308 0.973684 0.052455 0.052632