0 0.480655 0.621711 0.061756 0.078947
0 0.391927 0.851974 0.058408 0.052632
0 0.430618 0.974342 0.048735 0.043421
0 0.565104 0.897039 0.052083 0.042763
0 0.672991 0.923355 0.049851 0.053289
0 0.803571 0.884539 0.060268 0.046711
0 0.810268 0.937171 0.069940 0.042763
0 0.906808 0.770066 0.063616 0.033553
0 0.904576 0.787829 0.077753 0.044079
0 0.774368 0.653289 0.079985 0.053947
0 0.696057 0.258224 0.069940 0.096711
0 0.856771 0.216118 0.069940 0.070395
0 0.937500 0.263158 0.062500 0.094737
0 0.527158 0.311842 0.053571 0.056579
0 0.332403 0.429605 0.075521 0.056579
0 0.254650 0.879605 0.093378 0.081579
0 0.034040 0.704605 0.057664 0.089474
0 0.078497 0.623355 0.046131 0.078289
0 0.059338 0.410855 0.069568 0.082237
0 0.083705 0.225000 0.049851 0.063158
0 0.011905 0.907237 0.023810 0.073684