0 0.267671 0.941776 0.024926 0.044079
0 0.316406 0.929605 0.030134 0.052632
0 0.828683 0.872039 0.030878 0.053289
0 0.214472 0.845724 0.027902 0.063816
0 0.904018 0.821382 0.024554 0.046711
0 0.118118 0.781579 0.027902 0.046053
0 0.285714 0.781579 0.026786 0.047368
0 0.090402 0.779934 0.026042 0.049342
0 0.256324 0.762171 0.029762 0.054605
0 0.343006 0.673684 0.024554 0.046053
0 0.441964 0.615132 0.031994 0.056579
0 0.549851 0.608553 0.029762 0.052632
0 0.982887 0.600987 0.030506 0.050658
0 0.254092 0.509539 0.026786 0.050658
0 0.752232 0.458882 0.026786 0.054605
0 0.419643 0.442105 0.031994 0.053947
0 0.734747 0.403947 0.029762 0.053947
0 0.599702 0.363816 0.026786 0.050000
0 0.294829 0.321053 0.026414 0.053947
0 0.437128 0.202961 0.030506 0.063816
0 0.692708 0.121711 0.030506 0.056579
0 0.337054 0.053947 0.028274 0.047368
0 0.097098 0.052303 0.028274 0.053289