0 0.189360 0.150987 0.036458 0.074342
0 0.148065 0.313487 0.050595 0.096711
0 0.043713 0.542434 0.030878 0.078289
0 0.193638 0.581908 0.050223 0.082237
0 0.335938 0.498355 0.035714 0.074342
0 0.354725 0.502632 0.057664 0.088158
0 0.442708 0.690789 0.036458 0.100000
0 0.444196 0.814803 0.049851 0.134868
0 0.412574 0.935526 0.053571 0.068421
0 0.515253 0.647697 0.036458 0.095395
0 0.617001 0.459211 0.046503 0.084211
0 0.774554 0.450000 0.069940 0.102632
0 0.761161 0.601316 0.053571 0.063158
0 0.934152 0.213158 0.052083 0.100000
0 0.520089 0.102632 0.049851 0.064474
0 0.479725 0.112829 0.056176 0.070395