0 0.423363 0.391118 0.065476 0.101974
0 0.517857 0.348026 0.049851 0.057895
0 0.549665 0.311842 0.057664 0.060526
0 0.511347 0.287829 0.046503 0.078289
0 0.492188 0.260526 0.054315 0.057895
0 0.577753 0.266776 0.085565 0.070395
0 0.606957 0.168092 0.040551 0.082237
0 0.687314 0.234211 0.064360 0.084211
0 0.340030 0.726974 0.046131 0.085526
0 0.096912 0.790461 0.042783 0.040132
0 0.040179 0.969737 0.055804 0.060526
0 0.279948 0.394079 0.056176 0.075000
0 0.323475 0.381250 0.079985 0.046711
0 0.341332 0.455263 0.059896 0.094737
0 0.692894 0.968092 0.100074 0.063816
0 0.815662 0.934868 0.060640 0.057895
0 0.953497 0.698026 0.038690 0.068421
0 0.974702 0.582895 0.046131 0.089474
0 0.966146 0.455592 0.031994 0.126974
0 0.984189 0.348026 0.022693 0.067105
0 0.901414 0.230921 0.052083 0.094737
0 0.839658 0.087171 0.048363 0.065132
0 0.383557 0.067763 0.047619 0.060526