0 0.196429 0.551645 0.034226 0.067763
0 0.130766 0.660526 0.057664 0.077632
0 0.075707 0.925000 0.046503 0.071053
0 0.064546 0.306250 0.052455 0.078289
0 0.301339 0.322697 0.049851 0.084868
0 0.346726 0.158882 0.052083 0.099342
0 0.348772 0.603289 0.045759 0.105263
0 0.493862 0.499013 0.044271 0.074342
0 0.511719 0.508553 0.038318 0.105263
0 0.602307 0.716447 0.068452 0.110526
0 0.610863 0.828289 0.048363 0.092105
0 0.577567 0.958553 0.077753 0.082895
0 0.671689 0.648355 0.042783 0.046711
0 0.768973 0.471053 0.049851 0.081579
0 0.921875 0.602632 0.048363 0.094737
0 0.937872 0.464803 0.053571 0.078289
0 0.639695 0.137500 0.050223 0.071053
0 0.672061 0.121711 0.059896 0.121053
0 0.855469 0.022039 0.042783 0.044079
0 0.036086 0.027303 0.032738 0.054605
0 0.019903 0.056250 0.039807 0.046711