0 0.700893 0.976316 0.031994 0.047368
0 0.808222 0.974342 0.028646 0.050000
0 0.511905 0.872039 0.029762 0.053289
0 0.679129 0.806250 0.033854 0.053289
0 0.989025 0.769737 0.021949 0.050000
0 0.858445 0.728618 0.026414 0.046711
0 0.553199 0.681579 0.029762 0.052632
0 0.950707 0.485526 0.030134 0.053947
0 0.595424 0.411184 0.030878 0.047368
0 0.351376 0.404934 0.030878 0.053289
0 0.051339 0.394737 0.029762 0.052632
0 0.955171 0.267434 0.032366 0.053289
0 0.334077 0.242763 0.026786 0.047368
0 0.603051 0.242105 0.030506 0.052632
0 0.724888 0.240789 0.027902 0.057895
0 0.203497 0.206908 0.031994 0.049342
0 0.748698 0.193750 0.028646 0.053289
0 0.358259 0.179605 0.029762 0.052632
0 0.063988 0.177303 0.032738 0.050658
0 0.937314 0.028289 0.033854 0.056579
0 0.276786 0.323355 0.066220 0.105921