0 0.424107 0.333882 0.049851 0.067763
0 0.428385 0.396053 0.039807 0.081579
0 0.404762 0.533553 0.055804 0.117105
0 0.255394 0.602632 0.060640 0.094737
0 0.297433 0.360197 0.060640 0.117763
0 0.391741 0.104605 0.032738 0.060526
0 0.183966 0.358553 0.063616 0.088158
0 0.553757 0.823026 0.052455 0.085526
0 0.836868 0.952961 0.059896 0.094079
0 0.723028 0.519079 0.042783 0.094737
0 0.824777 0.442763 0.041667 0.063158
0 0.873512 0.283882 0.049851 0.109868
0 0.759673 0.073026 0.053571 0.052632
0 0.107329 0.067763 0.050223 0.092105
0 0.023251 0.315132 0.046503 0.119737
0 0.056176 0.439474 0.053571 0.088158
0 0.024926 0.549671 0.046131 0.113816
0 0.029948 0.939474 0.059896 0.121053