0 0.136347 0.930592 0.033110 0.054605
0 0.109561 0.884211 0.027902 0.055263
0 0.708519 0.858553 0.030878 0.052632
0 0.927083 0.828947 0.031250 0.059211
0 0.832403 0.824342 0.039807 0.068421
0 0.643229 0.639145 0.043899 0.078289
0 0.619606 0.600000 0.040551 0.073684
0 0.198289 0.565461 0.033482 0.055921
0 0.587984 0.552961 0.038318 0.070395
0 0.119420 0.501974 0.025298 0.048684
0 0.183966 0.476645 0.031622 0.051974
0 0.753720 0.421711 0.036458 0.067105
0 0.448103 0.289145 0.043527 0.078289
0 0.637649 0.242763 0.032738 0.057895
0 0.360119 0.220066 0.033482 0.058553
0 0.190290 0.206250 0.034598 0.065132
0 0.696801 0.191118 0.036458 0.055921
0 0.476562 0.189145 0.042411 0.076974
0 0.179315 0.135855 0.031250 0.051974
0 0.670201 0.128289 0.036830 0.061842
0 0.548177 0.121053 0.035342 0.061842
0 0.517299 0.085526 0.034598 0.057895
0 0.472656 0.078289 0.038318 0.068421
0 0.228051 0.083224 0.049107 0.083553
0 0.427455 0.975329 0.060268 0.049342
0 0.524554 0.970395 0.056548 0.059211