0 0.360491 0.529605 0.049851 0.088158
0 0.312872 0.581250 0.050595 0.075658
0 0.326637 0.651974 0.054315 0.081579
0 0.321243 0.915461 0.044271 0.105921
0 0.256882 0.940461 0.042783 0.067763
0 0.495164 0.666118 0.066220 0.099342
0 0.591332 0.736184 0.052455 0.088158
0 0.654576 0.525000 0.059896 0.085526
0 0.673363 0.401645 0.066220 0.067763
0 0.694940 0.565789 0.084077 0.089474
0 0.610491 0.528618 0.047619 0.078289
0 0.808222 0.572039 0.042783 0.070395
0 0.836496 0.640789 0.042783 0.071053
0 0.781622 0.683882 0.047619 0.065132
0 0.891369 0.866118 0.050595 0.070395
0 0.970424 0.348026 0.059152 0.085526
0 0.566034 0.040132 0.056176 0.057895
0 0.376860 0.359868 0.053571 0.064474
0 0.305246 0.369079 0.046503 0.057895
0 0.280692 0.406908 0.058408 0.078289
0 0.129836 0.133882 0.066220 0.042763
0 0.023996 0.742763 0.047991 0.089474
0 0.019345 0.709539 0.038690 0.078289