0 0.511719 0.393421 0.056176 0.102632
0 0.605283 0.518421 0.035714 0.110526
0 0.613467 0.775000 0.048363 0.117105
0 0.659598 0.914145 0.048363 0.078289
0 0.781622 0.841447 0.052083 0.081579
0 0.912946 0.712500 0.032738 0.060526
0 0.947917 0.677632 0.036458 0.067105
0 0.955543 0.284539 0.056176 0.084868
0 0.979911 0.174013 0.040179 0.049342
0 0.939918 0.052961 0.039807 0.105921
0 0.813616 0.072368 0.062500 0.089474
0 0.548177 0.088158 0.052455 0.057895
0 0.462984 0.137500 0.056176 0.071053
0 0.389137 0.046053 0.054315 0.092105
0 0.292411 0.589145 0.056548 0.109868
0 0.242374 0.746711 0.056176 0.081579