0 0.243676 0.167763 0.047619 0.092105
0 0.204055 0.341118 0.047991 0.067763
0 0.106399 0.565132 0.053571 0.100000
0 0.038132 0.667763 0.054688 0.085526
0 0.255394 0.589803 0.042783 0.063816
0 0.385975 0.510855 0.059896 0.080921
0 0.415551 0.516776 0.069940 0.074342
0 0.505766 0.715132 0.054688 0.088158
0 0.508929 0.823684 0.034226 0.100000
0 0.477493 0.953947 0.047991 0.092105
0 0.569010 0.650000 0.046503 0.088158
0 0.667597 0.478947 0.038318 0.064474
0 0.836310 0.459539 0.046131 0.071711
0 0.821987 0.615461 0.045759 0.075658
0 0.981027 0.226645 0.037946 0.084868
0 0.754650 0.032237 0.058408 0.064474
0 0.578125 0.127632 0.058036 0.071053
0 0.540179 0.129934 0.036458 0.070395