0 0.110863 0.255263 0.049851 0.088158
0 0.065476 0.418750 0.036458 0.095395
0 0.122582 0.681908 0.071801 0.099342
0 0.250930 0.592763 0.021949 0.089474
0 0.273065 0.617434 0.054315 0.105921
0 0.367932 0.797039 0.028274 0.065132
0 0.368676 0.914145 0.040179 0.070395
0 0.433780 0.738487 0.054315 0.112500
0 0.532180 0.571382 0.066592 0.099342
0 0.698847 0.542105 0.027902 0.063158
0 0.852121 0.316447 0.042039 0.088158
0 0.936570 0.284539 0.072545 0.075658
0 0.682478 0.696382 0.046503 0.070395
0 0.618490 0.117763 0.057664 0.113158
0 0.397879 0.225000 0.072545 0.067105
0 0.435640 0.224671 0.034226 0.078289