0 0.272693 0.936842 0.035714 0.063158
0 0.020647 0.927303 0.030878 0.049342
0 0.726562 0.922039 0.023810 0.046711
0 0.100260 0.840789 0.026414 0.046053
0 0.564174 0.825329 0.026414 0.042763
0 0.288504 0.811842 0.044271 0.077632
0 0.028646 0.767434 0.028274 0.042763
0 0.466890 0.753289 0.029762 0.052632
0 0.179501 0.746711 0.030134 0.057895
0 0.296875 0.712171 0.029762 0.044079
0 0.727121 0.705592 0.036086 0.059868
0 0.171689 0.678947 0.027902 0.047368
0 0.911086 0.509211 0.030506 0.053947
0 0.989025 0.452632 0.021949 0.046053
0 0.313244 0.383882 0.026042 0.044079
0 0.666667 0.355592 0.028274 0.046711
0 0.480655 0.343092 0.026786 0.049342
0 0.359003 0.293750 0.029762 0.046711
0 0.714286 0.285855 0.026786 0.044079
0 0.687686 0.258882 0.024926 0.044079
0 0.476935 0.189803 0.042411 0.070395
0 0.436570 0.067105 0.036086 0.050000
0 0.819010 0.052961 0.026414 0.049342
0 0.618118 0.054276 0.042039 0.067763
0 0.204427 0.193421 0.046503 0.068421
0 0.126116 0.594079 0.083333 0.109211