0 0.422247 0.165789 0.040179 0.067105
0 0.581659 0.114145 0.072545 0.109868
0 0.721168 0.389145 0.058408 0.107237
0 0.789993 0.643092 0.065848 0.105921
0 0.828497 0.630921 0.050595 0.089474
0 0.892299 0.102961 0.060640 0.124342
0 0.502232 0.675987 0.066220 0.134868
0 0.455357 0.847039 0.090030 0.126974
0 0.227307 0.816776 0.055804 0.092763
0 0.141369 0.920066 0.083333 0.128289
0 0.055432 0.976974 0.046131 0.046053
0 0.025484 0.674013 0.046503 0.165132
0 0.154948 0.549671 0.026414 0.065132
0 0.190848 0.507237 0.044643 0.047368
0 0.188802 0.119079 0.038318 0.057895
0 0.208519 0.024671 0.044271 0.049342
0 0.983073 0.027303 0.028646 0.044079
0 0.927455 0.981908 0.026042 0.036184