0 0.160528 0.954276 0.030878 0.054605
0 0.628534 0.919079 0.027902 0.042105
0 0.012649 0.816447 0.024554 0.046053
0 0.195126 0.807566 0.030878 0.049342
0 0.252976 0.735526 0.028274 0.050000
0 0.627418 0.668092 0.027902 0.044079
0 0.167969 0.650000 0.032366 0.046053
0 0.073661 0.619079 0.026786 0.050000
0 0.559710 0.599671 0.030878 0.057237
0 0.713356 0.600329 0.038318 0.067763
0 0.601749 0.589803 0.028646 0.049342
0 0.828125 0.527961 0.026786 0.049342
0 0.792411 0.507237 0.026786 0.043421
0 0.861793 0.479934 0.034598 0.053289
0 0.780134 0.474013 0.035714 0.059868
0 0.981399 0.433224 0.037202 0.071711
0 0.896763 0.374013 0.028646 0.050658
0 0.104353 0.295066 0.024182 0.050658
0 0.673735 0.275987 0.032738 0.054605
0 0.138765 0.269079 0.035714 0.056579
0 0.785342 0.155921 0.029762 0.052632
0 0.424293 0.595395 0.044271 0.071053
0 0.809338 0.560855 0.024926 0.065132