0 0.549107 0.701645 0.034226 0.080921
0 0.561198 0.906579 0.042783 0.098684
0 0.505022 0.968092 0.057664 0.063816
0 0.393043 0.918421 0.054688 0.084211
0 0.334449 0.892105 0.053571 0.063158
0 0.382999 0.788487 0.042783 0.096711
0 0.318266 0.736842 0.056176 0.077632
0 0.319568 0.400987 0.060268 0.096711
0 0.379464 0.083224 0.049851 0.109868
0 0.324777 0.047697 0.063988 0.095395
0 0.498140 0.225987 0.063988 0.082237
0 0.566964 0.504276 0.042411 0.065132
0 0.813988 0.713487 0.066220 0.117763
0 0.191778 0.575658 0.046503 0.035526
0 0.184152 0.538487 0.046131 0.046711