0 0.679688 0.308553 0.053571 0.081579
0 0.717262 0.247697 0.046131 0.099342
0 0.749628 0.118750 0.062500 0.105921
0 0.941964 0.307895 0.055804 0.068421
0 0.865513 0.501316 0.072545 0.088158
0 0.808408 0.047368 0.055804 0.089474
0 0.558594 0.108553 0.039807 0.073684
0 0.515439 0.234868 0.052455 0.094737
0 0.439918 0.300000 0.040551 0.094737
0 0.320685 0.229605 0.032738 0.057895
0 0.244048 0.255921 0.032738 0.057895
0 0.202009 0.324671 0.031994 0.054605
0 0.333333 0.636513 0.034226 0.067763
0 0.351935 0.929934 0.026042 0.038816
0 0.419457 0.979605 0.046503 0.040789
0 0.574591 0.652632 0.036830 0.064474
0 0.649926 0.825658 0.068452 0.094737
0 0.662388 0.976974 0.075521 0.046053
0 0.143787 0.804605 0.039807 0.098684
0 0.082589 0.795395 0.046131 0.084211
0 0.172433 0.565132 0.052455 0.092105
0 0.088170 0.136184 0.048363 0.089474