0 0.375930 0.427961 0.083705 0.109868
0 0.439732 0.637171 0.032738 0.059868
0 0.466146 0.655592 0.035714 0.070395
0 0.419085 0.732566 0.053943 0.080921
0 0.230097 0.716118 0.062128 0.074342
0 0.110119 0.662500 0.044643 0.068421
0 0.066964 0.749013 0.036458 0.065132
0 0.570499 0.453947 0.042039 0.063158
0 0.564732 0.408882 0.032738 0.053289
0 0.658854 0.870395 0.046131 0.100000
0 0.740513 0.811842 0.040551 0.067105
0 0.810268 0.092434 0.049851 0.099342
0 0.481027 0.129276 0.049851 0.040132
0 0.393043 0.130263 0.028646 0.057895
0 0.263579 0.163816 0.036830 0.060526
0 0.081845 0.291776 0.037946 0.075658