0 0.418341 0.430263 0.047991 0.098684
0 0.424665 0.545395 0.045759 0.100000
0 0.391927 0.683224 0.036086 0.095395
0 0.418155 0.868092 0.053571 0.103289
0 0.552827 0.967763 0.052083 0.056579
0 0.593192 0.836513 0.045759 0.101974
0 0.632812 0.828289 0.047619 0.088158
0 0.491815 0.355592 0.055804 0.105921
0 0.582961 0.202632 0.032738 0.071053
0 0.738095 0.322039 0.030506 0.070395
0 0.750372 0.194737 0.049851 0.119737
0 0.332031 0.230921 0.045759 0.113158
0 0.309152 0.224342 0.034226 0.110526
0 0.178943 0.325329 0.056548 0.071711
0 0.024926 0.282237 0.049851 0.088158
0 0.121652 0.059211 0.032738 0.115789
0 0.239211 0.948355 0.042411 0.082237