0 0.925781 0.958553 0.031622 0.057895
0 0.831473 0.953947 0.038690 0.068421
0 0.642113 0.768750 0.042411 0.076974
0 0.618676 0.729934 0.041667 0.071711
0 0.197359 0.694079 0.033110 0.057895
0 0.586868 0.682566 0.038318 0.070395
0 0.118304 0.630592 0.025298 0.048026
0 0.182850 0.605921 0.031622 0.051316
0 0.752976 0.551645 0.036458 0.065132
0 0.446987 0.418092 0.033110 0.058553
0 0.636719 0.372039 0.033110 0.058553
0 0.358817 0.348026 0.034598 0.059211
0 0.188430 0.333882 0.034598 0.065132
0 0.695871 0.319737 0.036830 0.057895
0 0.177641 0.263158 0.031622 0.052632
0 0.669085 0.256250 0.047991 0.083553
0 0.547061 0.249671 0.036830 0.062500
0 0.516183 0.214145 0.034598 0.058553
0 0.225260 0.210855 0.038318 0.055921
0 0.146577 0.097039 0.029762 0.051974
0 0.519717 0.096053 0.034970 0.057895
0 0.167597 0.059539 0.033110 0.055921
0 0.232701 0.043750 0.035342 0.061184
0 0.835193 0.030921 0.037946 0.061842
0 0.706473 0.971382 0.047619 0.057237
0 0.873512 0.027961 0.047619 0.055921