0 0.439174 0.951316 0.030878 0.053947
0 0.546875 0.945066 0.029762 0.050658
0 0.979725 0.934868 0.030134 0.050000
0 0.251488 0.844079 0.026786 0.050000
0 0.749256 0.793421 0.026786 0.053947
0 0.417039 0.777303 0.032738 0.053289
0 0.731957 0.738816 0.030134 0.053947
0 0.596726 0.698355 0.026786 0.049342
0 0.291667 0.653947 0.026786 0.050000
0 0.433780 0.538816 0.031994 0.071053
0 0.689732 0.453289 0.031994 0.056579
0 0.333333 0.384539 0.029762 0.046711
0 0.092448 0.381250 0.027902 0.049342
0 0.025856 0.301316 0.051711 0.088158
0 0.694382 0.234539 0.033854 0.054605
0 0.340960 0.215461 0.028646 0.050658
0 0.099702 0.157895 0.026786 0.052632
0 0.777530 0.025329 0.029762 0.050658
0 0.460751 0.212500 0.038318 0.071053
0 0.485677 0.167763 0.026414 0.056579