0 0.219308 0.565789 0.056176 0.094737
0 0.290365 0.772039 0.036086 0.067763
0 0.311570 0.810855 0.051711 0.109868
0 0.267299 0.880592 0.030134 0.074342
0 0.422619 0.595066 0.044643 0.046711
0 0.417411 0.549671 0.046131 0.082237
0 0.332403 0.260197 0.042039 0.075658
0 0.247024 0.258882 0.050595 0.080921
0 0.474144 0.070724 0.047991 0.141447
0 0.663318 0.202303 0.031994 0.075658
0 0.853237 0.221711 0.027902 0.068421
0 0.885975 0.281579 0.042783 0.089474
0 0.934710 0.866776 0.040551 0.075658
0 0.903088 0.892105 0.033854 0.063158
0 0.592820 0.958224 0.039807 0.074342
0 0.084077 0.864803 0.048363 0.086184
0 0.050223 0.579934 0.056548 0.071711
0 0.114583 0.286513 0.066220 0.078289
0 0.067522 0.088816 0.042783 0.092105
0 0.031808 0.053289 0.042039 0.106579