0 0.290737 0.202961 0.044271 0.074342
0 0.340774 0.345066 0.055804 0.130921
0 0.456659 0.280263 0.047991 0.098684
0 0.496280 0.546711 0.044643 0.100000
0 0.584635 0.669737 0.056176 0.092105
0 0.497024 0.746053 0.056548 0.075000
0 0.252790 0.661513 0.050223 0.105921
0 0.211310 0.738816 0.048363 0.088158
0 0.207589 0.911184 0.069940 0.123684
0 0.738095 0.775000 0.066220 0.089474
0 0.810454 0.663487 0.064360 0.099342
0 0.962612 0.684539 0.042783 0.080921
0 0.899740 0.403947 0.059896 0.127632
0 0.946243 0.247039 0.054688 0.074342
0 0.675223 0.399013 0.049851 0.088816
0 0.605841 0.500000 0.057664 0.092105
0 0.600632 0.152303 0.040551 0.070395
0 0.632254 0.104276 0.059896 0.070395
0 0.151042 0.378947 0.049851 0.117105