0 0.803013 0.950658 0.034598 0.067105
0 0.503906 0.934539 0.032366 0.059868
0 0.052641 0.819079 0.034598 0.057895
0 0.079427 0.798026 0.030134 0.056579
0 0.936384 0.645724 0.034226 0.057237
0 0.616629 0.616447 0.033854 0.064474
0 0.183036 0.585197 0.036458 0.057237
0 0.109003 0.562171 0.030506 0.054605
0 0.806920 0.539474 0.030506 0.057895
0 0.975818 0.511842 0.030506 0.052632
0 0.779576 0.350658 0.033854 0.056579
0 0.280506 0.316447 0.031994 0.063158
0 0.812872 0.220066 0.032738 0.053289
0 0.807850 0.106250 0.032366 0.054605
0 0.334635 0.056908 0.040551 0.054605
0 0.877046 0.042763 0.030878 0.056579
0 0.108259 0.043092 0.035714 0.065132