0 0.439546 0.538158 0.046503 0.088158
0 0.432664 0.466118 0.048363 0.082237
0 0.390811 0.379276 0.057664 0.088816
0 0.208147 0.274671 0.060640 0.071711
0 0.112165 0.691776 0.027902 0.084868
0 0.105469 0.754605 0.026414 0.060526
0 0.124070 0.779276 0.036086 0.053289
0 0.117374 0.825987 0.030878 0.040132
0 0.275298 0.712829 0.053571 0.063816
0 0.286830 0.550987 0.049851 0.074342
0 0.200335 0.557237 0.039807 0.053947
0 0.361793 0.628618 0.042039 0.082237
0 0.536086 0.716118 0.047619 0.074342
0 0.544643 0.601316 0.073661 0.089474
0 0.552641 0.506250 0.053943 0.075658
0 0.728051 0.550329 0.052083 0.075658
0 0.574591 0.171382 0.064360 0.084868
0 0.616071 0.095395 0.056548 0.089474
0 0.742932 0.148684 0.066220 0.081579
0 0.927455 0.152303 0.061756 0.078289
0 0.946801 0.066118 0.053571 0.078289
0 0.967448 0.098026 0.056176 0.085526
0 0.982887 0.500987 0.031994 0.080921
0 0.830915 0.621711 0.076265 0.096053
0 0.869978 0.886184 0.047991 0.088158
0 0.834449 0.939145 0.052083 0.080921
0 0.048549 0.516447 0.036830 0.085526