0 0.473214 0.345066 0.034226 0.071711
0 0.463170 0.257895 0.053571 0.085526
0 0.389509 0.280263 0.032738 0.063158
0 0.856771 0.339803 0.049851 0.067763
0 0.892857 0.394737 0.034226 0.098684
0 0.922247 0.424013 0.041667 0.105921
0 0.979911 0.646382 0.040179 0.080921
0 0.800409 0.767763 0.053943 0.089474
0 0.709263 0.766776 0.063616 0.075658
0 0.404204 0.707895 0.046503 0.075000
0 0.377790 0.668421 0.042039 0.084211
0 0.313616 0.808224 0.046131 0.070395
0 0.205357 0.378289 0.047619 0.088158
0 0.121652 0.207237 0.032738 0.060526
0 0.108445 0.240132 0.036830 0.068421
0 0.142671 0.078947 0.058408 0.064474
0 0.149740 0.052632 0.042783 0.057895
0 0.634859 0.021053 0.056176 0.042105
0 0.732701 0.081579 0.077753 0.096053
0 0.917411 0.039145 0.036458 0.070395
0 0.153646 0.894408 0.028274 0.065132
0 0.172061 0.919408 0.056176 0.053289
0 0.157366 0.917105 0.036458 0.064474
0 0.090960 0.870395 0.048735 0.056579