0 0.353981 0.393421 0.059896 0.077632
0 0.439546 0.509211 0.046503 0.117105
0 0.453311 0.762500 0.042783 0.085526
0 0.496652 0.907566 0.050595 0.105921
0 0.627232 0.842105 0.087798 0.096053
0 0.753534 0.705921 0.054688 0.081579
0 0.784412 0.661513 0.050223 0.105921
0 0.833147 0.955263 0.056176 0.089474
0 0.795201 0.259211 0.044271 0.081579
0 0.820312 0.152303 0.048363 0.059868
0 0.781994 0.040461 0.066220 0.080921
0 0.956659 0.081908 0.046503 0.105921
0 0.658482 0.052961 0.041667 0.105921
0 0.381696 0.076645 0.068452 0.063816
0 0.299293 0.129605 0.040551 0.084211
0 0.234933 0.040461 0.093378 0.080921
0 0.192150 0.187500 0.056176 0.123684
0 0.133371 0.604605 0.054688 0.123684
0 0.077009 0.753289 0.058036 0.092105
0 0.300409 0.949013 0.044271 0.095395
0 0.693080 0.731908 0.050595 0.105921
0 0.762277 0.365789 0.049851 0.092105