0 0.099702 0.606908 0.049851 0.075658
0 0.054315 0.669079 0.036458 0.077632
0 0.063430 0.738816 0.038318 0.064474
0 0.235305 0.750987 0.056176 0.112500
0 0.312872 0.824013 0.068452 0.109868
0 0.339100 0.608882 0.045759 0.082237
0 0.396391 0.611842 0.057664 0.068421
0 0.411272 0.640461 0.042783 0.075658
0 0.498140 0.775658 0.066220 0.110526
0 0.539807 0.659868 0.046131 0.092105
0 0.564546 0.725329 0.051711 0.075658
0 0.632068 0.942434 0.083333 0.115132
0 0.938244 0.567763 0.078125 0.119737
0 0.704055 0.411842 0.066592 0.094737
0 0.747210 0.412500 0.064360 0.119737
0 0.778832 0.274013 0.076265 0.109868
0 0.874442 0.174342 0.044271 0.089474
0 0.918155 0.154276 0.049851 0.080921
0 0.978795 0.214474 0.042411 0.088158
0 0.710938 0.032237 0.046131 0.060526
0 0.293527 0.128289 0.053571 0.084211
0 0.088728 0.054934 0.059896 0.109868
0 0.103051 0.451316 0.047619 0.121053
0 0.042597 0.456250 0.045759 0.059868
0 0.023438 0.490132 0.046131 0.056579
0 0.393415 0.494408 0.058408 0.082237