0 0.870350 0.975329 0.030878 0.049342
0 0.239025 0.825000 0.030134 0.052632
0 0.593192 0.814803 0.034598 0.054605
0 0.566220 0.788816 0.032738 0.053947
0 0.314732 0.596382 0.036458 0.054605
0 0.699405 0.576974 0.028274 0.050000
0 0.496280 0.579276 0.043899 0.071711
0 0.209635 0.449671 0.036086 0.063816
0 0.393043 0.320395 0.026414 0.043421
0 0.612909 0.289145 0.028646 0.049342
0 0.748698 0.093421 0.047991 0.068421
0 0.276042 0.053618 0.038690 0.092763
0 0.724516 0.027303 0.039807 0.054605
0 0.523438 0.293421 0.065476 0.092105
0 0.329241 0.108224 0.031994 0.046711
0 0.308408 0.069079 0.038690 0.052632
0 0.118490 0.456250 0.047991 0.082237
0 0.081101 0.712829 0.032738 0.088816
0 0.190476 0.913487 0.037946 0.057237
0 0.356399 0.871053 0.054315 0.067105
0 0.544271 0.881579 0.052083 0.088158
0 0.705171 0.625329 0.040551 0.071711
0 0.943824 0.243421 0.056548 0.089474