0 0.863281 0.971053 0.040551 0.057895
0 0.556548 0.914145 0.049107 0.094079
0 0.388393 0.810855 0.055060 0.076974
0 0.140811 0.491776 0.043527 0.087500
0 0.646205 0.200987 0.051339 0.087500
0 0.474702 0.189145 0.055060 0.078289
0 0.590774 0.113816 0.055060 0.097368
0 0.314546 0.101316 0.036830 0.057895
0 0.527902 0.545724 0.054315 0.115132
0 0.812314 0.678947 0.088914 0.138158
0 0.887091 0.881250 0.047247 0.080921
0 0.908668 0.916447 0.042039 0.061842
0 0.837984 0.388487 0.076265 0.132237
0 0.929501 0.384539 0.049479 0.112500
0 0.717634 0.422039 0.088542 0.112500
0 0.204241 0.124013 0.072917 0.083553
0 0.193080 0.044408 0.071429 0.076974
0 0.128348 0.072368 0.055060 0.096053
0 0.110863 0.443421 0.052827 0.089474
0 0.045759 0.596053 0.075893 0.151316
0 0.430246 0.560855 0.088914 0.137500
0 0.678943 0.946711 0.072917 0.106579
0 0.628906 0.159868 0.071057 0.100000