0 0.483073 0.743750 0.042783 0.075658
0 0.560454 0.705592 0.045759 0.067763
0 0.649368 0.701645 0.047991 0.049342
0 0.689546 0.707237 0.046503 0.089474
0 0.834635 0.407566 0.022693 0.049342
0 0.920573 0.376974 0.039807 0.068421
0 0.971540 0.495066 0.042783 0.080921
0 0.653646 0.048355 0.041667 0.084868
0 0.560640 0.090789 0.050595 0.053947
0 0.482701 0.107895 0.046503 0.071053
0 0.225260 0.053618 0.046503 0.042763
0 0.124628 0.120395 0.036458 0.067105
0 0.240327 0.553289 0.052083 0.067105
0 0.066034 0.657566 0.042039 0.067763
0 0.029762 0.674671 0.032738 0.088816
0 0.325149 0.969079 0.049851 0.061842