0 0.526972 0.675658 0.036086 0.060526
0 0.612537 0.599013 0.042783 0.092763
0 0.620350 0.440132 0.024926 0.057895
0 0.523438 0.501974 0.034226 0.057895
0 0.475632 0.220066 0.042783 0.074342
0 0.361421 0.277961 0.038318 0.082237
0 0.315290 0.146053 0.045759 0.067105
0 0.282180 0.601645 0.042039 0.078289
0 0.241257 0.684539 0.030878 0.067763
0 0.234003 0.864145 0.038690 0.080921
0 0.700521 0.954276 0.071429 0.075658
0 0.765253 0.696053 0.050595 0.089474
0 0.828311 0.582237 0.063616 0.088158
0 0.975818 0.616447 0.048363 0.089474
0 0.924665 0.342434 0.039807 0.112500
0 0.970982 0.186513 0.047619 0.101974
0 0.689732 0.329605 0.029762 0.063158
0 0.626116 0.075987 0.026042 0.061184
0 0.659784 0.035197 0.038318 0.070395