0 0.286458 0.395724 0.048363 0.105921
0 0.297619 0.652632 0.040179 0.110526
0 0.336310 0.788158 0.049851 0.119737
0 0.459821 0.729605 0.055804 0.117105
0 0.603237 0.594079 0.039807 0.098684
0 0.639137 0.546053 0.049851 0.134211
0 0.670201 0.858882 0.042783 0.105921
0 0.603609 0.959539 0.042783 0.080921
0 0.906064 0.872039 0.042783 0.082237
0 0.949963 0.702961 0.042783 0.095395
0 0.202567 0.279276 0.056176 0.105921
0 0.154948 0.058224 0.048735 0.116447
0 0.032180 0.063158 0.030134 0.088158
0 0.151414 0.837829 0.053571 0.109868
0 0.878348 0.209539 0.031994 0.112500
0 0.634115 0.137500 0.045759 0.081579
0 0.670945 0.054605 0.056176 0.109211