0 0.230469 0.523355 0.065848 0.112500
0 0.237165 0.749671 0.039807 0.107237
0 0.278274 0.900987 0.066220 0.080921
0 0.398065 0.829934 0.069940 0.112500
0 0.542597 0.698026 0.034598 0.078947
0 0.577567 0.663487 0.059896 0.099342
0 0.616071 0.963487 0.062500 0.073026
0 0.839472 0.963487 0.056176 0.073026
0 0.897879 0.813816 0.042783 0.052632
0 0.824405 0.320066 0.048363 0.075658
0 0.957961 0.260855 0.037946 0.074342
0 0.977121 0.120066 0.045759 0.078289
0 0.982143 0.059211 0.034226 0.060526
0 0.865141 0.082566 0.060640 0.112500
0 0.750186 0.069079 0.078497 0.088158
0 0.621652 0.138487 0.083333 0.078289
0 0.581659 0.236513 0.072545 0.138816
0 0.571801 0.049671 0.058036 0.099342
0 0.444940 0.046053 0.049851 0.064474
0 0.180432 0.074671 0.072173 0.070395
0 0.097098 0.122697 0.086310 0.046711
0 0.140439 0.391118 0.039807 0.128289
0 0.087798 0.940789 0.062500 0.118421
0 0.547805 0.350987 0.074033 0.126974
0 0.489397 0.712829 0.065848 0.130921