0 0.018973 0.665461 0.036458 0.059868
0 0.052641 0.724342 0.059896 0.094737
0 0.094680 0.799671 0.045759 0.082237
0 0.240885 0.690132 0.058408 0.085526
0 0.103795 0.525329 0.049851 0.082237
0 0.136533 0.503618 0.047619 0.095395
0 0.186198 0.489803 0.039807 0.075658
0 0.201637 0.394737 0.046131 0.067105
0 0.398624 0.539803 0.042039 0.082237
0 0.633743 0.818092 0.052455 0.092763
0 0.787388 0.842763 0.059896 0.081579
0 0.919457 0.741776 0.058408 0.065132
0 0.981957 0.760197 0.036086 0.054605
0 0.849888 0.431579 0.042783 0.089474
0 0.764881 0.373355 0.052083 0.075658
0 0.783296 0.315132 0.039807 0.096053
0 0.814918 0.262171 0.040551 0.075658
0 0.934338 0.082237 0.039807 0.094737
0 0.479353 0.098684 0.072545 0.088158
0 0.227493 0.093750 0.042039 0.084868
0 0.310268 0.047697 0.053571 0.095395
0 0.062128 0.084539 0.036458 0.065132
0 0.065662 0.199671 0.038318 0.075658
0 0.061384 0.141118 0.047619 0.070395
0 0.076451 0.152961 0.039807 0.044079
0 0.234747 0.957566 0.047619 0.080921