0 0.081659 0.893092 0.039807 0.063816
0 0.699963 0.877961 0.045759 0.091447
0 0.018043 0.825987 0.036086 0.074342
0 0.059710 0.816118 0.047991 0.065132
0 0.931362 0.689803 0.034598 0.071711
0 0.345238 0.597039 0.036458 0.067763
0 0.867746 0.514145 0.030134 0.061184
0 0.762277 0.394737 0.028274 0.063158
0 0.013021 0.233224 0.026042 0.078289
0 0.321057 0.193421 0.035714 0.064474
0 0.834449 0.139145 0.042411 0.084868
0 0.063058 0.050000 0.028646 0.063158
0 0.294643 0.049013 0.037946 0.074342
0 0.440290 0.649342 0.046503 0.098684
0 0.315848 0.704605 0.055804 0.085526
0 0.280692 0.748355 0.030134 0.053289
0 0.257999 0.781250 0.039807 0.050658
0 0.246838 0.732566 0.030878 0.032237
0 0.227493 0.702961 0.039807 0.071711
0 0.166109 0.819737 0.066592 0.052632
0 0.123326 0.501316 0.042783 0.084211
0 0.274368 0.189803 0.042783 0.103289
0 0.241815 0.392434 0.034226 0.070395
0 0.220424 0.120724 0.033854 0.099342
0 0.641555 0.640461 0.042039 0.071711
0 0.755208 0.759539 0.047619 0.099342
0 0.720424 0.776316 0.042783 0.057895
0 0.785342 0.498026 0.035714 0.098684
0 0.909412 0.080921 0.039807 0.046053
0 0.098586 0.056908 0.017857 0.044079
0 0.125000 0.049671 0.032738 0.044079
0 0.264695 0.028947 0.038318 0.057895