0 0.280134 0.875987 0.036458 0.074342
0 0.508929 0.819408 0.044643 0.078289
0 0.896391 0.777961 0.038318 0.070395
0 0.579241 0.669079 0.043899 0.081579
0 0.400484 0.378289 0.045759 0.084211
0 0.670387 0.351645 0.049851 0.078289
0 0.589844 0.284211 0.039807 0.067105
0 0.656250 0.261513 0.049851 0.075658
0 0.476749 0.189474 0.042039 0.073684
0 0.632812 0.154934 0.026042 0.044079
0 0.312686 0.100329 0.027902 0.054605
0 0.832961 0.028289 0.047619 0.056579
0 0.345052 0.899671 0.046503 0.044079
0 0.365141 0.913487 0.026414 0.040132
0 0.345052 0.938487 0.026414 0.042763
0 0.606957 0.715461 0.056176 0.071711
0 0.913318 0.081908 0.049851 0.074342
0 0.986421 0.763816 0.027158 0.081579
0 0.339844 0.082237 0.060640 0.063158
0 0.339658 0.047039 0.065476 0.067763
0 0.313616 0.222039 0.037946 0.075658
0 0.296317 0.240789 0.046503 0.067105