0 0.364583 0.979276 0.029762 0.041447
0 0.782552 0.965132 0.040551 0.067105
0 0.340960 0.941118 0.034598 0.059868
0 0.307664 0.909868 0.032738 0.056579
0 0.759487 0.893092 0.033854 0.050658
0 0.471912 0.764474 0.030878 0.056579
0 0.169829 0.633882 0.027902 0.044079
0 0.356213 0.587500 0.028646 0.047368
0 0.416667 0.535526 0.032738 0.047368
0 0.390067 0.470395 0.032366 0.053947
0 0.269903 0.465789 0.032366 0.050000
0 0.238467 0.427303 0.030506 0.046711
0 0.193266 0.424013 0.032366 0.059868
0 0.786830 0.384211 0.034226 0.056579
0 0.243118 0.311513 0.030134 0.046711
0 0.559338 0.227632 0.036830 0.056579
0 0.592448 0.209211 0.030878 0.052632
0 0.881882 0.195395 0.033854 0.056579
0 0.630208 0.082237 0.028274 0.047368
0 0.956845 0.022368 0.026042 0.043421
0 0.830915 0.028289 0.033854 0.056579
0 0.087054 0.556579 0.031994 0.064474