0 0.680060 0.208882 0.047619 0.082237
0 0.715216 0.148684 0.052455 0.089474
0 0.759115 0.062171 0.079985 0.124342
0 0.573289 0.043092 0.079613 0.086184
0 0.510231 0.129934 0.036086 0.105921
0 0.431734 0.199671 0.040551 0.075658
0 0.576265 0.565132 0.049851 0.100000
0 0.646205 0.725329 0.066220 0.107237
0 0.667597 0.896711 0.058408 0.113158
0 0.879650 0.395395 0.076265 0.100000
0 0.948661 0.201316 0.049851 0.094737
0 0.316592 0.133224 0.053571 0.075658
0 0.247210 0.149342 0.036086 0.060526
0 0.201637 0.225000 0.053571 0.063158
0 0.094494 0.056250 0.048363 0.112500
0 0.178199 0.464803 0.069940 0.086184
0 0.147693 0.707895 0.052083 0.123684
0 0.079799 0.682895 0.044271 0.085526
0 0.332031 0.522697 0.063616 0.082237
0 0.354167 0.841447 0.053571 0.113158
0 0.426339 0.891118 0.097470 0.138816