0 0.329799 0.977303 0.028646 0.045395
0 0.617746 0.939803 0.030134 0.054605
0 0.768973 0.813487 0.032738 0.061184
0 0.378720 0.655921 0.035714 0.064474
0 0.102493 0.641118 0.032366 0.057237
0 0.921317 0.631250 0.036086 0.059868
0 0.780134 0.596053 0.036458 0.052632
0 0.382254 0.579276 0.036830 0.065132
0 0.885603 0.529276 0.033854 0.054605
0 0.197545 0.454605 0.035714 0.060526
0 0.512463 0.412829 0.030878 0.050658
0 0.700893 0.319737 0.031994 0.056579
0 0.147879 0.286842 0.034598 0.063158
0 0.272507 0.275987 0.030134 0.053289
0 0.355097 0.269737 0.032366 0.056579
0 0.050037 0.253947 0.030878 0.071053
0 0.520461 0.246053 0.032738 0.052632
0 0.085193 0.228947 0.031994 0.056579
0 0.291667 0.222368 0.040179 0.057895
0 0.982329 0.752303 0.035342 0.103289