0 0.173177 0.262500 0.044271 0.092105
0 0.015997 0.122368 0.031994 0.060526
0 0.074591 0.356250 0.022693 0.075658
0 0.043713 0.488158 0.030878 0.071053
0 0.020089 0.500000 0.040179 0.088158
0 0.230469 0.648026 0.053943 0.089474
0 0.332589 0.456908 0.086310 0.099342
0 0.277158 0.299342 0.036458 0.115789
0 0.208891 0.236184 0.042783 0.094737
0 0.419829 0.224342 0.056176 0.064474
0 0.487909 0.278289 0.042783 0.088158
0 0.401972 0.275329 0.039807 0.065132
0 0.506138 0.596382 0.040551 0.096711
0 0.507068 0.665461 0.068452 0.070395
0 0.638951 0.418092 0.042783 0.082237
0 0.656622 0.262500 0.053571 0.092105
0 0.827939 0.316776 0.052455 0.075658
0 0.906808 0.600329 0.027902 0.078289
0 0.900670 0.826645 0.052083 0.070395
0 0.754278 0.946053 0.039807 0.046053
0 0.458147 0.977632 0.045759 0.044737