0 0.294085 0.485197 0.039807 0.084868
0 0.351562 0.261184 0.049851 0.100000
0 0.122024 0.136842 0.069940 0.159211
0 0.092262 0.279605 0.035714 0.088158
0 0.080915 0.527632 0.060640 0.109211
0 0.093378 0.610197 0.052083 0.137500
0 0.114583 0.724013 0.046131 0.130921
0 0.411458 0.898684 0.049851 0.084211
0 0.508557 0.690789 0.066220 0.092105
0 0.598586 0.582895 0.054315 0.113158
0 0.682850 0.674671 0.042783 0.084868
0 0.701637 0.763816 0.049851 0.126316
0 0.851190 0.763816 0.085565 0.089474
0 0.889509 0.232895 0.083333 0.159211
0 0.739583 0.148026 0.081845 0.092105
0 0.706473 0.209868 0.083333 0.121053
0 0.632068 0.242763 0.047619 0.096053
0 0.644345 0.037829 0.086310 0.075658
0 0.019903 0.975658 0.039807 0.048684