0 0.147693 0.551974 0.059524 0.094737
0 0.156994 0.651974 0.030506 0.094737
0 0.189732 0.740461 0.046131 0.065132
0 0.363095 0.509539 0.053571 0.075658
0 0.489955 0.914145 0.052083 0.070395
0 0.574219 0.702961 0.063616 0.080921
0 0.665365 0.609211 0.058408 0.088158
0 0.745164 0.708553 0.040179 0.113158
0 0.771577 0.789474 0.053571 0.089474
0 0.921503 0.790132 0.036458 0.088158
0 0.422991 0.273026 0.073661 0.089474
0 0.158854 0.293092 0.062500 0.067763
0 0.698847 0.268750 0.045759 0.107237
0 0.782738 0.247697 0.046131 0.063816
0 0.924293 0.034211 0.045759 0.068421
0 0.715588 0.052961 0.065848 0.071711
0 0.959821 0.247368 0.047619 0.123684
0 0.183780 0.140461 0.036458 0.053289
0 0.197731 0.184211 0.060640 0.077632