0 0.248140 0.898684 0.041667 0.067105
0 0.101376 0.617434 0.040551 0.071711
0 0.412202 0.590789 0.044643 0.067105
0 0.851749 0.577303 0.039807 0.061184
0 0.951823 0.535197 0.039807 0.063816
0 0.954055 0.477961 0.039807 0.074342
0 0.121094 0.468750 0.045759 0.067763
0 0.119792 0.419079 0.034226 0.064474
0 0.212984 0.309211 0.051711 0.084211
0 0.979725 0.286513 0.030134 0.049342
0 0.081845 0.184868 0.031994 0.060526
0 0.453683 0.150000 0.028646 0.064474
0 0.330171 0.040789 0.042783 0.068421
0 0.560640 0.358553 0.037946 0.088158
0 0.520089 0.519737 0.047619 0.088158
0 0.766369 0.583553 0.041667 0.088158
0 0.778646 0.634539 0.032738 0.042763
0 0.899554 0.371382 0.032738 0.046711