0 0.180432 0.236184 0.052083 0.089474
0 0.312500 0.155263 0.036458 0.110526
0 0.332031 0.158224 0.030134 0.109868
0 0.418341 0.346711 0.058408 0.121053
0 0.488281 0.296711 0.036830 0.115789
0 0.422619 0.473355 0.080357 0.105921
0 0.385603 0.601974 0.030134 0.110526
0 0.427827 0.789474 0.028274 0.121053
0 0.228423 0.863487 0.044643 0.113816
0 0.555246 0.909539 0.062128 0.107237
0 0.594866 0.769408 0.030506 0.095395
0 0.631324 0.763158 0.034226 0.159211
0 0.768787 0.108553 0.039807 0.096053
0 0.748140 0.256908 0.031994 0.141447
0 0.600260 0.126974 0.039807 0.078947
0 0.034970 0.189803 0.036458 0.116447