0 0.319196 0.123684 0.055804 0.089474
0 0.095610 0.308553 0.036458 0.063158
0 0.271205 0.547697 0.043899 0.075658
0 0.249628 0.597697 0.032738 0.082237
0 0.282738 0.762829 0.034226 0.078289
0 0.295945 0.842105 0.063616 0.084211
0 0.344308 0.709539 0.070312 0.070395
0 0.353795 0.538816 0.054315 0.094737
0 0.478981 0.845724 0.060640 0.095395
0 0.553757 0.922039 0.066592 0.088816
0 0.581287 0.706579 0.053943 0.088158
0 0.638765 0.607895 0.048363 0.089474
0 0.662202 0.757237 0.053571 0.056579
0 0.630952 0.709211 0.040179 0.060526
0 0.780506 0.760197 0.048363 0.082237
0 0.750930 0.862171 0.042783 0.078289
0 0.802641 0.827303 0.058408 0.071711
0 0.945126 0.520066 0.042783 0.082237
0 0.982515 0.494408 0.032738 0.105921
0 0.539807 0.221711 0.053571 0.056579
0 0.952939 0.128947 0.038318 0.057895