0 0.251674 0.337500 0.026414 0.115789
0 0.276042 0.350987 0.037946 0.112500
0 0.354725 0.533553 0.052455 0.117105
0 0.427455 0.466118 0.059524 0.082237
0 0.365513 0.654276 0.036086 0.128289
0 0.338728 0.771382 0.064360 0.096711
0 0.362909 0.958553 0.026414 0.082895
0 0.532924 0.932237 0.044271 0.094737
0 0.572545 0.925000 0.043899 0.094737
0 0.699777 0.281908 0.048363 0.107237
0 0.683222 0.435197 0.044271 0.109868
0 0.852865 0.058224 0.039807 0.099342
0 0.933408 0.032566 0.049851 0.065132
0 0.063988 0.155263 0.032738 0.088158
0 0.123698 0.416776 0.075521 0.124342