0 0.419457 0.388487 0.039807 0.105921
0 0.400298 0.625329 0.054315 0.067763
0 0.365513 0.869079 0.069568 0.078947
0 0.295201 0.846711 0.036086 0.092105
0 0.162388 0.957895 0.060640 0.084211
0 0.228051 0.560855 0.048363 0.113816
0 0.146019 0.502961 0.059896 0.092763
0 0.156808 0.439145 0.056176 0.078289
0 0.184338 0.390461 0.042039 0.075658
0 0.147321 0.132566 0.050595 0.109868
0 0.054315 0.076316 0.069940 0.152632
0 0.303943 0.208224 0.053571 0.107237
0 0.460938 0.317434 0.034226 0.078289
0 0.542411 0.289474 0.034226 0.078947
0 0.558036 0.695724 0.030506 0.084868
0 0.654762 0.366447 0.053571 0.094737
0 0.728051 0.286513 0.038690 0.070395
0 0.782366 0.192105 0.052083 0.088158
0 0.802083 0.713816 0.050595 0.119737
0 0.875744 0.889803 0.049851 0.075658
0 0.893787 0.368092 0.042783 0.112500
0 0.937500 0.321053 0.036458 0.126316
0 0.972470 0.180263 0.052083 0.121053
0 0.931548 0.046053 0.055804 0.092105