0 0.059710 0.982237 0.033854 0.035526
0 0.054501 0.874013 0.036830 0.057237
0 0.763207 0.789803 0.050223 0.071711
0 0.227679 0.721382 0.032738 0.071711
0 0.929315 0.670395 0.055804 0.092105
0 0.375372 0.644079 0.058036 0.084211
0 0.149368 0.449342 0.044271 0.092105
0 0.515997 0.345724 0.050595 0.075658
0 0.866629 0.323026 0.047991 0.078947
0 0.561570 0.255263 0.048735 0.078947
0 0.315104 0.100987 0.036458 0.054605
0 0.638207 0.037171 0.079985 0.074342
0 0.215588 0.897368 0.042039 0.092105
0 0.051339 0.934868 0.040179 0.057895
0 0.070499 0.949671 0.038318 0.046711
0 0.143415 0.749013 0.040551 0.070395
0 0.300781 0.801974 0.056176 0.081579
0 0.381882 0.712171 0.066592 0.096711
0 0.502418 0.671053 0.059896 0.084211
0 0.496280 0.770395 0.052083 0.088158
0 0.468192 0.916118 0.064360 0.107237
0 0.669457 0.722697 0.058408 0.099342
0 0.682478 0.312829 0.072545 0.088816
0 0.399368 0.150658 0.042039 0.064474
0 0.821057 0.039145 0.063988 0.078289
0 0.889881 0.213816 0.048363 0.102632
0 0.920015 0.256579 0.067708 0.060526
0 0.926525 0.888816 0.058408 0.100000
0 0.336496 0.555263 0.062128 0.088158