0 0.616815 0.957895 0.049107 0.084211
0 0.195871 0.923684 0.033110 0.057895
0 0.585007 0.912829 0.038318 0.067763
0 0.116815 0.859539 0.025298 0.048026
0 0.180990 0.835197 0.031622 0.051974
0 0.751116 0.781250 0.036458 0.065132
0 0.444940 0.648355 0.033482 0.061184
0 0.634859 0.601645 0.033110 0.058553
0 0.356771 0.577632 0.045387 0.080263
0 0.186012 0.563487 0.034970 0.067763
0 0.693824 0.549013 0.037946 0.058553
0 0.174851 0.492105 0.032738 0.055263
0 0.667039 0.485855 0.037946 0.065132
0 0.545015 0.478289 0.046131 0.081579
0 0.222842 0.439474 0.038690 0.057895
0 0.514137 0.443092 0.045387 0.078289
0 0.469308 0.435526 0.049479 0.089474
0 0.143415 0.323684 0.031622 0.052632
0 0.517671 0.324671 0.035342 0.058553
0 0.165551 0.283882 0.029018 0.051974
0 0.231213 0.267105 0.031622 0.052632
0 0.833891 0.247368 0.039807 0.067105
0 0.869606 0.231908 0.034598 0.061184
0 0.477121 0.189145 0.042039 0.070395
0 0.904204 0.104276 0.031622 0.054605
0 0.643787 0.980263 0.050967 0.039474