0 0.199219 0.271053 0.045759 0.115789
0 0.191592 0.372697 0.036458 0.078289
0 0.133557 0.386842 0.035714 0.064474
0 0.105469 0.409868 0.039807 0.064474
0 0.033110 0.550329 0.048363 0.099342
0 0.058222 0.603947 0.062128 0.071053
0 0.097842 0.682566 0.048363 0.109868
0 0.241071 0.574013 0.052083 0.107237
0 0.231213 0.840789 0.083705 0.100000
0 0.406250 0.432237 0.053571 0.100000
0 0.638579 0.693750 0.075521 0.113816
0 0.786458 0.726316 0.049851 0.088158
0 0.925037 0.622039 0.042783 0.103289
0 0.986049 0.640789 0.027902 0.085526
0 0.851935 0.312171 0.049851 0.082237
0 0.771205 0.258882 0.056548 0.053289
0 0.780320 0.198026 0.047991 0.094737
0 0.815104 0.154276 0.036458 0.112500
0 0.067336 0.086513 0.030506 0.049342
0 0.071243 0.040461 0.056176 0.078289