0 0.106957 0.056908 0.042039 0.057237
0 0.137277 0.063487 0.052083 0.126974
0 0.204427 0.060197 0.079985 0.120395
0 0.245536 0.199671 0.046131 0.099342
0 0.103609 0.326645 0.039807 0.071711
0 0.028274 0.191776 0.053571 0.109868
0 0.061384 0.259211 0.036458 0.094737
0 0.053013 0.659868 0.063616 0.123684
0 0.644903 0.341118 0.066592 0.116447
0 0.788318 0.371382 0.073661 0.092763
0 0.925037 0.272697 0.042783 0.109868
0 0.750000 0.856250 0.055804 0.113816
0 0.924293 0.790461 0.053943 0.112500
0 0.551711 0.969079 0.063988 0.061842