0 0.973214 0.955592 0.029762 0.053289
0 0.323103 0.920066 0.024926 0.050658
0 0.904390 0.848684 0.035714 0.071053
0 0.034598 0.788158 0.035714 0.057895
0 0.182664 0.716118 0.048363 0.059868
0 0.595424 0.505263 0.036086 0.073684
0 0.622210 0.501645 0.036830 0.063816
0 0.030878 0.476316 0.032738 0.073684
0 0.358445 0.456579 0.034598 0.057895
0 0.013021 0.230592 0.026042 0.070395
0 0.281994 0.172368 0.047619 0.078947
0 0.037016 0.132895 0.032366 0.063158
0 0.511347 0.435526 0.039807 0.085526
0 0.503720 0.357895 0.048363 0.067105
0 0.460007 0.283224 0.042783 0.053289
0 0.648624 0.080263 0.040551 0.042105
0 0.632812 0.400658 0.036458 0.085526
0 0.793899 0.448684 0.048363 0.085526
0 0.882440 0.524671 0.085565 0.080921
0 0.613281 0.620066 0.053943 0.074342
0 0.354539 0.609539 0.034226 0.071711
0 0.436198 0.531250 0.039807 0.074342
0 0.273065 0.472697 0.034226 0.053289
0 0.188616 0.598355 0.049851 0.053289
0 0.206101 0.687500 0.034226 0.057895
0 0.178757 0.654276 0.026414 0.046711
0 0.114397 0.413158 0.027902 0.113158
0 0.813058 0.041118 0.030134 0.075658
0 0.940662 0.790461 0.033854 0.053289
0 0.890997 0.900329 0.054315 0.074342