0 0.351190 0.304934 0.032738 0.074342
0 0.337984 0.234211 0.042039 0.088158
0 0.383743 0.182566 0.042783 0.075658
0 0.300409 0.059539 0.036830 0.080921
0 0.327567 0.026645 0.034598 0.046711
0 0.386161 0.032566 0.068452 0.065132
0 0.676525 0.190132 0.042783 0.089474
0 0.680060 0.072697 0.056548 0.099342
0 0.708519 0.228618 0.038318 0.105921
0 0.831659 0.232237 0.045759 0.094737
0 0.855841 0.325987 0.021949 0.141447
0 0.913132 0.547368 0.060640 0.152632
0 0.749256 0.676645 0.037946 0.105921
0 0.808594 0.743421 0.026414 0.088158
0 0.867374 0.965132 0.027902 0.069737
0 0.354725 0.673026 0.048735 0.094737
0 0.343192 0.569408 0.040551 0.092763
0 0.283668 0.618750 0.062128 0.109868
0 0.092820 0.714803 0.040551 0.137500
0 0.040551 0.406579 0.031994 0.096053
0 0.029390 0.363816 0.036458 0.067105
0 0.268415 0.972368 0.039807 0.055263