0 0.196057 0.957566 0.032738 0.055921
0 0.584449 0.947039 0.037946 0.067763
0 0.116443 0.893750 0.025298 0.048026
0 0.180990 0.869408 0.031622 0.051974
0 0.750558 0.815461 0.035342 0.065132
0 0.444568 0.682237 0.033482 0.059211
0 0.634487 0.635855 0.043527 0.078289
0 0.356213 0.612171 0.044271 0.078289
0 0.185826 0.597039 0.034598 0.067763
0 0.693638 0.582566 0.038318 0.058553
0 0.174479 0.525987 0.032738 0.055921
0 0.666853 0.519408 0.038318 0.065132
0 0.544457 0.513158 0.036830 0.061842
0 0.222470 0.473684 0.038690 0.057895
0 0.513579 0.476645 0.045759 0.078289
0 0.468936 0.468750 0.049479 0.090132
0 0.517299 0.358553 0.035342 0.057895
0 0.143043 0.357237 0.031622 0.052632
0 0.165179 0.317434 0.029018 0.051974
0 0.230655 0.300987 0.032738 0.054605
0 0.833519 0.280921 0.039807 0.067105
0 0.869420 0.265461 0.033482 0.061184
0 0.904204 0.137829 0.031622 0.054605
0 0.616443 0.973355 0.049107 0.053289