0 0.687128 0.527303 0.032738 0.095395
0 0.020647 0.458882 0.040551 0.054605
0 0.387463 0.414474 0.040551 0.081579
0 0.390067 0.359868 0.042783 0.071053
0 0.835193 0.301316 0.038690 0.085526
0 0.265439 0.394408 0.042783 0.074342
0 0.152716 0.379934 0.042783 0.078289
0 0.221726 0.615132 0.081845 0.094737
0 0.358817 0.537171 0.072545 0.105921
0 0.520461 0.844737 0.048363 0.092105
0 0.805432 0.973355 0.054315 0.053289
0 0.795201 0.475987 0.059896 0.096711
0 0.717634 0.087171 0.052083 0.105921
0 0.349516 0.124671 0.050223 0.053289
0 0.069568 0.086513 0.068452 0.044079