0 0.536086 0.571382 0.054315 0.075658
0 0.429315 0.696382 0.053571 0.074342
0 0.554501 0.808882 0.059896 0.107237
0 0.592448 0.381250 0.038318 0.070395
0 0.658854 0.645724 0.053571 0.105921
0 0.778460 0.317763 0.059896 0.092105
0 0.922991 0.474671 0.069940 0.124342
0 0.693638 0.114803 0.077753 0.103289
0 0.459821 0.118421 0.081845 0.106579
0 0.388393 0.064803 0.069940 0.101974
0 0.352865 0.448684 0.076265 0.144737
0 0.265253 0.413158 0.056548 0.117105
0 0.112165 0.447039 0.071801 0.126974
0 0.180060 0.840132 0.053571 0.121053