0 0.975818 0.954605 0.028274 0.056579
0 0.361793 0.722697 0.027902 0.042763
0 0.983631 0.711513 0.026786 0.049342
0 0.294643 0.654605 0.030506 0.053947
0 0.447359 0.653947 0.038318 0.067105
0 0.336124 0.644079 0.030134 0.046053
0 0.539993 0.610526 0.024926 0.042105
0 0.563058 0.580263 0.030134 0.050000
0 0.527158 0.559868 0.029762 0.043421
0 0.514881 0.526316 0.037946 0.060526
0 0.596540 0.516776 0.038318 0.101974
0 0.919271 0.477303 0.030506 0.049342
0 0.721912 0.482566 0.042783 0.074342
0 0.632812 0.424671 0.030506 0.050658
0 0.865513 0.346711 0.024182 0.047368
0 0.409412 0.329605 0.032366 0.053947
0 0.334449 0.242763 0.028274 0.047368
0 0.521391 0.208224 0.030134 0.050658
0 0.476749 0.189145 0.042783 0.070395
0 0.558780 0.032895 0.026786 0.043421
0 0.607701 0.024671 0.030878 0.049342
0 0.363467 0.961842 0.049851 0.076316
0 0.158110 0.650000 0.031994 0.060526