0 0.416481 0.880921 0.034598 0.060526
0 0.232887 0.868421 0.028274 0.053947
0 0.463728 0.809868 0.034598 0.063158
0 0.437314 0.784211 0.030878 0.057895
0 0.187686 0.592105 0.036086 0.047368
0 0.084635 0.447697 0.032366 0.053289
0 0.265253 0.318750 0.024554 0.042763
0 0.484561 0.288158 0.036830 0.053947
0 0.204985 0.106579 0.029762 0.043421
0 0.181920 0.067105 0.040179 0.063158
0 0.149926 0.042105 0.035714 0.057895
0 0.067894 0.907895 0.039807 0.043421
0 0.115141 0.827303 0.042783 0.075658
0 0.370722 0.574342 0.046503 0.081579
0 0.386719 0.285197 0.054688 0.070395
0 0.564546 0.570066 0.050223 0.091447
0 0.567336 0.615132 0.038690 0.081579
0 0.737909 0.961513 0.063616 0.076974
0 0.807478 0.238487 0.074033 0.128289
0 0.623698 0.089474 0.058408 0.081579
0 0.593750 0.058882 0.062500 0.117763