0 0.398810 0.758882 0.036458 0.065132
0 0.369792 0.825987 0.052083 0.075658
0 0.481957 0.686842 0.024182 0.060526
0 0.510975 0.660855 0.036086 0.044079
0 0.549293 0.976316 0.027902 0.047368
0 0.845982 0.934211 0.032738 0.084211
0 0.939546 0.798355 0.038318 0.070395
0 0.981027 0.882566 0.032738 0.080921
0 0.981957 0.978618 0.022693 0.042763
0 0.619234 0.459868 0.042039 0.089474
0 0.547061 0.426316 0.045759 0.060526
0 0.337426 0.391447 0.037946 0.060526
0 0.160528 0.682566 0.052455 0.105921
0 0.243118 0.088816 0.076265 0.115789
0 0.712426 0.197039 0.053571 0.112500