0 0.604539 0.948026 0.028274 0.053947
0 0.037574 0.777961 0.031994 0.050658
0 0.310454 0.727961 0.027902 0.050658
0 0.071243 0.668421 0.030878 0.056579
0 0.455357 0.660197 0.029762 0.054605
0 0.773996 0.642105 0.028646 0.052632
0 0.873140 0.576645 0.030506 0.050658
0 0.104167 0.558882 0.029762 0.053289
0 0.473400 0.512500 0.028646 0.056579
0 0.347470 0.498355 0.026786 0.054605
0 0.234933 0.480263 0.030878 0.060526
0 0.473772 0.460526 0.027902 0.056579
0 0.059710 0.430592 0.030134 0.053289
0 0.436384 0.223684 0.024554 0.047368
0 0.812872 0.200987 0.026042 0.053289
0 0.151972 0.191776 0.032366 0.057237
0 0.686756 0.087829 0.026786 0.054605
0 0.915923 0.049342 0.026786 0.056579
0 0.919085 0.416776 0.042039 0.096711
0 0.022321 0.041118 0.044643 0.082237