0 0.420201 0.622368 0.062128 0.089474
0 0.274740 0.689474 0.048735 0.100000
0 0.303943 0.464803 0.066220 0.117763
0 0.194568 0.456250 0.071429 0.145395
0 0.114025 0.147697 0.057664 0.107237
0 0.398251 0.181579 0.060640 0.094737
0 0.439918 0.471053 0.047991 0.067105
0 0.440290 0.413816 0.039807 0.096053
0 0.649740 0.053618 0.042039 0.107237
0 0.773996 0.160855 0.053943 0.149342
0 0.885417 0.371711 0.036458 0.088158
0 0.838728 0.522697 0.058408 0.101974
0 0.727121 0.602632 0.077753 0.130263
0 0.561384 0.898684 0.086310 0.100000
0 0.072545 0.534539 0.060268 0.134868
0 0.038690 0.627303 0.053571 0.128289