0 0.416481 0.880921 0.027902 0.047368
0 0.233073 0.870395 0.028646 0.052632
0 0.112165 0.820724 0.024926 0.044079
0 0.464658 0.809211 0.036458 0.060526
0 0.437314 0.783882 0.030878 0.059868
0 0.083891 0.449671 0.030878 0.059868
0 0.265253 0.319408 0.024554 0.042763
0 0.204055 0.108553 0.030878 0.050000
0 0.181734 0.068092 0.039807 0.065132
0 0.150670 0.042105 0.038690 0.056579
0 0.596354 0.026316 0.042411 0.052632
0 0.369048 0.579934 0.054315 0.088816
0 0.575335 0.572039 0.046503 0.078289
0 0.566220 0.615132 0.055804 0.081579
0 0.392671 0.288816 0.050223 0.071053
0 0.480283 0.285855 0.029762 0.049342
0 0.621652 0.090132 0.054315 0.084211
0 0.813244 0.241447 0.053571 0.073684