0 0.281994 0.568421 0.056548 0.063158
0 0.433966 0.610197 0.046503 0.070395
0 0.577195 0.531908 0.076265 0.075658
0 0.682478 0.730592 0.066592 0.101974
0 0.692150 0.847368 0.046503 0.057895
0 0.661272 0.961513 0.071801 0.076974
0 0.751302 0.664803 0.059896 0.075658
0 0.856585 0.497368 0.075521 0.100000
0 0.712426 0.138158 0.063988 0.084211
0 0.751116 0.138816 0.047619 0.094737
0 0.929129 0.050000 0.056176 0.081579
0 0.426711 0.175987 0.049851 0.075658
0 0.383185 0.340461 0.066220 0.105921
0 0.154948 0.311513 0.057664 0.071711
0 0.080171 0.429276 0.042783 0.070395
0 0.065104 0.568092 0.050595 0.113816
0 0.210007 0.693092 0.052455 0.075658
0 0.167597 0.959539 0.077753 0.080921
0 0.085751 0.077303 0.036086 0.050658
0 0.119234 0.032566 0.056176 0.065132