0 0.468750 0.980592 0.028274 0.038816
0 0.841518 0.942763 0.030506 0.053947
0 0.036830 0.908882 0.032738 0.063816
0 0.300037 0.884539 0.039807 0.061184
0 0.422619 0.853947 0.026786 0.046053
0 0.062500 0.695395 0.034226 0.060526
0 0.803943 0.651316 0.026042 0.046053
0 0.109375 0.619408 0.031994 0.057237
0 0.516183 0.610855 0.024926 0.044079
0 0.363281 0.426974 0.027902 0.053947
0 0.095982 0.412171 0.031994 0.059868
0 0.561756 0.315789 0.028274 0.057895
0 0.973586 0.270066 0.030506 0.061184
0 0.733445 0.255592 0.024926 0.050658
0 0.117188 0.226316 0.026786 0.053947
0 0.891369 0.220395 0.029762 0.050000
0 0.606957 0.907895 0.053943 0.085526
0 0.710379 0.922039 0.030878 0.040132
0 0.839844 0.889145 0.028646 0.042763
0 0.935826 0.784211 0.030878 0.068421