0 0.635231 0.480921 0.044271 0.081579
0 0.586124 0.637829 0.024926 0.075658
0 0.484375 0.699342 0.036458 0.073684
0 0.522693 0.267434 0.036458 0.071711
0 0.635789 0.115461 0.046131 0.070395
0 0.508929 0.061842 0.052083 0.123684
0 0.406994 0.145724 0.032738 0.080921
0 0.154018 0.297697 0.031994 0.070395
0 0.185268 0.534539 0.026042 0.112500
0 0.191592 0.584211 0.031994 0.117105
0 0.169643 0.735526 0.055804 0.152632
0 0.069010 0.571382 0.036086 0.144079
0 0.032924 0.799671 0.027902 0.141447
0 0.972284 0.507237 0.047991 0.119737