0 0.437686 0.680921 0.042039 0.068421
0 0.414993 0.607237 0.040551 0.056579
0 0.627790 0.817105 0.038318 0.060526
0 0.818824 0.842105 0.028274 0.064474
0 0.852679 0.889145 0.036458 0.074342
0 0.664807 0.440132 0.029762 0.057895
0 0.714472 0.136513 0.030878 0.042763
0 0.717634 0.071053 0.044643 0.071053
0 0.436756 0.131579 0.037946 0.057895
0 0.127790 0.497368 0.036830 0.088158
0 0.079427 0.297039 0.030134 0.071711
0 0.052455 0.244737 0.049851 0.094737
0 0.023438 0.344408 0.028274 0.082237
0 0.028088 0.719408 0.042783 0.070395
0 0.016183 0.679605 0.032366 0.060526
0 0.082961 0.905921 0.047619 0.088158
0 0.203497 0.890132 0.049851 0.068421
0 0.297991 0.882566 0.065476 0.071711
0 0.957403 0.435526 0.059896 0.063158