0 0.623326 0.966447 0.027902 0.042105
0 0.014137 0.864145 0.028274 0.049342
0 0.189918 0.854605 0.030878 0.047368
0 0.247768 0.782237 0.028274 0.050000
0 0.622210 0.715461 0.027902 0.044079
0 0.163132 0.698026 0.030878 0.047368
0 0.068452 0.665789 0.026042 0.046053
0 0.554501 0.646382 0.030878 0.057237
0 0.708147 0.647368 0.038318 0.067105
0 0.596540 0.636513 0.028646 0.049342
0 0.822917 0.574671 0.026786 0.049342
0 0.787388 0.554276 0.027902 0.042763
0 0.856585 0.526974 0.034598 0.052632
0 0.774926 0.520724 0.035714 0.059868
0 0.978981 0.481250 0.042039 0.075658
0 0.891741 0.420724 0.028274 0.050658
0 0.099516 0.341447 0.024182 0.047368
0 0.668527 0.322697 0.032738 0.054605
0 0.780320 0.202961 0.030134 0.050658
0 0.816964 0.027632 0.026042 0.043421
0 0.865327 0.024671 0.029762 0.049342
0 0.807478 0.612500 0.045759 0.063158
0 0.130952 0.314145 0.026786 0.088816