0 0.156436 0.866447 0.036086 0.047368
0 0.214100 0.795066 0.034598 0.046711
0 0.588356 0.727632 0.028646 0.043421
0 0.128906 0.709539 0.033854 0.042763
0 0.521019 0.659211 0.032366 0.056579
0 0.673921 0.659868 0.039807 0.067105
0 0.562872 0.649342 0.032738 0.047368
0 0.789807 0.586842 0.031994 0.047368
0 0.754278 0.566776 0.032366 0.042763
0 0.823289 0.538816 0.037946 0.052632
0 0.741629 0.533224 0.039807 0.059868
0 0.946615 0.491447 0.042039 0.071053
0 0.859003 0.433224 0.031994 0.050658
0 0.635975 0.335197 0.036086 0.054605
0 0.099144 0.332566 0.036086 0.063816
0 0.747768 0.215132 0.032738 0.050000
0 0.784598 0.039803 0.028274 0.044079
0 0.832961 0.029276 0.031994 0.049342
0 0.038132 0.675329 0.042039 0.086184
0 0.064918 0.346053 0.042783 0.064474
0 0.386347 0.656908 0.036086 0.065132
0 0.598586 0.973684 0.047619 0.052632
0 0.772693 0.623355 0.036458 0.074342