0 0.668899 0.400658 0.062500 0.085526
0 0.656064 0.511842 0.062128 0.117105
0 0.593006 0.496382 0.049851 0.071711
0 0.476562 0.418092 0.063988 0.082237
0 0.546503 0.323355 0.065476 0.082237
0 0.549479 0.248355 0.050595 0.070395
0 0.678385 0.285855 0.072545 0.071711
0 0.837054 0.338816 0.066220 0.092105
0 0.934710 0.405592 0.045759 0.078289
0 0.978609 0.695724 0.032366 0.084868
0 0.947359 0.734539 0.060640 0.078289
0 0.933594 0.792105 0.057664 0.081579
0 0.579799 0.963158 0.047991 0.073684
0 0.367560 0.817434 0.049851 0.071711
0 0.357143 0.905921 0.049851 0.056579
0 0.302083 0.928618 0.047619 0.046711
0 0.272507 0.938816 0.059896 0.085526
0 0.233073 0.614145 0.026414 0.071711
0 0.241257 0.563816 0.039807 0.028947
0 0.221540 0.551645 0.056176 0.080921
0 0.228051 0.496053 0.035714 0.096053
0 0.316034 0.377961 0.042783 0.103289
0 0.390253 0.510526 0.046131 0.081579
0 0.400298 0.348684 0.034226 0.096053
0 0.159040 0.304934 0.044271 0.092763
0 0.069754 0.361513 0.063616 0.086184
0 0.074591 0.670395 0.047991 0.117105
0 0.079799 0.032895 0.036830 0.063158
0 0.323847 0.058882 0.056176 0.074342
0 0.512649 0.187829 0.066220 0.074342