0 0.788690 0.336842 0.080357 0.077632
0 0.824219 0.375000 0.045759 0.089474
0 0.843192 0.418092 0.039807 0.078289
0 0.901600 0.639803 0.039807 0.078289
0 0.729167 0.764803 0.048363 0.075658
0 0.618118 0.765789 0.050223 0.068421
0 0.822359 0.909211 0.052455 0.067105
0 0.958891 0.216118 0.062128 0.101974
0 0.839658 0.033553 0.050595 0.056579
0 0.659598 0.079276 0.066220 0.103289
0 0.564546 0.028618 0.056176 0.057237
0 0.392113 0.242434 0.052083 0.075658
0 0.398251 0.344737 0.053943 0.084211
0 0.323103 0.285855 0.053943 0.067763
0 0.070499 0.084539 0.045759 0.078289
0 0.070126 0.040461 0.052455 0.080921
0 0.056362 0.210197 0.042783 0.054605
0 0.028646 0.240132 0.052083 0.064474
0 0.132254 0.371382 0.042783 0.092763
0 0.299107 0.652303 0.050595 0.075658
0 0.335565 0.701645 0.047619 0.112500
0 0.242001 0.811184 0.085938 0.088158
0 0.076637 0.881908 0.031994 0.042763
0 0.103237 0.903947 0.030134 0.063158
0 0.080915 0.920724 0.047991 0.036184