0 0.180432 0.944079 0.031250 0.051316
0 0.749814 0.890461 0.035342 0.065132
0 0.443824 0.757237 0.033482 0.059211
0 0.633743 0.710855 0.033110 0.058553
0 0.355655 0.687171 0.034970 0.061184
0 0.185268 0.672039 0.034970 0.067763
0 0.692708 0.658224 0.037946 0.058553
0 0.173735 0.600000 0.032738 0.055263
0 0.666109 0.595066 0.038318 0.065132
0 0.543899 0.588158 0.046131 0.081579
0 0.221726 0.548355 0.038690 0.058553
0 0.513021 0.551974 0.046131 0.080263
0 0.468192 0.544079 0.039807 0.071053
0 0.516183 0.433553 0.035342 0.059211
0 0.164249 0.391776 0.029390 0.051974
0 0.230655 0.375000 0.045387 0.073684
0 0.832961 0.355592 0.038690 0.067763
0 0.868304 0.339474 0.046131 0.080263
0 0.903460 0.211842 0.033110 0.055263
0 0.426711 0.059211 0.034970 0.059211
0 0.117188 0.965789 0.033482 0.068421
0 0.143415 0.432895 0.045759 0.086842