0 0.420201 0.726974 0.042039 0.081579
0 0.424665 0.847697 0.050223 0.109868
0 0.391369 0.969737 0.069940 0.060526
0 0.492188 0.651974 0.041667 0.050000
0 0.590402 0.491118 0.049851 0.103289
0 0.755952 0.459211 0.044643 0.084211
0 0.737537 0.601316 0.046503 0.094737
0 0.905320 0.221053 0.042039 0.117105
0 0.977121 0.194737 0.045759 0.088158
0 0.667039 0.052632 0.068452 0.105263
0 0.453869 0.131908 0.044643 0.063816
0 0.498512 0.126316 0.049851 0.117105
0 0.326451 0.521711 0.042783 0.094737
0 0.316220 0.505592 0.049851 0.128289
0 0.172805 0.601974 0.056176 0.068421
0 0.025298 0.574342 0.050595 0.063158
0 0.126116 0.327961 0.049851 0.105921
0 0.165737 0.158553 0.036086 0.117105