0 0.170945 0.051316 0.064360 0.102632
0 0.129278 0.210197 0.030878 0.101974
0 0.024182 0.449342 0.046131 0.088158
0 0.170573 0.496382 0.056176 0.103289
0 0.315104 0.409539 0.028274 0.078289
0 0.338728 0.425987 0.052455 0.080921
0 0.427455 0.611513 0.049851 0.105921
0 0.421503 0.715789 0.050595 0.121053
0 0.399554 0.841447 0.038690 0.102632
0 0.501860 0.546053 0.047619 0.102632
0 0.763579 0.359539 0.030134 0.095395
0 0.755580 0.511184 0.061756 0.119737
0 0.917969 0.128289 0.089658 0.110526
0 0.459821 0.033882 0.053571 0.067763
0 0.505394 0.035526 0.063616 0.071053