0 0.234561 0.972697 0.042039 0.054605
0 0.521763 0.939145 0.045759 0.074342
0 0.974888 0.830921 0.046503 0.085526
0 0.282366 0.655263 0.048363 0.084211
0 0.018043 0.640461 0.036086 0.067763
0 0.825707 0.627632 0.050223 0.081579
0 0.978609 0.609868 0.042783 0.084211
0 0.683594 0.594737 0.054688 0.084211
0 0.104353 0.450987 0.047991 0.091447
0 0.417039 0.416118 0.044643 0.082237
0 0.055618 0.289803 0.050223 0.082237
0 0.260231 0.269079 0.045759 0.078947
0 0.329613 0.243421 0.046131 0.050000
0 0.197359 0.221382 0.056176 0.086184
0 0.476376 0.189803 0.042039 0.070395
0 0.175223 0.274013 0.055804 0.078289
0 0.284226 0.575658 0.049851 0.094737
0 0.421875 0.244408 0.049851 0.074342
0 0.604167 0.315132 0.054315 0.088158
0 0.673177 0.807566 0.045759 0.071711
0 0.905878 0.745395 0.075893 0.130263