0 0.054501 0.977961 0.027902 0.044079
0 0.065662 0.920724 0.032366 0.059868
0 0.570685 0.857566 0.037946 0.057237
0 0.376488 0.812500 0.044643 0.067105
0 0.850446 0.810855 0.041667 0.070395
0 0.449777 0.790132 0.047619 0.067105
0 0.640253 0.778947 0.047619 0.063158
0 0.219866 0.689145 0.032738 0.054605
0 0.697731 0.668750 0.033854 0.057237
0 0.885231 0.663158 0.042039 0.067105
0 0.942894 0.595395 0.036830 0.060526
0 0.856213 0.506908 0.036830 0.065132
0 0.764509 0.475000 0.047619 0.067105
0 0.222470 0.470395 0.047619 0.077632
0 0.404018 0.271711 0.053571 0.071053
0 0.162574 0.130592 0.032738 0.053289
0 0.824591 0.130263 0.048735 0.064474
0 0.210938 0.057566 0.031994 0.054605
0 0.106027 0.873684 0.065476 0.057895
0 0.329985 0.870395 0.036458 0.064474
0 0.061198 0.594079 0.042039 0.077632
0 0.182292 0.037829 0.035714 0.075658
0 0.484747 0.216118 0.048363 0.070395
0 0.589844 0.453289 0.046503 0.088158
0 0.814732 0.865461 0.048363 0.071711
0 0.789621 0.143421 0.042039 0.063158