0 0.267299 0.551645 0.045759 0.088816
0 0.170387 0.612500 0.048363 0.081579
0 0.321615 0.376974 0.053943 0.056579
0 0.206101 0.174013 0.049851 0.071711
0 0.532552 0.606250 0.065848 0.082237
0 0.609003 0.581908 0.036458 0.096711
0 0.702009 0.544079 0.040179 0.052632
0 0.708333 0.483882 0.032738 0.067763
0 0.657738 0.402632 0.047619 0.092105
0 0.882999 0.919408 0.046503 0.080921
0 0.967448 0.868750 0.030134 0.074342
0 0.020089 0.928289 0.040179 0.100000
0 0.314360 0.040461 0.050595 0.080921
0 0.090960 0.069079 0.054688 0.064474