0 0.315476 0.869408 0.029762 0.054605
0 0.857143 0.825000 0.026786 0.050000
0 0.199777 0.693092 0.026042 0.046711
0 0.259859 0.641118 0.030134 0.046711
0 0.233073 0.576316 0.030134 0.052632
0 0.113653 0.571711 0.027902 0.047368
0 0.082403 0.533224 0.027902 0.044079
0 0.906250 0.501645 0.031994 0.057237
0 0.628162 0.486842 0.034598 0.057895
0 0.909226 0.425000 0.034226 0.057895
0 0.087240 0.418092 0.026414 0.044079
0 0.401228 0.331250 0.033854 0.057237
0 0.433780 0.312829 0.029762 0.053289
0 0.723772 0.295724 0.034598 0.057237
0 0.671875 0.125987 0.035714 0.059868
0 0.799851 0.120724 0.026786 0.046711
0 0.881510 0.117434 0.028646 0.049342
0 0.570685 0.090132 0.035714 0.071053
0 0.816592 0.067763 0.036458 0.056579
0 0.608445 0.062171 0.034598 0.054605
0 0.035714 0.525658 0.036458 0.056579
0 0.020089 0.739803 0.040179 0.071711
0 0.600074 0.981908 0.036458 0.036184