0 0.194010 0.255263 0.028646 0.092105
0 0.230655 0.230263 0.052083 0.088158
0 0.299851 0.279605 0.053571 0.100000
0 0.342076 0.458553 0.057664 0.130263
0 0.252418 0.657566 0.054688 0.080921
0 0.525112 0.589145 0.046503 0.086184
0 0.532924 0.666118 0.046503 0.053289
0 0.510231 0.279934 0.038318 0.075658
0 0.449777 0.214145 0.052083 0.107237
0 0.427641 0.272697 0.042039 0.082237
0 0.039435 0.116447 0.061756 0.067105
0 0.102493 0.359539 0.056176 0.134868
0 0.066592 0.482237 0.037946 0.089474
0 0.027716 0.505921 0.026414 0.084211
0 0.676897 0.259868 0.059896 0.110526
0 0.670015 0.426645 0.050595 0.078289
0 0.848028 0.331908 0.039807 0.092763
0 0.922247 0.824671 0.069940 0.099342
0 0.764509 0.933882 0.053571 0.070395
0 0.485863 0.964145 0.062500 0.071711