0 0.260045 0.640132 0.053571 0.078947
0 0.231213 0.579934 0.027902 0.075658
0 0.201079 0.693092 0.042039 0.063816
0 0.106957 0.575329 0.062128 0.074342
0 0.082217 0.533224 0.056548 0.067763
0 0.088170 0.411842 0.050595 0.071053
0 0.040923 0.535855 0.046131 0.075658
0 0.016369 0.728947 0.032738 0.084211
0 0.316406 0.857895 0.039807 0.092105
0 0.602493 0.984211 0.052455 0.031579
0 0.863467 0.837171 0.066220 0.099342
0 0.906436 0.512171 0.057664 0.099342
0 0.910714 0.423026 0.048363 0.094737
0 0.721540 0.290132 0.046503 0.071053
0 0.627232 0.477303 0.049851 0.070395
0 0.796689 0.121382 0.039807 0.065132
0 0.817150 0.078289 0.042783 0.117105
0 0.882999 0.119737 0.039807 0.084211
0 0.669085 0.118421 0.059896 0.064474
0 0.608445 0.069737 0.056176 0.063158
0 0.565290 0.086184 0.047991 0.092105
0 0.475446 0.182566 0.047619 0.080921
0 0.432292 0.306579 0.036458 0.088158
0 0.399182 0.335526 0.048363 0.063158