0 0.242746 0.589803 0.059896 0.099342
0 0.196987 0.758224 0.074033 0.112500
0 0.470238 0.399013 0.053571 0.126974
0 0.550595 0.505592 0.036458 0.082237
0 0.568080 0.768092 0.056548 0.116447
0 0.621838 0.915789 0.077753 0.115789
0 0.752418 0.853289 0.101562 0.092105
0 0.878906 0.704276 0.042783 0.099342
0 0.911086 0.672368 0.044643 0.096053
0 0.943080 0.978289 0.036458 0.043421
0 0.911644 0.272039 0.042783 0.134868
0 0.896577 0.042105 0.034226 0.084211
0 0.936198 0.166776 0.053943 0.105921
0 0.771019 0.069079 0.093378 0.100000
0 0.505952 0.085197 0.067708 0.084868
0 0.420759 0.143092 0.046131 0.112500
0 0.351004 0.048355 0.042783 0.096711