0 0.584263 0.436513 0.059896 0.082237
0 0.652902 0.608882 0.067708 0.113816
0 0.659226 0.779276 0.052083 0.088816
0 0.425409 0.774342 0.078497 0.123684
0 0.351562 0.704934 0.056548 0.101974
0 0.333891 0.402303 0.046503 0.109868
0 0.195685 0.100000 0.047619 0.064474
0 0.240327 0.048355 0.049851 0.096711
0 0.313058 0.035197 0.072545 0.070395
0 0.438058 0.075987 0.059896 0.070395
0 0.519345 0.046382 0.052083 0.092763
0 0.671689 0.089803 0.065848 0.105921
0 0.718936 0.065132 0.076265 0.130263
0 0.867001 0.268092 0.057664 0.082237
0 0.948661 0.083553 0.056548 0.094737
0 0.144531 0.573355 0.048735 0.074342
0 0.073661 0.576316 0.081845 0.110526