0 0.279576 0.249342 0.030878 0.126316
0 0.184524 0.348026 0.044643 0.071053
0 0.151786 0.471053 0.036458 0.077632
0 0.111607 0.500329 0.047619 0.074342
0 0.312872 0.228289 0.035714 0.057895
0 0.381882 0.286513 0.034598 0.101974
0 0.419271 0.458553 0.050595 0.094737
0 0.505022 0.280263 0.036830 0.081579
0 0.532180 0.224342 0.048735 0.088158
0 0.590588 0.284539 0.044271 0.116447
0 0.618118 0.593421 0.042783 0.088158
0 0.612537 0.675987 0.053943 0.071711
0 0.342448 0.637829 0.063616 0.099342
0 0.117932 0.111842 0.052083 0.094737
0 0.753348 0.261842 0.050595 0.081579
0 0.749256 0.425987 0.055804 0.099342
0 0.934152 0.347368 0.047619 0.092105