0 0.097098 0.834868 0.032738 0.060526
0 0.391927 0.223026 0.065848 0.075000
0 0.380580 0.151974 0.030506 0.060526
0 0.341890 0.074013 0.052083 0.071711
0 0.508743 0.186842 0.040551 0.098684
0 0.494234 0.287500 0.058408 0.094737
0 0.482701 0.405263 0.077753 0.100000
0 0.676897 0.228618 0.070312 0.078289
0 0.761347 0.300658 0.058408 0.084211
0 0.928757 0.183553 0.072545 0.123684
0 0.931734 0.394079 0.077753 0.110526
0 0.815662 0.580592 0.040551 0.105921
0 0.766741 0.631579 0.055804 0.092105
0 0.759487 0.696711 0.078497 0.100000
0 0.844494 0.738158 0.053571 0.117105
0 0.403460 0.860855 0.054688 0.105921
0 0.185268 0.801974 0.054315 0.081579
0 0.197731 0.707237 0.038318 0.077632
0 0.128534 0.821711 0.033854 0.089474
0 0.024182 0.962500 0.040179 0.075000
0 0.062128 0.502303 0.038690 0.067763
0 0.063058 0.454934 0.044271 0.082237
0 0.075707 0.459211 0.036830 0.052632
0 0.066220 0.385855 0.047619 0.078289
0 0.150856 0.262500 0.044271 0.084211
0 0.232143 0.226974 0.037946 0.123684
0 0.226004 0.380592 0.062128 0.103289
0 0.303757 0.312829 0.059896 0.088816