0 0.917783 0.971711 0.032738 0.056579
0 0.309524 0.838158 0.026786 0.050000
0 0.728051 0.820395 0.040179 0.067105
0 0.286272 0.797039 0.033854 0.059868
0 0.252976 0.764803 0.031994 0.057237
0 0.704613 0.747697 0.032738 0.053289
0 0.417225 0.619408 0.030878 0.057237
0 0.958519 0.577632 0.026414 0.050000
0 0.115513 0.489474 0.027902 0.046053
0 0.301525 0.443750 0.026414 0.049342
0 0.030320 0.419079 0.026414 0.050000
0 0.362165 0.390789 0.030878 0.050000
0 0.335379 0.325658 0.030878 0.053947
0 0.215030 0.321711 0.028274 0.050000
0 0.184524 0.283553 0.026786 0.046053
0 0.140625 0.282895 0.034226 0.067105
0 0.730841 0.239145 0.033854 0.057237
0 0.188802 0.167763 0.026414 0.047368
0 0.504092 0.083224 0.032738 0.057237
0 0.537016 0.064474 0.028646 0.052632
0 0.826079 0.050329 0.033854 0.054605