0 0.190476 0.541118 0.048363 0.092763
0 0.154204 0.604605 0.046503 0.100000
0 0.136161 0.667763 0.030506 0.113158
0 0.230469 0.688816 0.056176 0.094737
0 0.392113 0.772697 0.052083 0.070395
0 0.558594 0.838487 0.052455 0.099342
0 0.805990 0.859211 0.063616 0.123684
0 0.935826 0.464474 0.048735 0.088158
0 0.893229 0.520395 0.053571 0.098684
0 0.967448 0.324671 0.042783 0.101974
0 0.936942 0.175658 0.060640 0.071053
0 0.837612 0.140132 0.057664 0.089474
0 0.781250 0.322039 0.048363 0.092763
0 0.726562 0.438487 0.049851 0.112500
0 0.651228 0.517763 0.046503 0.081579
0 0.537016 0.461184 0.075521 0.102632
0 0.465030 0.470395 0.052083 0.084211
0 0.415365 0.535197 0.057664 0.074342
0 0.303571 0.350987 0.069940 0.088816
0 0.300037 0.148026 0.060640 0.110526
0 0.150856 0.264803 0.054688 0.099342
0 0.047805 0.206579 0.066592 0.067105
0 0.674851 0.129605 0.043899 0.064474