0 0.162388 0.633882 0.034598 0.057237
0 0.412388 0.592434 0.028646 0.063816
0 0.846168 0.568421 0.034598 0.064474
0 0.426525 0.442763 0.032366 0.056579
0 0.334449 0.242434 0.026786 0.046711
0 0.585007 0.200658 0.034598 0.060526
0 0.476376 0.189474 0.042039 0.068421
0 0.665737 0.170395 0.030134 0.052632
0 0.802083 0.166447 0.026042 0.057895
0 0.755394 0.168092 0.024926 0.063816
0 0.132999 0.123026 0.030878 0.057895
0 0.096540 0.699342 0.046503 0.060526
0 0.094122 0.817105 0.038690 0.060526
0 0.069382 0.939803 0.052455 0.082237
0 0.026228 0.484539 0.052455 0.105921
0 0.254092 0.462829 0.036458 0.071711
0 0.168899 0.114803 0.032738 0.063816
0 0.338728 0.031579 0.039807 0.063158