0 0.315476 0.680921 0.029762 0.060526
0 0.305432 0.637829 0.035714 0.063816
0 0.461868 0.857895 0.034598 0.068421
0 0.516555 0.900658 0.030134 0.067105
0 0.677269 0.814145 0.050223 0.105921
0 0.694568 0.630592 0.054315 0.075658
0 0.946243 0.832895 0.042039 0.081579
0 0.632440 0.338158 0.053571 0.071053
0 0.627046 0.078289 0.076265 0.094737
0 0.504464 0.195395 0.053571 0.067105
0 0.456287 0.123355 0.059896 0.071711
0 0.412760 0.067763 0.071801 0.096053
0 0.285342 0.077303 0.052083 0.078289
0 0.244420 0.266776 0.049851 0.092763
0 0.040551 0.103618 0.029762 0.075658
0 0.025670 0.429934 0.037946 0.071711
0 0.446615 0.511513 0.039807 0.105921