0 0.305246 0.976974 0.030134 0.046053
0 0.593378 0.939474 0.031994 0.053947
0 0.354167 0.656579 0.047619 0.085526
0 0.897321 0.630921 0.046131 0.081579
0 0.755952 0.595066 0.037946 0.054605
0 0.488653 0.412500 0.032366 0.050000
0 0.677269 0.319079 0.033854 0.056579
0 0.124628 0.287171 0.035714 0.061184
0 0.249256 0.276974 0.043899 0.073684
0 0.497024 0.245724 0.034226 0.053289
0 0.027902 0.254605 0.042411 0.085526
0 0.268973 0.223026 0.053571 0.084211
0 0.476562 0.189145 0.042411 0.067763
0 0.178013 0.455592 0.046503 0.075658
0 0.082961 0.643421 0.056548 0.089474
0 0.069196 0.235526 0.049851 0.096053
0 0.359933 0.569408 0.053943 0.109868
0 0.334821 0.266776 0.072173 0.065132
0 0.749442 0.816447 0.042039 0.088158
0 0.969122 0.746053 0.053571 0.123684