0 0.657738 0.873026 0.047619 0.060526
0 0.243676 0.794737 0.042411 0.071053
0 0.716146 0.558553 0.040179 0.068421
0 0.672433 0.472697 0.036830 0.065132
0 0.249628 0.461513 0.036458 0.078289
0 0.849702 0.438158 0.042411 0.075000
0 0.497768 0.432566 0.040179 0.074342
0 0.467076 0.634211 0.038318 0.092105
0 0.638951 0.417434 0.058408 0.084868
0 0.710007 0.281250 0.053943 0.105921
0 0.742746 0.255592 0.030134 0.082237
0 0.800781 0.246053 0.030878 0.063158
0 0.813244 0.145066 0.030506 0.082237
0 0.518229 0.030263 0.046131 0.060526
0 0.255208 0.354605 0.046131 0.060526
0 0.853609 0.706250 0.039807 0.078289