0 0.157738 0.933553 0.042411 0.075000
0 0.233259 0.652961 0.036458 0.063816
0 0.452381 0.626974 0.041667 0.081579
0 0.971726 0.595066 0.036458 0.080921
0 0.779390 0.574342 0.049851 0.081579
0 0.170945 0.442434 0.034598 0.065132
0 0.148810 0.404605 0.041667 0.084211
0 0.116629 0.374342 0.036830 0.067105
0 0.562872 0.347368 0.047619 0.067105
0 0.476004 0.186842 0.047991 0.077632
0 0.818638 0.179276 0.039807 0.063816
0 0.164062 0.054934 0.031994 0.054605
0 0.354725 0.618750 0.066592 0.092763
0 0.341704 0.907895 0.058408 0.109211
0 0.537388 0.905921 0.050223 0.060526
0 0.540179 0.947368 0.052083 0.057895
0 0.586124 0.421053 0.058408 0.088158
0 0.276414 0.222368 0.036458 0.094737
0 0.049851 0.777303 0.046131 0.070395