0 0.467076 0.595395 0.038318 0.057895
0 0.438244 0.568092 0.040179 0.078289
0 0.416481 0.669737 0.059896 0.092105
0 0.373140 0.360855 0.047619 0.123026
0 0.570126 0.403947 0.050223 0.073684
0 0.576079 0.356250 0.046503 0.044079
0 0.487909 0.083224 0.047991 0.082237
0 0.396763 0.074013 0.076265 0.075658
0 0.267857 0.106579 0.048363 0.053947
0 0.085007 0.239145 0.060640 0.099342
0 0.116071 0.616118 0.053571 0.078289
0 0.071615 0.700000 0.044271 0.057895
0 0.233259 0.656908 0.052083 0.065132
0 0.663690 0.824342 0.046131 0.094737
0 0.748512 0.755263 0.066220 0.081579
0 0.813430 0.035197 0.059896 0.070395