0 0.471354 0.967105 0.030506 0.063158
0 0.680990 0.941118 0.036830 0.063816
0 0.641555 0.936513 0.028646 0.053289
0 0.444196 0.777303 0.032738 0.057237
0 0.476190 0.645066 0.026786 0.054605
0 0.472656 0.530263 0.030878 0.057895
0 0.543155 0.463816 0.028274 0.056579
0 0.223400 0.407237 0.030878 0.067105
0 0.073847 0.376974 0.033854 0.063158
0 0.808408 0.278618 0.031994 0.059868
0 0.174107 0.145724 0.030506 0.054605
0 0.963542 0.044408 0.029762 0.063816
0 0.377418 0.328289 0.081473 0.089474
0 0.643415 0.294079 0.042039 0.057895
0 0.800223 0.428618 0.068452 0.112500
0 0.018973 0.479934 0.037946 0.044079