0 0.536830 0.586842 0.030506 0.075000
0 0.787574 0.553289 0.035714 0.081579
0 0.216146 0.531908 0.034226 0.078289
0 0.066406 0.501316 0.036086 0.078947
0 0.803013 0.398684 0.036830 0.088158
0 0.210751 0.101645 0.039807 0.084868
0 0.505952 0.076316 0.038690 0.075000
0 0.540179 0.071711 0.047619 0.096053
0 0.357887 0.442763 0.036458 0.053947
0 0.375558 0.461184 0.046503 0.075000
0 0.459821 0.651316 0.037946 0.084211
0 0.469494 0.769408 0.046131 0.095395
0 0.437128 0.902303 0.036458 0.095395
0 0.631324 0.414145 0.029762 0.074342
0 0.958891 0.157895 0.057664 0.084211
0 0.166109 0.266118 0.072545 0.099342