0 0.330543 0.975987 0.032366 0.048026
0 0.618490 0.940132 0.033854 0.057895
0 0.769717 0.813816 0.036458 0.064474
0 0.379464 0.655921 0.037946 0.068421
0 0.103423 0.642105 0.035714 0.063158
0 0.921875 0.631250 0.038690 0.063816
0 0.781436 0.596382 0.038318 0.057237
0 0.382999 0.579605 0.039807 0.071053
0 0.885975 0.529605 0.036086 0.057895
0 0.198103 0.454934 0.036830 0.065132
0 0.512835 0.412500 0.032366 0.053947
0 0.701451 0.320395 0.033854 0.060526
0 0.148438 0.286842 0.047619 0.084211
0 0.273438 0.277303 0.043899 0.074342
0 0.355655 0.269408 0.035714 0.061184
0 0.521205 0.246053 0.035714 0.057895
0 0.087054 0.230263 0.047619 0.084211
0 0.301153 0.211184 0.044271 0.089474
0 0.047805 0.251974 0.052455 0.113158
0 0.976004 0.747697 0.047991 0.141447