0 0.049851 0.264145 0.048363 0.078289
0 0.093750 0.247697 0.058036 0.103289
0 0.137835 0.293750 0.042783 0.074342
0 0.193824 0.454276 0.050595 0.084868
0 0.271205 0.284539 0.048363 0.057237
0 0.292039 0.223026 0.050595 0.075000
0 0.348772 0.270066 0.036086 0.044079
0 0.526972 0.250000 0.045759 0.088158
0 0.512463 0.408882 0.027902 0.075658
0 0.387835 0.584211 0.063616 0.071053
0 0.376674 0.654934 0.040551 0.088816
0 0.333891 0.974013 0.057664 0.051974
0 0.098586 0.649342 0.053571 0.081579
0 0.610863 0.936184 0.032738 0.063158
0 0.767113 0.816118 0.052083 0.084868
0 0.918713 0.639145 0.036086 0.067763
0 0.976004 0.738816 0.047991 0.115789
0 0.699963 0.326974 0.046503 0.085526