0 0.297433 0.436513 0.058408 0.074342
0 0.278832 0.620066 0.059896 0.082237
0 0.231585 0.669079 0.062128 0.102632
0 0.245164 0.742434 0.052083 0.075658
0 0.413132 0.750329 0.077753 0.086184
0 0.509115 0.831579 0.044271 0.089474
0 0.526972 0.611513 0.045759 0.105921
0 0.577009 0.616118 0.047619 0.082237
0 0.604911 0.654276 0.062500 0.074342
0 0.728423 0.661513 0.048363 0.074342
0 0.748326 0.733224 0.081473 0.082237
0 0.696987 0.782566 0.044271 0.070395
0 0.811570 0.961513 0.042783 0.075658
0 0.892299 0.430921 0.053943 0.096053
0 0.930618 0.408224 0.030134 0.082237
0 0.963728 0.277632 0.039807 0.089474
0 0.899182 0.040132 0.049851 0.057895
0 0.490513 0.126316 0.057664 0.067105
0 0.272135 0.032895 0.045759 0.057895
0 0.055246 0.215132 0.060640 0.067105
0 0.228051 0.460197 0.032738 0.046711
0 0.206845 0.498026 0.042411 0.071053
0 0.577753 0.503618 0.056548 0.099342