0 0.276414 0.256908 0.056548 0.092763
0 0.315104 0.388158 0.032738 0.088158
0 0.280692 0.508553 0.042783 0.123684
0 0.281064 0.888816 0.044271 0.088158
0 0.249814 0.940789 0.042783 0.092105
0 0.518973 0.554934 0.043899 0.074342
0 0.445499 0.303618 0.036086 0.070395
0 0.558966 0.314145 0.056176 0.075658
0 0.681734 0.280263 0.036830 0.067105
0 0.688058 0.333882 0.034598 0.067763
0 0.666109 0.475987 0.045759 0.096711
0 0.813430 0.776316 0.042039 0.094737
0 0.979725 0.467763 0.040551 0.096053
0 0.648996 0.054605 0.044271 0.064474
0 0.383557 0.053947 0.029762 0.053947
0 0.361979 0.037500 0.031994 0.075000
0 0.140253 0.290132 0.053571 0.067105
0 0.245908 0.603289 0.069940 0.138158
0 0.186570 0.942105 0.060640 0.115789