0 0.782180 0.954934 0.045759 0.075658
0 0.060640 0.836184 0.040179 0.056579
0 0.131138 0.618750 0.032366 0.057237
0 0.767485 0.478618 0.042411 0.084868
0 0.780320 0.427961 0.056176 0.084868
0 0.812128 0.382566 0.046131 0.078289
0 0.334449 0.242105 0.040179 0.056579
0 0.061384 0.192105 0.031994 0.063158
0 0.266927 0.070066 0.038318 0.063816
0 0.236049 0.034868 0.033854 0.060526
0 0.386719 0.038816 0.053943 0.077632
0 0.224144 0.197368 0.042783 0.064474
0 0.156064 0.069079 0.040551 0.088158
0 0.305618 0.110855 0.042783 0.071711
0 0.502604 0.082566 0.047619 0.099342
0 0.484189 0.213158 0.059896 0.064474
0 0.678385 0.037829 0.046503 0.075658
0 0.770089 0.101645 0.046131 0.074342
0 0.930618 0.208882 0.053943 0.086184
0 0.854725 0.551645 0.050223 0.112500
0 0.920759 0.852632 0.029762 0.067105
0 0.993118 0.870395 0.013765 0.068421
0 0.632068 0.916447 0.038690 0.071053
0 0.400670 0.652632 0.053571 0.100000
0 0.244420 0.798026 0.036458 0.092105
0 0.185268 0.595395 0.060268 0.113158
0 0.196057 0.510197 0.046131 0.070395
0 0.098214 0.638158 0.036458 0.057895
0 0.028274 0.774342 0.046131 0.088158
0 0.101004 0.925987 0.076265 0.107237
0 0.064546 0.314803 0.033854 0.082237
0 0.073661 0.260526 0.030506 0.050000
0 0.065848 0.249671 0.032738 0.078289