0 0.223586 0.904934 0.024554 0.049342
0 0.624070 0.733224 0.042783 0.054605
0 0.305060 0.727303 0.024554 0.065132
0 0.681362 0.710855 0.039807 0.050658
0 0.338542 0.652632 0.046131 0.052632
0 0.641369 0.628947 0.034226 0.042105
0 0.153646 0.554276 0.023810 0.044079
0 0.851190 0.531908 0.038690 0.050658
0 0.837426 0.476316 0.032738 0.057895
0 0.833519 0.358224 0.039807 0.070395
0 0.863095 0.307895 0.026786 0.060526
0 0.897321 0.290132 0.043899 0.052632
0 0.586310 0.284539 0.048363 0.067763
0 0.148251 0.285855 0.044271 0.074342
0 0.049851 0.256908 0.050595 0.088816
0 0.857701 0.029276 0.024182 0.042763
0 0.081845 0.229605 0.050595 0.067105
0 0.290737 0.222368 0.044271 0.077632
0 0.272879 0.275658 0.024926 0.060526
0 0.351190 0.265461 0.028274 0.059868
0 0.380766 0.587829 0.042783 0.065132
0 0.375186 0.654276 0.027902 0.050658
0 0.519345 0.253289 0.038690 0.081579
0 0.511905 0.404605 0.037946 0.081579
0 0.699219 0.320395 0.046503 0.068421
0 0.769903 0.814474 0.040551 0.094737
0 0.915551 0.630263 0.040179 0.084211
0 0.976749 0.750329 0.046503 0.096711
0 0.617374 0.935526 0.045759 0.064474
0 0.332403 0.979605 0.064360 0.040789
0 0.095796 0.641447 0.039807 0.084211
0 0.191778 0.445724 0.046503 0.071711