0 0.328311 0.871711 0.048735 0.092105
0 0.367560 0.952632 0.056548 0.094737
0 0.684896 0.621382 0.056548 0.105921
0 0.863653 0.637171 0.045759 0.113816
0 0.884673 0.537500 0.041667 0.089474
0 0.911086 0.568750 0.036458 0.080921
0 0.821057 0.333224 0.081845 0.128289
0 0.838728 0.052961 0.060640 0.105921
0 0.936756 0.039145 0.065476 0.078289
0 0.711496 0.067434 0.060640 0.070395
0 0.528832 0.194079 0.062128 0.085526
0 0.433966 0.202632 0.046503 0.071053
0 0.122582 0.100000 0.047991 0.092105
0 0.146577 0.157237 0.068452 0.113158
0 0.393043 0.464474 0.075521 0.123684
0 0.513765 0.667434 0.095982 0.158553
0 0.562872 0.576974 0.066220 0.148684
0 0.146205 0.766776 0.083333 0.134868
0 0.492746 0.969737 0.042783 0.060526
0 0.928571 0.971382 0.054315 0.057237