0 0.180432 0.943750 0.031250 0.051974
0 0.749814 0.890132 0.035342 0.064474
0 0.444010 0.757237 0.033110 0.059211
0 0.633743 0.710526 0.033110 0.057895
0 0.355655 0.686513 0.034970 0.061184
0 0.185268 0.671711 0.034970 0.067105
0 0.173735 0.600000 0.032738 0.055263
0 0.666295 0.595066 0.037946 0.065132
0 0.543713 0.588158 0.036830 0.064474
0 0.512835 0.552632 0.045759 0.077632
0 0.468378 0.545066 0.050595 0.094079
0 0.516369 0.433224 0.034970 0.058553
0 0.141927 0.431908 0.031622 0.054605
0 0.164249 0.391447 0.029390 0.051316
0 0.229911 0.375329 0.032738 0.054605
0 0.832961 0.355921 0.038690 0.067105
0 0.868862 0.340132 0.034598 0.061842
0 0.903460 0.211513 0.033110 0.055921
0 0.426711 0.059539 0.034970 0.058553
0 0.118118 0.962171 0.042039 0.075658
0 0.694940 0.657566 0.056548 0.105921
0 0.220982 0.548026 0.056548 0.093421