0 0.741443 0.858882 0.046131 0.086184
0 0.595610 0.505592 0.038690 0.074342
0 0.932106 0.345395 0.045759 0.078947
0 0.457031 0.291447 0.053943 0.077632
0 0.228051 0.273026 0.043899 0.077632
0 0.312128 0.192434 0.042411 0.082237
0 0.529204 0.181579 0.045759 0.078947
0 0.225818 0.095724 0.047619 0.086184
0 0.323289 0.042434 0.046131 0.075658
0 0.409784 0.558553 0.044271 0.085526
0 0.311570 0.821711 0.064360 0.117105
0 0.231585 0.813816 0.059896 0.084211
0 0.026600 0.764803 0.045759 0.075658
0 0.678013 0.221053 0.060640 0.089474
0 0.817894 0.132566 0.060640 0.078289
0 0.841704 0.141776 0.044271 0.080921
0 0.925409 0.456250 0.042039 0.082237
0 0.908296 0.599671 0.050223 0.084868
0 0.931548 0.774342 0.050595 0.123684