0 0.170387 0.975658 0.026786 0.048684
0 0.455915 0.935526 0.030134 0.053947
0 0.910528 0.830263 0.032366 0.057895
0 0.607515 0.808553 0.034226 0.063158
0 0.218564 0.652961 0.033854 0.061184
0 0.760417 0.624671 0.037946 0.061184
0 0.916295 0.606579 0.032738 0.057895
0 0.618862 0.591118 0.036830 0.053289
0 0.222842 0.577961 0.047619 0.084868
0 0.724888 0.523026 0.034598 0.056579
0 0.350818 0.409868 0.030506 0.050000
0 0.539249 0.313816 0.032366 0.056579
0 0.113839 0.275987 0.026786 0.049342
0 0.195126 0.267763 0.030134 0.053947
0 0.359189 0.242763 0.032366 0.052632
0 0.132626 0.220395 0.038318 0.060526
0 0.041481 0.453947 0.062128 0.057895
0 0.833891 0.746053 0.094122 0.147368