0 0.318080 0.468092 0.036458 0.075658
0 0.388765 0.698684 0.037946 0.109211
0 0.432292 0.708553 0.049851 0.098684
0 0.105841 0.741776 0.058408 0.078289
0 0.064174 0.904605 0.038318 0.064474
0 0.034226 0.263487 0.023810 0.080921
0 0.070499 0.044737 0.053943 0.089474
0 0.180432 0.205263 0.056548 0.117105
0 0.192150 0.066118 0.042783 0.086184
0 0.594122 0.104934 0.053571 0.095395
0 0.931362 0.142434 0.030134 0.054605
0 0.849516 0.806579 0.052455 0.092105
0 0.935640 0.772697 0.050595 0.137500
0 0.607701 0.606908 0.063616 0.095395