0 0.712798 0.921711 0.023810 0.047368
0 0.086682 0.841447 0.028274 0.047368
0 0.550409 0.825329 0.026414 0.042763
0 0.274926 0.811842 0.032738 0.056579
0 0.453125 0.753289 0.029762 0.052632
0 0.166481 0.746711 0.028646 0.057895
0 0.283110 0.712171 0.029762 0.044079
0 0.713356 0.705263 0.036086 0.060526
0 0.159412 0.680263 0.030134 0.053947
0 0.897321 0.508553 0.030506 0.053947
0 0.978423 0.452303 0.028274 0.046711
0 0.299665 0.384211 0.024926 0.043421
0 0.653088 0.355592 0.027902 0.046711
0 0.467262 0.343092 0.026786 0.049342
0 0.345424 0.293421 0.028646 0.047368
0 0.700521 0.285526 0.026786 0.046053
0 0.674293 0.258882 0.024926 0.044079
0 0.422991 0.067105 0.035714 0.047368
0 0.805246 0.052961 0.026414 0.049342
0 0.604539 0.054276 0.042411 0.067763
0 0.189174 0.184211 0.046503 0.050000
0 0.111235 0.605592 0.037946 0.080921
0 0.025112 0.763158 0.050223 0.088158
0 0.025112 0.925000 0.050223 0.085526
0 0.269531 0.940132 0.056176 0.094737
0 0.806362 0.092434 0.036830 0.080921