0 0.180432 0.937171 0.031250 0.051974
0 0.750000 0.883882 0.036458 0.065132
0 0.444010 0.750658 0.033110 0.059211
0 0.633743 0.703947 0.033110 0.059211
0 0.355655 0.680263 0.034970 0.061842
0 0.185082 0.665132 0.035342 0.067105
0 0.692708 0.650987 0.037946 0.058553
0 0.173921 0.593750 0.031622 0.054605
0 0.666295 0.588158 0.037946 0.067105
0 0.543899 0.580592 0.046131 0.083553
0 0.221726 0.541118 0.038690 0.058553
0 0.513021 0.546711 0.046131 0.081579
0 0.468378 0.537500 0.038690 0.071053
0 0.516555 0.426645 0.035342 0.058553
0 0.142299 0.425000 0.031622 0.052632
0 0.164249 0.385197 0.029390 0.051974
0 0.229911 0.368092 0.032738 0.054605
0 0.833147 0.348684 0.039807 0.067105
0 0.903646 0.204934 0.032738 0.054605
0 0.427269 0.052961 0.047247 0.080921
0 0.117188 0.960197 0.052827 0.079605