0 0.209635 0.171711 0.028627 0.061250
0 0.117001 0.644079 0.036402 0.065000
0 0.181362 0.613158 0.037817 0.050000
0 0.208891 0.572039 0.026507 0.048125
0 0.039249 0.752303 0.025093 0.044375
0 0.242560 0.876974 0.031101 0.051250
0 0.243118 0.065132 0.023680 0.053750
0 0.450707 0.233882 0.022973 0.038125
0 0.484933 0.018750 0.032161 0.035625
0 0.483631 0.895724 0.032515 0.044375
0 0.592262 0.173026 0.032515 0.051250
0 0.612537 0.031579 0.021558 0.043750
0 0.746094 0.454276 0.029334 0.046875
0 0.523810 0.726974 0.033928 0.051250
0 0.854539 0.697368 0.032515 0.047500
0 0.817150 0.707237 0.030748 0.055000
0 0.911830 0.159539 0.028274 0.044375
