0 0.178943 0.571053 0.031101 0.060000
0 0.149182 0.800329 0.030394 0.054375
0 0.292597 0.735526 0.025093 0.061250
0 0.269903 0.294737 0.026507 0.065000
0 0.309524 0.530921 0.032515 0.065000
0 0.312128 0.586184 0.031101 0.057500
0 0.519345 0.156250 0.038170 0.044375
0 0.622582 0.047039 0.030748 0.074375
0 0.643787 0.270066 0.025093 0.061875
0 0.706659 0.666776 0.030748 0.056875
0 0.607887 0.722697 0.028274 0.050625
0 0.069010 0.556579 0.021558 0.050000
0 0.752604 0.113816 0.030394 0.060000
0 0.756696 0.479276 0.030394 0.070625
0 0.967820 0.743750 0.020852 0.046875
0 0.971912 0.711513 0.027214 0.050625
