0 0.834635 0.979276 0.027214 0.039375
0 0.883557 0.659868 0.033928 0.061250
0 0.607329 0.645724 0.030748 0.054375
0 0.887091 0.583224 0.034988 0.061875
0 0.702195 0.458882 0.032868 0.058125
0 0.652530 0.290789 0.032515 0.057500
0 0.777344 0.280921 0.028627 0.050000
0 0.859933 0.274013 0.030748 0.054375
0 0.554874 0.258553 0.029334 0.067500
0 0.798363 0.225658 0.028274 0.061250
0 0.590216 0.233882 0.026507 0.066875
0 0.418713 0.486184 0.021558 0.040000
0 0.454427 0.361184 0.021558 0.033750
0 0.395461 0.121382 0.028981 0.044375
0 0.381882 0.501316 0.030748 0.061250
0 0.248884 0.810197 0.033928 0.040625
0 0.218378 0.743421 0.036049 0.057500
0 0.188058 0.856908 0.026507 0.050625
0 0.100260 0.740789 0.038523 0.055000
0 0.071801 0.702303 0.034635 0.044375
0 0.076265 0.582895 0.033928 0.051250
0 0.025484 0.695724 0.025093 0.064375
