0 0.200893 0.207566 0.028981 0.050625
0 0.589286 0.197039 0.033928 0.060625
0 0.121280 0.143750 0.022620 0.041875
0 0.185826 0.119408 0.028627 0.046875
0 0.755394 0.065461 0.032161 0.058125
0 0.622024 0.240789 0.043824 0.080000
0 0.646019 0.282895 0.028627 0.061250
0 0.835193 0.466776 0.045945 0.078125
0 0.928757 0.469737 0.040644 0.071250
0 0.710938 0.496382 0.032515 0.044375
0 0.111979 0.525658 0.031101 0.055000
0 0.139509 0.570724 0.028274 0.054375
0 0.526042 0.617105 0.036049 0.060000
0 0.424851 0.622697 0.025447 0.046875
0 0.043713 0.674013 0.022973 0.041875
0 0.811756 0.756908 0.047358 0.074375
0 0.391927 0.888487 0.028627 0.050625
0 0.884301 0.962500 0.028981 0.050000
0 0.905506 0.982237 0.028274 0.031250
