0 0.057106 0.065461 0.021558 0.038125
0 0.056734 0.129276 0.018024 0.041875
0 0.069940 0.142434 0.021205 0.040625
0 0.220424 0.084539 0.027214 0.044375
0 0.478423 0.094408 0.050892 0.074375
0 0.931176 0.078947 0.036756 0.050000
0 0.063430 0.185197 0.023680 0.046875
0 0.809524 0.269079 0.030394 0.050000
0 0.775112 0.313816 0.032868 0.051250
0 0.765811 0.366447 0.026507 0.057500
0 0.848400 0.428289 0.029334 0.055000
0 0.199033 0.391447 0.026860 0.047500
0 0.097098 0.519737 0.028274 0.047500
0 0.130208 0.501316 0.019085 0.037500
0 0.186198 0.483882 0.026507 0.044375
0 0.402530 0.545395 0.034635 0.051250
0 0.022507 0.657895 0.022973 0.045000
0 0.236793 0.684539 0.037817 0.061875
0 0.060826 0.720724 0.025093 0.046875
0 0.101376 0.791447 0.028627 0.051250
0 0.632812 0.809211 0.031101 0.057500
0 0.784784 0.837171 0.034282 0.070625
0 0.920573 0.734211 0.028627 0.061250
0 0.236421 0.955263 0.032161 0.050000
