0 0.142113 0.315132 0.031101 0.057500
0 0.186756 0.143092 0.031101 0.071875
0 0.041667 0.540461 0.033928 0.068125
0 0.195312 0.575329 0.032515 0.051875
0 0.343006 0.492763 0.079873 0.090000
0 0.444196 0.693750 0.049479 0.054375
0 0.453311 0.815132 0.040644 0.060000
0 0.421317 0.931250 0.043471 0.046875
0 0.475074 0.125987 0.032515 0.044375
0 0.513393 0.120395 0.033928 0.050000
0 0.516369 0.639474 0.031101 0.053750
0 0.609003 0.454276 0.036756 0.044375
0 0.774368 0.437829 0.032161 0.050625
0 0.763207 0.590461 0.037817 0.068125
0 0.936384 0.207895 0.028981 0.055000
