0 0.210751 0.979605 0.026507 0.038750
0 0.899926 0.966447 0.023326 0.045000
0 0.281622 0.927303 0.025447 0.046875
0 0.114025 0.926974 0.026507 0.045000
0 0.086682 0.924671 0.023326 0.048125
0 0.252418 0.907895 0.028627 0.053750
0 0.338914 0.819079 0.023326 0.043750
0 0.437872 0.760197 0.030394 0.054375
0 0.545759 0.753618 0.028274 0.048125
0 0.978981 0.745395 0.029334 0.050000
0 0.250186 0.653618 0.025093 0.048125
0 0.748140 0.603289 0.025447 0.053750
0 0.415737 0.586513 0.030748 0.050625
0 0.730841 0.548355 0.028627 0.050625
0 0.595610 0.508553 0.025447 0.047500
0 0.290737 0.464145 0.025093 0.050625
0 0.688802 0.265132 0.028627 0.051250
0 0.332961 0.196711 0.026860 0.045000
0 0.021205 0.118092 0.040290 0.084375
0 0.093564 0.200329 0.034282 0.066875
0 0.344494 0.031579 0.032515 0.060000
0 0.467076 0.025658 0.028627 0.048750
0 0.694196 0.045724 0.033928 0.050625
