0 0.046689 0.488816 0.038523 0.055000
0 0.129836 0.436842 0.034635 0.050000
0 0.234561 0.675987 0.034282 0.050625
0 0.403832 0.688816 0.040644 0.061250
0 0.526972 0.878947 0.053367 0.055000
0 0.496280 0.719737 0.049479 0.061250
0 0.341146 0.883882 0.047358 0.044375
0 0.434338 0.357237 0.040644 0.051250
0 0.466332 0.336513 0.047712 0.070625
0 0.587054 0.812829 0.033928 0.044375
0 0.756324 0.675658 0.028274 0.050000
0 0.888579 0.672697 0.025093 0.051875
0 0.930618 0.663158 0.036402 0.063750
0 0.957031 0.740461 0.028627 0.061875
