0 0.827753 0.939803 0.028981 0.048125
0 0.214100 0.913487 0.026507 0.060625
0 0.903274 0.888816 0.023326 0.045000
0 0.284970 0.849671 0.025447 0.046875
0 0.117374 0.849342 0.026507 0.045000
0 0.090030 0.847039 0.023326 0.048125
0 0.255766 0.830263 0.028627 0.053750
0 0.342262 0.741447 0.023326 0.043750
0 0.441220 0.682566 0.030394 0.054375
0 0.549107 0.675987 0.028274 0.048125
0 0.982329 0.667763 0.029334 0.050000
0 0.253534 0.575987 0.025093 0.048125
0 0.751488 0.525658 0.025447 0.053750
0 0.419085 0.508882 0.030748 0.050625
0 0.734189 0.470724 0.028627 0.050625
0 0.598958 0.430921 0.025447 0.047500
0 0.294085 0.386513 0.025093 0.050625
0 0.692150 0.187500 0.028627 0.051250
0 0.336310 0.119079 0.026860 0.045000
0 0.023438 0.042434 0.042411 0.080625
0 0.096912 0.122697 0.034282 0.066875
