0 0.323661 0.978289 0.030394 0.041250
0 0.353795 0.969408 0.034635 0.056875
0 0.412760 0.948355 0.030748 0.050625
0 0.424293 0.849013 0.030748 0.060625
0 0.446987 0.548355 0.032161 0.050625
0 0.456659 0.408882 0.032868 0.058125
0 0.370164 0.408553 0.036049 0.063750
0 0.373140 0.106908 0.041704 0.078125
0 0.277344 0.598355 0.026507 0.048125
0 0.293155 0.609211 0.032515 0.060000
0 0.282552 0.650987 0.022973 0.044375
0 0.281622 0.525658 0.031101 0.063750
0 0.528088 0.460855 0.025093 0.050625
0 0.608073 0.374671 0.034988 0.068125
0 0.598586 0.297368 0.032515 0.065000
0 0.556920 0.239474 0.036756 0.050000
0 0.210007 0.355263 0.020852 0.050000
0 0.704427 0.557237 0.038523 0.080000
0 0.726376 0.338816 0.034282 0.053750
0 0.896763 0.376316 0.037817 0.060000
