0 0.033668 0.516776 0.025093 0.051875
0 0.075707 0.507237 0.036402 0.063750
0 0.102121 0.584539 0.028627 0.061875
0 0.183966 0.507895 0.044178 0.075000
0 0.142857 0.187500 0.050892 0.067500
0 0.250000 0.386184 0.031101 0.057500
0 0.263579 0.425329 0.021558 0.038125
0 0.100446 0.824671 0.033928 0.044375
0 0.279948 0.471053 0.025093 0.035000
0 0.366629 0.288816 0.040644 0.057500
0 0.459821 0.340789 0.049479 0.081250
0 0.300037 0.445066 0.039937 0.044375
0 0.331845 0.396382 0.043824 0.071875
0 0.654762 0.341776 0.031101 0.056875
0 0.598772 0.211184 0.036402 0.051250
0 0.721912 0.571711 0.038523 0.063750
0 0.742374 0.472039 0.025093 0.040625
0 0.735119 0.698026 0.034635 0.061250
0 0.716704 0.816776 0.039937 0.066875
0 0.771205 0.452961 0.050892 0.110625
0 0.800595 0.196711 0.025447 0.060000
0 0.886161 0.205921 0.032515 0.053750
0 0.778832 0.089803 0.040644 0.061875
0 0.257068 0.077961 0.030394 0.041875
0 0.951823 0.381250 0.044178 0.074375
