0 0.718564 0.248684 0.045591 0.085000
0 0.460938 0.293750 0.036756 0.081875
0 0.393601 0.589145 0.040290 0.061875
0 0.364955 0.826645 0.030394 0.051875
0 0.290737 0.816447 0.038523 0.055000
0 0.218750 0.509211 0.047358 0.081250
0 0.184152 0.356579 0.031101 0.090000
0 0.154204 0.928618 0.032161 0.074375
0 0.149740 0.406908 0.028627 0.100625
0 0.137835 0.480921 0.038523 0.123750
0 0.299293 0.173684 0.040644 0.081250
0 0.778088 0.155592 0.038523 0.071875
0 0.149554 0.088487 0.045945 0.070625
0 0.969680 0.146053 0.040644 0.077500
0 0.935082 0.282566 0.044178 0.078125
0 0.898251 0.332566 0.037817 0.068125
0 0.799851 0.683882 0.032515 0.066875
0 0.875930 0.851316 0.034988 0.055000
0 0.572917 0.957566 0.028274 0.064375
0 0.420015 0.349671 0.031101 0.050625
0 0.657366 0.326316 0.031101 0.080000
0 0.538690 0.263158 0.030394 0.055000
0 0.561012 0.654605 0.028274 0.055000
