0 0.951265 0.779934 0.047358 0.081875
0 0.929874 0.705592 0.038523 0.076875
0 0.850446 0.617434 0.036756 0.088125
0 0.754650 0.709211 0.042057 0.087500
0 0.668155 0.918421 0.030394 0.095000
0 0.366443 0.756579 0.038170 0.077500
0 0.338914 0.649671 0.030394 0.066875
0 0.544829 0.511513 0.040644 0.070625
0 0.330543 0.554276 0.053367 0.090625
0 0.601190 0.290132 0.040290 0.063750
0 0.878162 0.284211 0.032161 0.077500
0 0.339844 0.307237 0.037817 0.050000
0 0.369978 0.198026 0.043471 0.061250
0 0.365141 0.147368 0.040644 0.080000
0 0.958147 0.235855 0.040644 0.068125
0 0.979539 0.186184 0.038877 0.097500
0 0.902158 0.062500 0.045945 0.070000
0 0.114955 0.404605 0.045238 0.073750
0 0.029018 0.914474 0.048065 0.083750
