0 0.279576 0.652961 0.025093 0.051875
0 0.321615 0.643421 0.036402 0.063750
0 0.348028 0.720724 0.028627 0.061875
0 0.429874 0.644079 0.044178 0.075000
0 0.388765 0.323684 0.050892 0.067500
0 0.495908 0.522368 0.031101 0.057500
0 0.509487 0.561513 0.021558 0.038125
0 0.346354 0.960855 0.033928 0.044375
0 0.553943 0.573684 0.034635 0.053750
0 0.581473 0.524013 0.028981 0.058125
0 0.525856 0.607237 0.025093 0.035000
0 0.539807 0.033553 0.036049 0.061250
0 0.588542 0.028289 0.038170 0.053750
0 0.503348 0.208553 0.030394 0.053750
0 0.612537 0.425000 0.040644 0.057500
0 0.705729 0.476974 0.049479 0.081250
0 0.143787 0.641447 0.025093 0.053750
0 0.843378 0.341776 0.038170 0.068125
0 0.901042 0.470066 0.033928 0.076875
0 0.964658 0.709539 0.032515 0.066875
0 0.986235 0.605921 0.026153 0.053750
0 0.978609 0.825987 0.021558 0.050625
0 0.957589 0.948355 0.034635 0.078125
