0 0.411458 0.580263 0.031101 0.061250
0 0.432850 0.437171 0.032868 0.044375
0 0.195312 0.412171 0.028274 0.044375
0 0.730097 0.560197 0.025093 0.044375
0 0.833705 0.495724 0.026860 0.044375
0 0.430804 0.384868 0.026860 0.050000
0 0.877604 0.327961 0.031101 0.070625
0 0.390625 0.149671 0.028981 0.071875
0 0.530692 0.271382 0.040644 0.066875
0 0.266183 0.648355 0.028627 0.044375
0 0.557664 0.873684 0.036756 0.057500
0 0.304315 0.418421 0.022620 0.047500
0 0.068452 0.483553 0.034635 0.055000
0 0.112537 0.114803 0.034988 0.071875
0 0.026228 0.594079 0.049832 0.063750
0 0.021763 0.357566 0.021558 0.070625
0 0.773996 0.123684 0.019438 0.055000
0 0.648810 0.019408 0.030394 0.036875
