0 0.436012 0.951645 0.030394 0.054375
0 0.543899 0.945066 0.028274 0.048125
0 0.977121 0.936842 0.029334 0.050000
0 0.248326 0.845066 0.025093 0.048125
0 0.746280 0.794737 0.025447 0.053750
0 0.413876 0.777961 0.030748 0.050625
0 0.728981 0.739803 0.028627 0.050625
0 0.593750 0.700000 0.025447 0.047500
0 0.288876 0.655592 0.025093 0.050625
0 0.686942 0.456579 0.028627 0.051250
0 0.331101 0.388158 0.026860 0.045000
0 0.020275 0.309539 0.038523 0.084375
0 0.091704 0.391776 0.034282 0.066875
0 0.342634 0.222368 0.032515 0.061250
0 0.465216 0.216447 0.028627 0.050000
0 0.692336 0.237171 0.033928 0.050625
0 0.485119 0.168092 0.036756 0.040625
0 0.098400 0.160855 0.022973 0.048125
