0 0.498884 0.947039 0.032515 0.058125
0 0.192894 0.813816 0.029334 0.051250
0 0.382440 0.767434 0.028981 0.051875
0 0.105097 0.743750 0.029334 0.051875
0 0.441964 0.714474 0.033928 0.051250
0 0.414993 0.650987 0.032868 0.056875
0 0.292783 0.645066 0.032515 0.056875
0 0.261533 0.607895 0.031101 0.053750
0 0.216332 0.601316 0.034282 0.063750
0 0.265439 0.490461 0.032161 0.051875
0 0.582589 0.410526 0.034635 0.060000
0 0.617560 0.394079 0.030394 0.055000
0 0.653646 0.266447 0.030394 0.051250
0 0.788132 0.149671 0.034282 0.056875
0 0.175781 0.114474 0.030748 0.053750
0 0.588914 0.024342 0.032515 0.046250
0 0.850632 0.210526 0.039937 0.083750
0 0.808222 0.564474 0.037817 0.063750
0 0.757626 0.170724 0.049832 0.070625
0 0.904948 0.372039 0.040644 0.076875
0 0.979539 0.204605 0.031101 0.070000
