0 0.624070 0.483882 0.036402 0.071875
0 0.722284 0.130263 0.036402 0.063750
0 0.756696 0.078289 0.028981 0.081250
0 0.910528 0.318421 0.037817 0.081250
0 0.985119 0.123026 0.028274 0.060000
0 0.553013 0.063816 0.045591 0.085000
0 0.484561 0.141447 0.037817 0.081250
0 0.468192 0.822368 0.047712 0.075000
0 0.401972 0.770066 0.040644 0.074375
0 0.386719 0.473355 0.039937 0.068125
0 0.369048 0.089474 0.032515 0.080000
0 0.295387 0.108882 0.036756 0.081875
0 0.246094 0.164474 0.040644 0.085000
0 0.228051 0.404276 0.040290 0.061875
0 0.199405 0.641776 0.030394 0.051875
0 0.125186 0.631579 0.038523 0.055000
0 0.696801 0.659539 0.031101 0.070625
0 0.705543 0.827632 0.038523 0.057500
0 0.053199 0.324342 0.047358 0.081250
0 0.018601 0.171711 0.031101 0.090000
