0 0.915737 0.981250 0.027214 0.035625
0 0.964658 0.663816 0.033928 0.061250
0 0.688430 0.649671 0.030748 0.054375
0 0.968192 0.587171 0.034988 0.061875
0 0.783296 0.462829 0.032868 0.058125
0 0.733631 0.294737 0.032515 0.057500
0 0.858445 0.284868 0.028627 0.050000
0 0.941034 0.277961 0.030748 0.054375
0 0.635975 0.262500 0.029334 0.067500
0 0.879464 0.229605 0.028274 0.061250
0 0.671317 0.237829 0.026507 0.066875
0 0.499814 0.490132 0.021558 0.040000
0 0.535528 0.365132 0.021558 0.033750
0 0.476562 0.125329 0.028981 0.044375
0 0.462984 0.505263 0.030748 0.061250
0 0.329985 0.814145 0.033928 0.040625
0 0.299479 0.747368 0.036049 0.057500
0 0.269159 0.860855 0.026507 0.050625
0 0.181362 0.744737 0.038523 0.055000
0 0.152902 0.706250 0.034635 0.044375
0 0.157366 0.586842 0.033928 0.051250
0 0.106585 0.699671 0.025093 0.064375
0 0.082403 0.909539 0.021558 0.046875
0 0.068266 0.212171 0.021558 0.046875
