0 0.719680 0.250000 0.045591 0.085000
0 0.462054 0.295066 0.036756 0.081875
0 0.394717 0.590461 0.040290 0.061875
0 0.366071 0.827961 0.030394 0.051875
0 0.291853 0.817763 0.038523 0.055000
0 0.219866 0.510526 0.047358 0.081250
0 0.185268 0.357895 0.031101 0.090000
0 0.155320 0.929934 0.032161 0.074375
0 0.150856 0.408224 0.028627 0.100625
0 0.138951 0.482237 0.038523 0.123750
0 0.300409 0.175000 0.040644 0.081250
0 0.779204 0.156908 0.038523 0.071875
0 0.150670 0.089803 0.045945 0.070625
0 0.970796 0.147368 0.040644 0.077500
0 0.936198 0.283882 0.044178 0.078125
0 0.899368 0.333882 0.037817 0.068125
0 0.800967 0.685197 0.032515 0.066875
0 0.877046 0.852632 0.034988 0.055000
0 0.574033 0.958882 0.028274 0.064375
0 0.421131 0.350987 0.031101 0.050625
0 0.658482 0.327632 0.031101 0.080000
0 0.539807 0.264474 0.030394 0.055000
0 0.562128 0.655921 0.028274 0.055000
