0 0.340030 0.955263 0.023326 0.043750
0 0.438988 0.896382 0.030394 0.054375
0 0.546875 0.889803 0.028274 0.048125
0 0.980097 0.881579 0.029334 0.050000
0 0.251302 0.789803 0.025093 0.048125
0 0.749256 0.739474 0.025447 0.053750
0 0.416853 0.722697 0.030748 0.050625
0 0.731957 0.684539 0.028627 0.050625
0 0.596726 0.644737 0.025447 0.047500
0 0.291853 0.600329 0.025093 0.050625
0 0.689918 0.401316 0.028627 0.051250
0 0.334077 0.332895 0.026860 0.045000
0 0.021763 0.254276 0.041351 0.084375
0 0.094680 0.336513 0.034282 0.066875
0 0.345610 0.167105 0.032515 0.061250
0 0.468192 0.161184 0.028627 0.050000
0 0.695312 0.181908 0.033928 0.050625
0 0.488095 0.112829 0.036756 0.040625
0 0.101376 0.105592 0.022973 0.048125
