0 0.724888 0.981579 0.027214 0.035000
0 0.773810 0.664474 0.033928 0.061250
0 0.497582 0.650329 0.030748 0.054375
0 0.777344 0.587829 0.034988 0.061875
0 0.592448 0.463487 0.032868 0.058125
0 0.907552 0.421711 0.029334 0.047500
0 0.542783 0.295395 0.032515 0.057500
0 0.667597 0.285526 0.028627 0.050000
0 0.750186 0.278618 0.030748 0.054375
0 0.445126 0.263158 0.029334 0.067500
0 0.915551 0.254934 0.031101 0.050625
0 0.688616 0.230263 0.028274 0.061250
0 0.480469 0.238487 0.026507 0.066875
0 0.308966 0.490789 0.021558 0.040000
0 0.344680 0.365789 0.021558 0.033750
0 0.285714 0.125987 0.028981 0.044375
0 0.272135 0.505921 0.030748 0.061250
0 0.139137 0.814803 0.033928 0.040625
