0 0.237351 0.935855 0.032515 0.048125
0 0.427827 0.977632 0.031101 0.042500
0 0.668155 0.979605 0.028274 0.038750
0 0.707031 0.932237 0.038523 0.063750
0 0.936198 0.982566 0.028627 0.033125
0 0.311012 0.910855 0.028981 0.050625
0 0.504092 0.912171 0.030394 0.046875
0 0.080543 0.827303 0.025093 0.046875
0 0.554129 0.798355 0.030748 0.048125
0 0.740885 0.793421 0.042057 0.055000
0 0.801525 0.727632 0.039937 0.050000
0 0.083147 0.607895 0.029334 0.055000
0 0.619606 0.605921 0.027214 0.050000
0 0.713914 0.634539 0.028274 0.041875
0 0.447359 0.576645 0.025093 0.044375
0 0.969680 0.586513 0.022973 0.044375
0 0.267485 0.409211 0.032515 0.055000
0 0.347470 0.345395 0.032515 0.057500
0 0.651414 0.283882 0.028274 0.050625
0 0.686570 0.256579 0.032868 0.053750
0 0.026600 0.263816 0.028627 0.053750
0 0.047619 0.172039 0.016964 0.031875
0 0.072731 0.194737 0.027214 0.050000
