0 0.364397 0.643092 0.034282 0.074375
0 0.371094 0.812500 0.029334 0.055000
0 0.294829 0.477303 0.036402 0.071875
0 0.393043 0.123684 0.036402 0.063750
0 0.427455 0.071711 0.028981 0.081250
0 0.581287 0.311842 0.037817 0.081250
0 0.761905 0.546053 0.034635 0.087500
0 0.913132 0.491118 0.032161 0.041875
0 0.910714 0.406579 0.030394 0.077500
0 0.896763 0.034868 0.028627 0.060000
0 0.658110 0.116447 0.032515 0.060000
0 0.223772 0.057237 0.045591 0.085000
0 0.155320 0.134868 0.037817 0.081250
0 0.138951 0.815789 0.047712 0.075000
0 0.072731 0.763487 0.040644 0.074375
0 0.057478 0.466776 0.039937 0.068125
0 0.039807 0.082895 0.032515 0.080000
