0 0.412760 0.789803 0.021558 0.071875
0 0.699405 0.925000 0.036756 0.080000
0 0.125930 0.579934 0.021558 0.070625
0 0.261533 0.503289 0.031101 0.061250
0 0.282924 0.360197 0.032868 0.044375
0 0.160156 0.351974 0.021558 0.061250
0 0.045387 0.335197 0.028274 0.044375
0 0.580171 0.483224 0.025093 0.044375
0 0.683780 0.418750 0.026860 0.044375
0 0.948289 0.489474 0.050892 0.057500
0 0.937686 0.524342 0.037817 0.050000
0 0.280878 0.307895 0.026860 0.050000
0 0.727679 0.250987 0.031101 0.070625
0 0.617560 0.051316 0.030394 0.060000
0 0.240699 0.072697 0.028981 0.071875
