0 0.196057 0.957566 0.028981 0.050625
0 0.584449 0.947039 0.033928 0.060625
0 0.116443 0.893750 0.022620 0.041875
0 0.180990 0.869408 0.028627 0.046875
0 0.750558 0.815461 0.032161 0.058125
0 0.444568 0.682237 0.030394 0.053750
0 0.634487 0.635855 0.038523 0.070625
0 0.356213 0.612171 0.039937 0.070625
0 0.185826 0.597039 0.030748 0.060625
0 0.693638 0.582566 0.034282 0.051875
0 0.174479 0.525987 0.028981 0.050625
0 0.666853 0.519408 0.034282 0.058125
0 0.544457 0.513158 0.032868 0.055000
0 0.222470 0.473684 0.034635 0.051250
0 0.513579 0.476645 0.040644 0.070625
0 0.468936 0.468750 0.044178 0.080625
0 0.517299 0.358553 0.032161 0.051250
0 0.143043 0.357237 0.028627 0.047500
0 0.165179 0.317434 0.025447 0.046875
0 0.230655 0.300987 0.028981 0.048125
0 0.833519 0.280921 0.034988 0.060000
0 0.869420 0.265461 0.030394 0.054375
0 0.904204 0.137829 0.028627 0.048125
