0 0.381510 0.665461 0.025093 0.051875
0 0.423549 0.655921 0.036402 0.063750
0 0.449963 0.733224 0.028627 0.061875
0 0.531808 0.656579 0.044178 0.075000
0 0.490699 0.336184 0.050892 0.067500
0 0.597842 0.534868 0.031101 0.057500
0 0.611421 0.574013 0.021558 0.038125
0 0.448289 0.973355 0.033928 0.044375
0 0.655878 0.586184 0.034635 0.053750
0 0.683408 0.536513 0.028981 0.058125
0 0.627790 0.619737 0.025093 0.035000
0 0.641741 0.046053 0.036049 0.061250
0 0.690476 0.034539 0.038170 0.065625
0 0.605283 0.221053 0.030394 0.053750
0 0.714472 0.437500 0.040644 0.057500
0 0.807664 0.489474 0.049479 0.081250
0 0.245722 0.653947 0.025093 0.053750
0 0.945312 0.354276 0.038170 0.068125
0 0.075335 0.798355 0.026507 0.041875
0 0.021763 0.866118 0.034282 0.048125
