0 0.281250 0.982566 0.025447 0.033125
0 0.113653 0.982895 0.026507 0.032500
0 0.086310 0.980921 0.023326 0.036250
0 0.252046 0.970395 0.028627 0.053750
0 0.338542 0.881579 0.023326 0.043750
0 0.437500 0.822697 0.030394 0.054375
0 0.545387 0.816118 0.028274 0.048125
0 0.978609 0.807895 0.029334 0.050000
0 0.249814 0.716118 0.025093 0.048125
0 0.747768 0.665789 0.025447 0.053750
0 0.415365 0.649013 0.030748 0.050625
0 0.730469 0.610855 0.028627 0.050625
0 0.595238 0.571053 0.025447 0.047500
0 0.290365 0.526645 0.025093 0.050625
0 0.688430 0.327632 0.028627 0.051250
0 0.332589 0.259211 0.026860 0.045000
0 0.021019 0.180592 0.039937 0.084375
0 0.093192 0.262829 0.034282 0.066875
0 0.344122 0.093421 0.032515 0.061250
0 0.466704 0.087500 0.028627 0.050000
0 0.693824 0.108224 0.033928 0.050625
0 0.486607 0.039145 0.036756 0.040625
