0 0.676153 0.563816 0.038523 0.055000
0 0.647693 0.525329 0.034635 0.044375
0 0.652158 0.405921 0.033928 0.051250
0 0.601376 0.518750 0.025093 0.064375
0 0.563058 0.031250 0.021558 0.046875
0 0.492932 0.665132 0.031101 0.050000
0 0.371838 0.359539 0.038523 0.044375
0 0.361979 0.533224 0.034635 0.041875
0 0.304874 0.373026 0.040644 0.063750
0 0.280692 0.414474 0.040644 0.050000
0 0.311570 0.571053 0.034988 0.055000
0 0.321615 0.643750 0.028627 0.066875
0 0.805990 0.575987 0.023680 0.044375
0 0.829241 0.643750 0.031101 0.058125
0 0.773624 0.691776 0.029334 0.040625
0 0.582217 0.740789 0.031101 0.055000
0 0.970982 0.336842 0.036756 0.050000
0 0.119792 0.126974 0.028274 0.051250
0 0.319568 0.926974 0.030394 0.061250
0 0.252418 0.947039 0.032161 0.044375
