0 0.554501 0.078618 0.022973 0.070625
0 0.393601 0.027961 0.034635 0.053125
0 0.823103 0.056908 0.037817 0.071875
0 0.942894 0.028947 0.027214 0.055000
0 0.472656 0.134539 0.027214 0.064375
0 0.345982 0.182895 0.031101 0.055000
0 0.953311 0.269737 0.028627 0.061250
0 0.516927 0.400658 0.023680 0.051250
0 0.603423 0.519079 0.028981 0.060000
0 0.145833 0.505263 0.028274 0.055000
0 0.290365 0.588158 0.025093 0.050000
0 0.239025 0.749013 0.025093 0.044375
0 0.612537 0.772039 0.025093 0.044375
0 0.860677 0.742105 0.036402 0.065000
0 0.925037 0.711184 0.037817 0.050000
0 0.952567 0.670066 0.026507 0.048125
0 0.660900 0.919079 0.021558 0.047500
0 0.782924 0.850329 0.025093 0.044375
