0 0.580729 0.901645 0.034635 0.050625
0 0.580357 0.865461 0.040290 0.048125
0 0.818824 0.532237 0.038170 0.057500
0 0.628906 0.386513 0.043471 0.074375
0 0.605655 0.308224 0.038170 0.071875
0 0.497582 0.585526 0.027214 0.051250
0 0.859747 0.144408 0.032515 0.054375
0 0.377604 0.876645 0.045238 0.066875
0 0.278274 0.615789 0.033928 0.060000
0 0.327195 0.191776 0.044178 0.060625
0 0.159226 0.318421 0.031101 0.055000
0 0.191592 0.361842 0.034635 0.053750
0 0.213170 0.408882 0.032515 0.071875
0 0.198475 0.890461 0.043471 0.066875
0 0.095238 0.746711 0.028981 0.051250
0 0.398996 0.587171 0.038523 0.068125
