0 0.129650 0.922697 0.034988 0.061875
0 0.419829 0.816447 0.022973 0.041250
0 0.145275 0.799013 0.032868 0.054375
0 0.323847 0.743750 0.026507 0.050625
0 0.036086 0.732895 0.028981 0.057500
0 0.154204 0.700000 0.028627 0.043750
0 0.028460 0.665461 0.026507 0.046875
0 0.169271 0.367105 0.034635 0.055000
0 0.336124 0.331579 0.040644 0.067500
0 0.217820 0.282237 0.040644 0.051250
0 0.523996 0.340132 0.038523 0.055000
0 0.540923 0.250000 0.030394 0.060000
0 0.570685 0.277303 0.034635 0.066875
0 0.054688 0.181579 0.036049 0.055000
0 0.292969 0.055592 0.040644 0.056875
0 0.584635 0.704276 0.040644 0.068125
0 0.585007 0.915132 0.032868 0.067500
0 0.670201 0.076645 0.034282 0.054375
0 0.668713 0.039803 0.028627 0.054375
0 0.762835 0.494737 0.038523 0.055000
0 0.474702 0.043421 0.047358 0.080000
0 0.845982 0.442763 0.034635 0.050000
0 0.950707 0.681908 0.034282 0.050625
