0 0.558222 0.604934 0.025093 0.051875
0 0.600260 0.595395 0.036402 0.063750
0 0.626674 0.672697 0.028627 0.061875
0 0.708519 0.596053 0.044178 0.075000
0 0.667411 0.275658 0.050892 0.067500
0 0.774554 0.474342 0.031101 0.057500
0 0.788132 0.513487 0.021558 0.038125
0 0.625000 0.912829 0.033928 0.044375
0 0.832589 0.525658 0.034635 0.053750
0 0.860119 0.475987 0.028981 0.058125
0 0.804501 0.559211 0.025093 0.035000
0 0.781994 0.160526 0.030394 0.053750
0 0.891183 0.376974 0.040644 0.057500
0 0.979167 0.428947 0.039584 0.081250
0 0.422433 0.593421 0.025093 0.053750
0 0.252046 0.737829 0.026507 0.041875
0 0.198475 0.805592 0.034282 0.048125
0 0.171317 0.651316 0.036402 0.051250
0 0.073475 0.618421 0.025093 0.051250
0 0.102493 0.300329 0.045591 0.071875
0 0.140253 0.271382 0.031101 0.048125
0 0.018043 0.815461 0.025093 0.044375
0 0.160900 0.950987 0.036402 0.051875
