0 0.153832 0.562500 0.043471 0.055000
0 0.009859 0.145395 0.018731 0.051250
0 0.283110 0.125658 0.040290 0.065000
0 0.494420 0.592105 0.032515 0.065000
0 0.737723 0.744408 0.034635 0.071875
0 0.739211 0.020066 0.039584 0.038125
0 0.768043 0.744737 0.040644 0.070000
0 0.485119 0.849013 0.045945 0.064375
0 0.899926 0.480263 0.033928 0.055000
0 0.907180 0.719079 0.026507 0.063750
0 0.865327 0.803289 0.036756 0.053750
0 0.911644 0.904605 0.032161 0.055000
0 0.936198 0.751974 0.025093 0.050000
0 0.941406 0.288158 0.034282 0.061250
0 0.961496 0.901316 0.026507 0.055000
0 0.305990 0.451316 0.037817 0.047500
0 0.351004 0.411842 0.025093 0.055000
0 0.326451 0.497368 0.026507 0.045000
0 0.190662 0.624013 0.040644 0.068125
