0 0.179688 0.926974 0.028274 0.045000
0 0.749070 0.873026 0.032161 0.057500
0 0.443638 0.741776 0.040644 0.074375
0 0.632999 0.693750 0.029334 0.051875
0 0.354725 0.670066 0.030748 0.054375
0 0.184524 0.654605 0.031101 0.060000
0 0.692150 0.641118 0.032868 0.051875
0 0.172991 0.582895 0.028981 0.050000
0 0.665365 0.577961 0.032868 0.058125
0 0.543155 0.571382 0.041704 0.071875
0 0.220982 0.530921 0.034635 0.051250
0 0.512091 0.536513 0.040644 0.074375
0 0.467634 0.526974 0.045238 0.081250
0 0.141183 0.415132 0.028627 0.047500
0 0.515625 0.416447 0.031101 0.053750
0 0.163504 0.374342 0.026507 0.045000
0 0.229911 0.359211 0.040290 0.067500
0 0.832031 0.338816 0.034282 0.060000
0 0.868118 0.323355 0.029334 0.054375
0 0.902716 0.194737 0.029334 0.050000
0 0.425967 0.042434 0.031101 0.051875
0 0.116257 0.952961 0.036402 0.060625
