0 0.281994 0.849013 0.025447 0.044375
0 0.700335 0.831579 0.038523 0.063750
0 0.258743 0.808224 0.032161 0.056875
0 0.225446 0.776645 0.030394 0.051875
0 0.676711 0.759211 0.031101 0.050000
0 0.389323 0.630921 0.029334 0.053750
0 0.930804 0.588816 0.025447 0.047500
0 0.088728 0.502303 0.025093 0.041875
0 0.273996 0.455921 0.025093 0.045000
0 0.334263 0.403289 0.029334 0.045000
0 0.307478 0.338158 0.029334 0.050000
0 0.187314 0.334539 0.026507 0.046875
0 0.156808 0.296382 0.025093 0.041875
0 0.111421 0.293092 0.027214 0.054375
0 0.979353 0.268092 0.029334 0.051875
0 0.702939 0.251316 0.032868 0.053750
0 0.982329 0.192434 0.030748 0.051875
0 0.161086 0.181250 0.025447 0.044375
0 0.476004 0.096053 0.032161 0.053750
0 0.508743 0.076974 0.027214 0.050000
0 0.798177 0.062171 0.032161 0.051875
