0 0.737537 0.042434 0.028627 0.046875
0 0.362537 0.114145 0.038523 0.070625
0 0.275298 0.026645 0.028274 0.050625
0 0.305990 0.171053 0.038523 0.070000
0 0.117188 0.186513 0.016964 0.044375
0 0.067708 0.312171 0.038170 0.044375
0 0.230841 0.394408 0.026507 0.044375
0 0.267113 0.342434 0.028274 0.034375
0 0.739769 0.302961 0.037817 0.064375
0 0.421131 0.578289 0.036756 0.063750
0 0.750186 0.680263 0.036402 0.055000
0 0.757068 0.767434 0.034635 0.066875
0 0.598772 0.818750 0.046298 0.050625
0 0.131138 0.746053 0.034988 0.053750
0 0.499442 0.379934 0.037817 0.066875
0 0.202939 0.902303 0.037817 0.050625
