0 0.683222 0.019737 0.029334 0.037500
0 0.869048 0.026974 0.028981 0.040000
0 0.514881 0.056579 0.031101 0.050000
0 0.150670 0.150000 0.031101 0.061250
0 0.331845 0.259539 0.028981 0.066875
0 0.374442 0.350000 0.037817 0.061250
0 0.227865 0.431250 0.030748 0.044375
0 0.302083 0.509868 0.028981 0.055000
0 0.381324 0.419408 0.036049 0.068125
0 0.491257 0.483224 0.044178 0.068125
0 0.501302 0.381579 0.036402 0.060000
0 0.672619 0.422697 0.036756 0.070625
0 0.767113 0.495066 0.034635 0.061875
0 0.929315 0.378289 0.042411 0.085000
0 0.145461 0.458882 0.028981 0.046875
0 0.053385 0.581908 0.021558 0.038125
0 0.053013 0.645724 0.018024 0.041875
0 0.066220 0.658882 0.021205 0.040625
0 0.216704 0.600987 0.027214 0.044375
0 0.474702 0.610855 0.050892 0.074375
0 0.927455 0.595395 0.036756 0.050000
0 0.059710 0.701645 0.023680 0.046875
0 0.805804 0.785526 0.030394 0.050000
0 0.771391 0.830263 0.032868 0.051250
0 0.762091 0.882895 0.026507 0.057500
0 0.844680 0.944737 0.029334 0.055000
0 0.195312 0.907895 0.026860 0.047500
