0 0.351376 0.025658 0.026507 0.048750
0 0.290923 0.034868 0.039584 0.066250
0 0.689732 0.119737 0.036756 0.057500
0 0.983631 0.098355 0.031101 0.066875
0 0.341146 0.382237 0.031101 0.057500
0 0.243676 0.438487 0.028981 0.071875
0 0.648624 0.286513 0.039937 0.078125
0 0.843564 0.475987 0.025093 0.070625
0 0.868118 0.476316 0.040644 0.081250
0 0.249070 0.612500 0.026507 0.067500
0 0.477121 0.634211 0.037817 0.057500
0 0.548735 0.515789 0.026860 0.075000
0 0.702567 0.558224 0.025093 0.061875
0 0.952567 0.683882 0.026507 0.061875
0 0.415737 0.269737 0.025093 0.050000
0 0.427269 0.893750 0.028627 0.060625
0 0.922991 0.933553 0.031101 0.060000
0 0.956845 0.800987 0.025447 0.048125
0 0.013021 0.541118 0.024740 0.044375
0 0.334263 0.536842 0.026507 0.053750
0 0.207775 0.151645 0.042057 0.060625
0 0.087798 0.228289 0.032515 0.060000
0 0.050037 0.091447 0.025093 0.061250
