0 0.540179 0.406579 0.026860 0.045000
0 0.300781 0.410197 0.034282 0.066875
0 0.222470 0.328947 0.067858 0.091250
0 0.303757 0.181250 0.039937 0.076875
0 0.149554 0.208882 0.045945 0.051875
0 0.458705 0.873026 0.047358 0.057500
0 0.500186 0.682566 0.042057 0.066875
0 0.621652 0.801974 0.049479 0.055000
0 0.640997 0.968421 0.049479 0.060000
0 0.753720 0.969408 0.049479 0.058125
0 0.807850 0.728947 0.042057 0.061250
0 0.935826 0.768092 0.044178 0.064375
0 0.956287 0.818092 0.043471 0.051875
0 0.899926 0.480921 0.036756 0.063750
0 0.905692 0.265461 0.056901 0.058125
0 0.696243 0.191118 0.039937 0.050625
0 0.668899 0.242763 0.059375 0.061250
0 0.546131 0.242105 0.055134 0.063750
