0 0.841332 0.817434 0.049832 0.056875
0 0.026414 0.805921 0.028981 0.050000
0 0.267485 0.469737 0.036756 0.061250
0 0.031250 0.413816 0.038170 0.047500
0 0.405134 0.400329 0.028274 0.060625
0 0.725260 0.386184 0.019438 0.051250
0 0.061942 0.299013 0.034282 0.044375
0 0.827381 0.316118 0.028274 0.044375
0 0.298549 0.240789 0.025093 0.047500
0 0.188802 0.226316 0.028627 0.060000
0 0.423363 0.258882 0.022620 0.038125
0 0.425037 0.207566 0.029334 0.051875
0 0.878162 0.150000 0.026507 0.053750
0 0.020089 0.170395 0.030394 0.051250
0 0.556362 0.691118 0.025093 0.070625
0 0.334821 0.958553 0.028274 0.055000
0 0.629836 0.938816 0.034635 0.055000
0 0.668527 0.931579 0.031101 0.057500
