0 0.653460 0.041447 0.022973 0.057500
0 0.263579 0.055263 0.025093 0.055000
0 0.272879 0.100658 0.025093 0.057500
0 0.417969 0.274342 0.023680 0.063750
0 0.469122 0.315461 0.023326 0.060625
0 0.630208 0.227632 0.028274 0.090000
0 0.902344 0.245724 0.023680 0.066875
0 0.644531 0.437829 0.022973 0.066875
0 0.478981 0.456250 0.025093 0.066875
0 0.419457 0.423684 0.021558 0.053750
0 0.212984 0.476974 0.025093 0.060000
0 0.594494 0.510197 0.026860 0.070625
0 0.569382 0.724671 0.022973 0.070625
0 0.408482 0.666776 0.034635 0.066875
0 0.165365 0.612500 0.023680 0.055000
0 0.837984 0.702961 0.037817 0.071875
0 0.957775 0.675000 0.027214 0.055000
0 0.487537 0.780592 0.027214 0.064375
0 0.360863 0.828947 0.031101 0.055000
0 0.968192 0.915789 0.028627 0.061250
