0 0.482701 0.826974 0.043471 0.075000
0 0.737351 0.582237 0.048065 0.081250
0 0.807106 0.786842 0.022973 0.045000
0 0.835938 0.808882 0.028274 0.041875
0 0.787946 0.885526 0.022620 0.050000
0 0.602679 0.871711 0.032515 0.057500
0 0.438616 0.912829 0.022620 0.044375
0 0.453125 0.452303 0.028274 0.050625
0 0.557478 0.600000 0.021558 0.050000
0 0.635231 0.323684 0.027214 0.051250
0 0.760045 0.288816 0.034635 0.057500
0 0.854725 0.291118 0.028627 0.050625
0 0.940662 0.576645 0.032161 0.046875
0 0.941034 0.612829 0.036402 0.044375
0 0.981213 0.089145 0.035695 0.086875
0 0.966518 0.021382 0.031101 0.040625
0 0.574963 0.112500 0.028627 0.061250
0 0.552083 0.072368 0.034635 0.060000
0 0.520275 0.044737 0.027214 0.053750
0 0.360491 0.469408 0.019085 0.048125
0 0.321429 0.720724 0.016964 0.036875
0 0.067708 0.403947 0.022620 0.050000
0 0.043341 0.357566 0.028627 0.044375
0 0.134487 0.041776 0.028627 0.044375
