0 0.070685 0.554276 0.043824 0.066875
0 0.258743 0.571711 0.043471 0.055000
0 0.301339 0.632566 0.047358 0.060625
0 0.110677 0.154605 0.026507 0.051250
0 0.388021 0.134868 0.040290 0.065000
0 0.419457 0.453618 0.030748 0.060625
0 0.436198 0.500987 0.019438 0.044375
0 0.462984 0.419079 0.032161 0.040000
0 0.547619 0.020066 0.034635 0.038125
0 0.599330 0.601316 0.032515 0.065000
0 0.842634 0.753618 0.034635 0.071875
0 0.844122 0.024671 0.039584 0.046875
0 0.872954 0.753947 0.040644 0.070000
0 0.590030 0.858224 0.045945 0.064375
