0 0.014137 0.609211 0.026860 0.057500
0 0.056920 0.881908 0.031101 0.051875
0 0.088542 0.557237 0.030394 0.060000
0 0.116443 0.342105 0.034635 0.050000
0 0.164807 0.270724 0.024740 0.050625
0 0.357143 0.537171 0.036756 0.048125
0 0.479353 0.507237 0.032868 0.050000
0 0.525298 0.642434 0.028981 0.054375
0 0.491257 0.749342 0.025093 0.053750
0 0.152158 0.059211 0.031101 0.053750
0 0.419829 0.076316 0.026507 0.050000
0 0.570126 0.274671 0.030748 0.046875
0 0.654390 0.560855 0.028274 0.050625
0 0.764509 0.578947 0.031101 0.060000
0 0.734747 0.808224 0.030394 0.054375
0 0.878162 0.743421 0.025093 0.061250
0 0.855469 0.302632 0.026507 0.065000
0 0.895089 0.538816 0.032515 0.065000
0 0.897693 0.594079 0.031101 0.057500
