0 0.014137 0.430921 0.026860 0.057500
0 0.483817 0.480592 0.026507 0.061875
0 0.454241 0.730263 0.031101 0.060000
0 0.488095 0.597697 0.025447 0.048125
0 0.485305 0.919737 0.040644 0.055000
0 0.556362 0.416447 0.027214 0.055000
0 0.651600 0.885526 0.023680 0.047500
0 0.694382 0.894079 0.032868 0.063750
0 0.236793 0.363158 0.043471 0.065000
0 0.804129 0.383224 0.044178 0.070625
0 0.373512 0.280263 0.028981 0.081250
0 0.395461 0.279276 0.025447 0.071875
0 0.652902 0.248026 0.034635 0.055000
0 0.816220 0.230263 0.028981 0.070000
0 0.183594 0.095724 0.029334 0.070625
0 0.085379 0.326316 0.020852 0.075000
