0 0.706845 0.405263 0.026860 0.045000
0 0.467448 0.408882 0.034282 0.066875
0 0.389137 0.327632 0.067858 0.091250
0 0.470424 0.179934 0.039937 0.076875
0 0.316220 0.207566 0.045945 0.051875
0 0.625372 0.871711 0.047358 0.057500
0 0.666853 0.681250 0.042057 0.066875
0 0.788318 0.800658 0.049479 0.055000
0 0.807664 0.967763 0.049479 0.061250
0 0.920387 0.968750 0.049479 0.059375
0 0.974516 0.727632 0.042057 0.061250
0 0.862909 0.189803 0.039937 0.050625
0 0.835565 0.241447 0.059375 0.061250
0 0.712798 0.240789 0.055134 0.063750
0 0.177083 0.175000 0.033928 0.050000
0 0.164062 0.395724 0.034635 0.074375
0 0.279948 0.106250 0.037817 0.068125
0 0.019717 0.528618 0.034635 0.044375
