0 0.021205 0.525329 0.036756 0.048125
0 0.143415 0.495395 0.032868 0.050000
0 0.189360 0.630592 0.028981 0.054375
0 0.155320 0.737500 0.025093 0.053750
0 0.083891 0.064474 0.026507 0.050000
0 0.234189 0.262829 0.030748 0.046875
0 0.428571 0.567105 0.031101 0.060000
0 0.398810 0.796382 0.030394 0.054375
0 0.542225 0.731579 0.025093 0.061250
0 0.519531 0.290789 0.026507 0.065000
0 0.559152 0.526974 0.032515 0.065000
0 0.561756 0.582237 0.031101 0.057500
0 0.118490 0.848026 0.042057 0.073750
0 0.768973 0.152303 0.038170 0.044375
0 0.872210 0.043092 0.030748 0.074375
0 0.893415 0.266118 0.025093 0.061875
0 0.956287 0.662829 0.030748 0.056875
0 0.857515 0.718750 0.028274 0.050625
0 0.319568 0.566447 0.036756 0.053750
