0 0.242746 0.078947 0.032161 0.050000
0 0.059152 0.252303 0.028274 0.060625
0 0.304501 0.360197 0.025093 0.048125
0 0.279204 0.546053 0.028627 0.055000
0 0.555060 0.563487 0.033928 0.064375
0 0.748326 0.451645 0.036402 0.071875
0 0.920759 0.398355 0.034635 0.074375
0 0.070312 0.600987 0.032515 0.060625
0 0.122954 0.639803 0.032161 0.066875
0 0.076637 0.750658 0.032515 0.067500
0 0.131696 0.786184 0.028274 0.067500
0 0.297061 0.762500 0.022973 0.061250
0 0.707217 0.760526 0.036756 0.067500
0 0.251116 0.834211 0.031101 0.060000
0 0.071243 0.975658 0.023680 0.033750
