0 0.331659 0.659539 0.025093 0.051875
0 0.373698 0.650000 0.036402 0.063750
0 0.400112 0.727303 0.028627 0.061875
0 0.481957 0.650658 0.044178 0.075000
0 0.440848 0.330263 0.050892 0.067500
0 0.547991 0.528947 0.031101 0.057500
0 0.561570 0.568092 0.021558 0.038125
0 0.398438 0.967434 0.033928 0.044375
0 0.606027 0.580263 0.034635 0.053750
0 0.633557 0.530592 0.028981 0.058125
0 0.577939 0.613816 0.025093 0.035000
0 0.591890 0.040132 0.036049 0.061250
0 0.640625 0.031579 0.038170 0.060000
0 0.555432 0.215132 0.030394 0.053750
0 0.664621 0.431579 0.040644 0.057500
0 0.757812 0.483553 0.049479 0.081250
0 0.195871 0.648026 0.025093 0.053750
0 0.025298 0.785197 0.024740 0.044375
0 0.895461 0.348355 0.038170 0.068125
0 0.953125 0.476645 0.033928 0.076875
