0 0.289621 0.193092 0.019438 0.070625
0 0.602121 0.135855 0.028627 0.068125
0 0.633371 0.081250 0.028627 0.074375
0 0.336682 0.343750 0.028981 0.084375
0 0.456473 0.275000 0.031101 0.061250
0 0.594680 0.495724 0.025093 0.061875
0 0.663318 0.394079 0.032515 0.057500
0 0.901042 0.419737 0.031101 0.057500
0 0.945685 0.247697 0.031101 0.071875
0 0.255766 0.652303 0.027214 0.054375
0 0.498698 0.556250 0.032161 0.064375
0 0.581101 0.654276 0.028274 0.048125
0 0.800595 0.645066 0.033928 0.068125
0 0.954241 0.679934 0.032515 0.051875
0 0.502232 0.739803 0.026860 0.054375
0 0.729353 0.756908 0.034282 0.050625
0 0.220238 0.742105 0.028981 0.061250
0 0.196243 0.902961 0.026507 0.044375
