0 0.255580 0.646382 0.034635 0.054375
0 0.185640 0.475329 0.031101 0.060625
0 0.264881 0.815461 0.031101 0.061875
0 0.030320 0.821053 0.042057 0.070000
0 0.045015 0.138816 0.033928 0.067500
0 0.114211 0.057237 0.028274 0.055000
0 0.281994 0.128618 0.030394 0.070625
0 0.316778 0.075329 0.040644 0.068125
0 0.473400 0.311184 0.021558 0.055000
0 0.547433 0.123026 0.025093 0.057500
0 0.651414 0.546053 0.030394 0.060000
0 0.804874 0.494408 0.022973 0.036875
0 0.803013 0.407895 0.022973 0.057500
0 0.786086 0.042105 0.028981 0.057500
