0 0.776228 0.034868 0.037817 0.060000
0 0.241071 0.029605 0.031101 0.056250
0 0.207961 0.048684 0.033928 0.055000
0 0.175409 0.375658 0.030748 0.055000
0 0.528646 0.359211 0.031101 0.050000
0 0.665365 0.361184 0.053367 0.067500
0 0.706473 0.350000 0.034635 0.055000
0 0.818452 0.361184 0.045238 0.077500
0 0.885603 0.233882 0.037817 0.050625
0 0.899554 0.260197 0.038170 0.040625
0 0.906250 0.318092 0.032515 0.061875
0 0.930804 0.285855 0.019085 0.040625
0 0.963728 0.239145 0.040644 0.044375
0 0.734189 0.425987 0.028627 0.046875
0 0.359189 0.497697 0.038523 0.070625
0 0.271949 0.406579 0.028274 0.057500
0 0.302641 0.554605 0.038523 0.070000
0 0.113839 0.570066 0.016964 0.044375
0 0.064360 0.695724 0.038170 0.044375
0 0.227493 0.777961 0.026507 0.044375
0 0.263765 0.725987 0.028274 0.034375
0 0.498884 0.774013 0.030394 0.046875
0 0.736421 0.686513 0.037817 0.064375
0 0.417783 0.961842 0.036756 0.063750
