0 0.329985 0.393092 0.025447 0.044375
0 0.748326 0.375658 0.038523 0.063750
0 0.306734 0.352303 0.032161 0.056875
0 0.273438 0.320724 0.030394 0.051875
0 0.724702 0.303289 0.031101 0.050000
0 0.437314 0.175000 0.029334 0.053750
0 0.978795 0.132895 0.025447 0.047500
0 0.136719 0.046382 0.025093 0.041875
0 0.932850 0.522039 0.044178 0.070625
0 0.393787 0.613487 0.028627 0.066875
0 0.516555 0.575987 0.039937 0.086875
0 0.613653 0.577961 0.034282 0.091875
0 0.111235 0.746382 0.043824 0.100625
0 0.207961 0.738487 0.036049 0.098125
0 0.311942 0.886184 0.038523 0.080000
0 0.701451 0.885197 0.056901 0.140625
