0 0.100632 0.044079 0.028627 0.061250
0 0.013579 0.516447 0.025800 0.065000
0 0.072359 0.485526 0.037817 0.050000
0 0.099888 0.444408 0.026507 0.048125
0 0.133557 0.749342 0.031101 0.051250
0 0.341704 0.106250 0.022973 0.038125
0 0.374628 0.768092 0.032515 0.044375
0 0.483259 0.045395 0.032515 0.051250
0 0.637091 0.326645 0.029334 0.046875
0 0.414807 0.599342 0.033928 0.051250
0 0.745536 0.569737 0.032515 0.047500
0 0.708147 0.579605 0.030748 0.055000
0 0.802827 0.031908 0.028274 0.044375
0 0.069196 0.859868 0.032515 0.047500
0 0.562314 0.954605 0.040644 0.055000
0 0.584077 0.962171 0.034635 0.044375
0 0.846726 0.928289 0.040290 0.053750
0 0.924665 0.466118 0.049832 0.056875
