0 0.693638 0.789145 0.028627 0.041875
0 0.752418 0.738158 0.042057 0.041250
0 0.807478 0.965789 0.037817 0.055000
0 0.417783 0.761184 0.038170 0.061250
0 0.244048 0.744737 0.036756 0.053750
0 0.235863 0.669079 0.031101 0.060000
0 0.284040 0.617763 0.044178 0.061250
0 0.530878 0.615132 0.032515 0.065000
0 0.576265 0.619737 0.031101 0.055000
0 0.606585 0.668750 0.034282 0.061875
0 0.727679 0.670066 0.034635 0.061875
0 0.203683 0.500987 0.028627 0.048125
0 0.226562 0.456579 0.028274 0.051250
0 0.292411 0.447039 0.031101 0.044375
0 0.580171 0.508553 0.028627 0.060000
0 0.509301 0.833224 0.038170 0.070625
0 0.491071 0.129605 0.031101 0.061250
0 0.896205 0.427632 0.043824 0.075000
0 0.929501 0.406250 0.037817 0.064375
0 0.962612 0.282566 0.036402 0.066875
0 0.902530 0.038487 0.031101 0.064375
