0 0.287760 0.552303 0.044178 0.068125
0 0.117746 0.662500 0.028627 0.063750
0 0.082775 0.666776 0.026507 0.054375
0 0.532738 0.747368 0.026860 0.051250
0 0.612909 0.714145 0.025093 0.051875
0 0.704985 0.706250 0.025447 0.046875
0 0.747768 0.707566 0.021205 0.041875
0 0.884115 0.417105 0.025093 0.035000
0 0.974330 0.366447 0.019791 0.053750
0 0.702939 0.048026 0.019438 0.053750
0 0.607515 0.088816 0.015551 0.033750
0 0.539062 0.110526 0.021205 0.035000
0 0.273624 0.058224 0.028627 0.056875
0 0.177641 0.126974 0.023680 0.051250
0 0.375186 0.982895 0.026507 0.032500
