0 0.625744 0.623355 0.024740 0.044375
0 0.772321 0.906908 0.034635 0.041875
0 0.939546 0.599671 0.029334 0.050625
0 0.642671 0.486184 0.040644 0.061250
0 0.650298 0.427632 0.022620 0.051250
0 0.611049 0.196711 0.025093 0.055000
0 0.744978 0.319737 0.040644 0.063750
0 0.857143 0.051645 0.025447 0.044375
0 0.982143 0.157895 0.019085 0.040000
0 0.521949 0.464474 0.038170 0.051250
0 0.483631 0.698355 0.040290 0.044375
0 0.406250 0.450000 0.050892 0.051250
0 0.321057 0.158224 0.051599 0.036875
0 0.224702 0.398355 0.050892 0.040625
0 0.273810 0.528947 0.047358 0.057500
0 0.239397 0.635526 0.044178 0.055000
0 0.203311 0.742105 0.054781 0.061250
0 0.111421 0.432566 0.037817 0.050625
