0 0.592820 0.476645 0.036402 0.071875
0 0.691034 0.123026 0.036402 0.063750
0 0.725446 0.071053 0.028981 0.081250
0 0.879278 0.311184 0.037817 0.081250
0 0.956101 0.115789 0.032515 0.060000
0 0.521763 0.056579 0.045591 0.085000
0 0.453311 0.134211 0.037817 0.081250
0 0.436942 0.815132 0.047712 0.075000
0 0.370722 0.762829 0.040644 0.074375
0 0.355469 0.466118 0.039937 0.068125
0 0.337798 0.082237 0.032515 0.080000
0 0.264137 0.101645 0.036756 0.081875
0 0.214844 0.157237 0.040644 0.085000
0 0.196801 0.397039 0.040290 0.061875
0 0.168155 0.634539 0.030394 0.051875
0 0.093936 0.624342 0.038523 0.055000
0 0.665551 0.652303 0.031101 0.070625
0 0.674293 0.820395 0.038523 0.057500
