0 0.153274 0.554934 0.043824 0.066875
0 0.341332 0.572368 0.043471 0.055000
0 0.383929 0.633224 0.047358 0.060625
0 0.193266 0.155263 0.026507 0.051250
0 0.470610 0.135526 0.040290 0.065000
0 0.502046 0.454276 0.030748 0.060625
0 0.518787 0.501645 0.019438 0.044375
0 0.545573 0.419737 0.032161 0.040000
0 0.630208 0.020395 0.034635 0.038750
0 0.662574 0.855592 0.043824 0.071875
0 0.681920 0.601974 0.032515 0.065000
0 0.925223 0.754276 0.034635 0.071875
0 0.926711 0.025000 0.039584 0.047500
0 0.955543 0.754605 0.040644 0.070000
