0 0.311384 0.836513 0.025447 0.044375
0 0.729725 0.819079 0.038523 0.063750
0 0.288132 0.795724 0.032161 0.056875
0 0.254836 0.764145 0.030394 0.051875
0 0.706101 0.746711 0.031101 0.050000
0 0.418713 0.618421 0.029334 0.053750
0 0.960193 0.576316 0.025447 0.047500
0 0.118118 0.489803 0.025093 0.041875
0 0.303385 0.443421 0.025093 0.045000
0 0.363653 0.390789 0.029334 0.045000
0 0.336868 0.325658 0.029334 0.050000
0 0.216704 0.322039 0.026507 0.046875
0 0.186198 0.283882 0.025093 0.041875
0 0.140811 0.280592 0.027214 0.054375
0 0.732329 0.238816 0.032868 0.053750
0 0.190476 0.168750 0.025447 0.044375
0 0.505394 0.083553 0.032161 0.053750
0 0.538132 0.064474 0.027214 0.050000
0 0.827567 0.049671 0.032161 0.051875
0 0.031808 0.418092 0.025093 0.044375
0 0.914249 0.964145 0.044178 0.068125
