0 0.478051 0.627303 0.024740 0.044375
0 0.624628 0.910855 0.034635 0.041875
0 0.791853 0.603618 0.029334 0.050625
0 0.889695 0.538158 0.028627 0.031250
0 0.494978 0.490132 0.040644 0.061250
0 0.502604 0.431579 0.022620 0.051250
0 0.945685 0.377303 0.033928 0.044375
0 0.463356 0.200658 0.025093 0.055000
0 0.597284 0.323684 0.040644 0.063750
0 0.709449 0.055592 0.025447 0.044375
0 0.834449 0.161842 0.019085 0.040000
0 0.374256 0.468421 0.038170 0.051250
0 0.335938 0.702303 0.040290 0.044375
0 0.258557 0.453947 0.050892 0.051250
0 0.173363 0.162171 0.051599 0.036875
0 0.077009 0.402303 0.050892 0.040625
0 0.126116 0.532895 0.047358 0.057500
0 0.091704 0.639474 0.044178 0.055000
0 0.055618 0.746053 0.054781 0.061250
