0 0.144159 0.906908 0.027214 0.051875
0 0.074033 0.893092 0.019085 0.044375
0 0.174479 0.670724 0.030394 0.040625
0 0.334635 0.734539 0.028627 0.044375
0 0.649368 0.928947 0.039937 0.051250
0 0.577753 0.757237 0.031101 0.057500
0 0.868676 0.605921 0.028981 0.057500
0 0.201265 0.431579 0.032515 0.061250
0 0.245164 0.360855 0.032515 0.048125
0 0.435640 0.405263 0.031101 0.047500
0 0.675967 0.414474 0.028274 0.057500
0 0.714844 0.357237 0.038523 0.063750
0 0.944010 0.415132 0.028627 0.047500
0 0.318824 0.335855 0.028981 0.050625
0 0.511905 0.337171 0.030394 0.046875
0 0.088356 0.252303 0.025093 0.046875
0 0.561942 0.223355 0.030748 0.048125
0 0.748698 0.218421 0.042057 0.055000
0 0.809338 0.152632 0.039937 0.050000
0 0.090960 0.032895 0.029334 0.055000
0 0.627418 0.030921 0.027214 0.050000
0 0.721726 0.059539 0.028274 0.041875
