0 0.158668 0.330921 0.043471 0.055000
0 0.499256 0.360526 0.032515 0.065000
0 0.742560 0.512829 0.034635 0.071875
0 0.772879 0.513158 0.040644 0.070000
0 0.489955 0.617434 0.045945 0.064375
0 0.904762 0.248684 0.033928 0.055000
0 0.912016 0.487500 0.026507 0.063750
0 0.870164 0.571711 0.036756 0.053750
0 0.916481 0.673026 0.032161 0.055000
0 0.941034 0.520395 0.025093 0.050000
0 0.946243 0.056579 0.034282 0.061250
0 0.966332 0.669737 0.026507 0.055000
0 0.310826 0.219737 0.037817 0.047500
0 0.355841 0.180263 0.025093 0.055000
0 0.331287 0.265789 0.026507 0.045000
0 0.195499 0.392434 0.040644 0.068125
0 0.880022 0.865461 0.039937 0.060625
0 0.768787 0.972697 0.037817 0.051875
0 0.233631 0.970395 0.031101 0.056250
