0 0.490885 0.025000 0.025093 0.047500
0 0.224888 0.035526 0.025093 0.060000
0 0.606399 0.068750 0.026860 0.070625
0 0.581287 0.283224 0.022973 0.070625
0 0.420387 0.225329 0.034635 0.066875
0 0.177269 0.171053 0.023680 0.055000
0 0.849888 0.261513 0.037817 0.071875
0 0.969680 0.233553 0.027214 0.055000
0 0.499442 0.339145 0.027214 0.064375
0 0.372768 0.387500 0.031101 0.055000
0 0.980097 0.474342 0.028627 0.061250
0 0.543713 0.605263 0.023680 0.051250
0 0.630208 0.723684 0.028981 0.060000
0 0.172619 0.709868 0.028274 0.055000
0 0.317150 0.792763 0.025093 0.050000
0 0.265811 0.953618 0.025093 0.044375
0 0.639323 0.976645 0.025093 0.044375
0 0.887463 0.946711 0.036402 0.065000
0 0.951823 0.915789 0.037817 0.050000
0 0.979353 0.874671 0.026507 0.048125
