0 0.670015 0.019737 0.024740 0.037500
0 0.028274 0.067434 0.023326 0.050625
0 0.633371 0.150658 0.021558 0.055000
0 0.196987 0.272697 0.021558 0.050625
0 0.284040 0.386184 0.023680 0.057500
0 0.294457 0.648355 0.019438 0.070625
0 0.606957 0.591118 0.028627 0.068125
0 0.638207 0.536513 0.028627 0.074375
0 0.341518 0.799013 0.028981 0.084375
0 0.461310 0.730263 0.031101 0.061250
0 0.599516 0.950987 0.025093 0.061875
0 0.668155 0.849342 0.032515 0.057500
0 0.905878 0.875000 0.031101 0.057500
0 0.950521 0.702961 0.031101 0.071875
