0 0.361979 0.285526 0.048065 0.077500
0 0.654948 0.043750 0.037817 0.071875
0 0.717076 0.150329 0.038523 0.078125
0 0.917597 0.649342 0.038523 0.091250
0 0.942336 0.753947 0.050892 0.083750
0 0.899926 0.563158 0.065029 0.117500
0 0.911458 0.310197 0.049479 0.078125
0 0.941592 0.197697 0.045945 0.071875
0 0.937872 0.152961 0.047358 0.074375
0 0.604911 0.913487 0.062909 0.104375
0 0.689360 0.405592 0.049479 0.080625
0 0.365327 0.678947 0.048065 0.091250
0 0.340774 0.627961 0.034635 0.066875
0 0.359933 0.590461 0.029334 0.068125
