0 0.581287 0.115461 0.022973 0.070625
0 0.420387 0.057566 0.034635 0.066875
0 0.849888 0.093750 0.037817 0.071875
0 0.969680 0.065789 0.027214 0.055000
0 0.499442 0.171382 0.027214 0.064375
0 0.372768 0.219737 0.031101 0.055000
0 0.980097 0.306579 0.028627 0.061250
0 0.543713 0.437500 0.023680 0.051250
0 0.630208 0.555921 0.028981 0.060000
0 0.172619 0.542105 0.028274 0.055000
0 0.317150 0.625000 0.025093 0.050000
0 0.265811 0.785855 0.025093 0.044375
0 0.639323 0.808882 0.025093 0.044375
0 0.887463 0.778947 0.036402 0.065000
0 0.951823 0.748026 0.037817 0.050000
0 0.979353 0.706908 0.026507 0.048125
0 0.687686 0.955921 0.021558 0.047500
0 0.809710 0.887171 0.025093 0.044375
