0 0.435082 0.647039 0.034282 0.074375
0 0.441778 0.816447 0.029334 0.055000
0 0.365513 0.481250 0.036402 0.071875
0 0.463728 0.127632 0.036402 0.063750
0 0.498140 0.075658 0.028981 0.081250
0 0.651972 0.315789 0.037817 0.081250
0 0.832589 0.550000 0.034635 0.087500
0 0.983445 0.495066 0.031454 0.041875
0 0.981399 0.410526 0.030394 0.077500
0 0.967448 0.038816 0.028627 0.060000
0 0.728795 0.120395 0.032515 0.060000
0 0.294457 0.061184 0.045591 0.085000
0 0.226004 0.138816 0.037817 0.081250
0 0.209635 0.819737 0.047712 0.075000
0 0.143415 0.767434 0.040644 0.074375
0 0.128162 0.470724 0.039937 0.068125
0 0.110491 0.086842 0.032515 0.080000
