0 0.561942 0.407566 0.025093 0.051875
0 0.603981 0.398026 0.036402 0.063750
0 0.630394 0.475329 0.028627 0.061875
0 0.712240 0.398684 0.044178 0.075000
0 0.671131 0.078289 0.050892 0.067500
0 0.778274 0.276974 0.031101 0.057500
0 0.791853 0.316118 0.021558 0.038125
0 0.628720 0.715461 0.033928 0.044375
0 0.836310 0.328289 0.034635 0.053750
0 0.863839 0.278618 0.028981 0.058125
0 0.808222 0.361842 0.025093 0.035000
0 0.894903 0.179605 0.040644 0.057500
0 0.981027 0.231579 0.036049 0.081250
0 0.426153 0.396053 0.025093 0.053750
0 0.255766 0.540461 0.026507 0.041875
0 0.202195 0.608224 0.034282 0.048125
0 0.175037 0.453947 0.036402 0.051250
0 0.077195 0.421053 0.025093 0.051250
0 0.106213 0.102961 0.045591 0.071875
0 0.143973 0.074013 0.031101 0.048125
0 0.021763 0.618092 0.025093 0.044375
0 0.164621 0.753618 0.036402 0.051875
0 0.392857 0.802303 0.033928 0.076875
0 0.126116 0.807895 0.028274 0.041250
