0 0.017113 0.556579 0.028981 0.061250
0 0.308780 0.509539 0.031101 0.054375
0 0.330357 0.515132 0.028981 0.060000
0 0.417597 0.719737 0.034282 0.057500
0 0.424479 0.829605 0.028274 0.050000
0 0.391555 0.964803 0.025093 0.038125
0 0.487909 0.648684 0.026507 0.040000
0 0.449219 0.134868 0.029334 0.067500
0 0.485677 0.131579 0.026507 0.061250
0 0.159040 0.159539 0.027214 0.066875
0 0.117374 0.325658 0.022973 0.055000
0 0.588170 0.486184 0.028274 0.060000
0 0.738839 0.607895 0.034635 0.057500
0 0.752418 0.460526 0.037817 0.055000
0 0.663132 0.029605 0.039937 0.056250
0 0.904948 0.222368 0.023680 0.060000
0 0.171503 0.610197 0.034635 0.064375
