0 0.709077 0.312171 0.024740 0.044375
0 0.855655 0.595724 0.034635 0.041875
0 0.726004 0.175000 0.040644 0.061250
0 0.733631 0.116447 0.022620 0.051250
0 0.828311 0.021053 0.040644 0.040000
0 0.605283 0.153289 0.038170 0.051250
0 0.566964 0.387171 0.040290 0.044375
0 0.489583 0.138816 0.050892 0.051250
0 0.308036 0.087171 0.050892 0.040625
0 0.357143 0.217763 0.047358 0.057500
0 0.322731 0.324342 0.044178 0.055000
0 0.286644 0.430921 0.054781 0.061250
0 0.194754 0.121382 0.037817 0.050625
0 0.323661 0.720395 0.032515 0.057500
0 0.294457 0.772039 0.026507 0.068125
0 0.234003 0.790461 0.039584 0.068125
0 0.146019 0.907895 0.037817 0.063750
0 0.033854 0.971382 0.043824 0.054375
0 0.632812 0.876316 0.036756 0.057500
0 0.928571 0.854934 0.034635 0.066875
0 0.963914 0.846382 0.034635 0.066875
