0 0.414621 0.645724 0.034282 0.074375
0 0.421317 0.815132 0.029334 0.055000
0 0.345052 0.479934 0.036402 0.071875
0 0.443266 0.126316 0.036402 0.063750
0 0.477679 0.074342 0.028981 0.081250
0 0.631510 0.314474 0.037817 0.081250
0 0.812128 0.548684 0.034635 0.087500
0 0.963356 0.493750 0.032161 0.041875
0 0.960938 0.409211 0.030394 0.077500
0 0.946987 0.037500 0.028627 0.060000
0 0.708333 0.119079 0.032515 0.060000
0 0.273996 0.059868 0.045591 0.085000
0 0.205543 0.137500 0.037817 0.081250
0 0.189174 0.818421 0.047712 0.075000
0 0.122954 0.766118 0.040644 0.074375
0 0.107701 0.469408 0.039937 0.068125
0 0.090030 0.085526 0.032515 0.080000
