0 0.832217 0.774671 0.047358 0.081875
0 0.810826 0.700329 0.038523 0.076875
0 0.731399 0.612171 0.036756 0.088125
0 0.635603 0.703947 0.042057 0.087500
0 0.549107 0.913158 0.030394 0.095000
0 0.980469 0.789474 0.037109 0.081250
0 0.247396 0.751316 0.038170 0.077500
0 0.219866 0.644408 0.030394 0.066875
0 0.425781 0.506250 0.040644 0.070625
0 0.211496 0.549013 0.053367 0.090625
0 0.482143 0.284868 0.040290 0.063750
0 0.759115 0.278947 0.032161 0.077500
0 0.220796 0.301974 0.037817 0.050000
0 0.250930 0.192763 0.043471 0.061250
0 0.246094 0.142105 0.040644 0.080000
0 0.839100 0.230592 0.040644 0.068125
0 0.868304 0.180921 0.053721 0.097500
0 0.783110 0.057237 0.045945 0.070000
