0 0.092262 0.564474 0.031101 0.060000
0 0.062500 0.793750 0.030394 0.054375
0 0.205915 0.728947 0.025093 0.061250
0 0.183222 0.288158 0.026507 0.065000
0 0.222842 0.524342 0.032515 0.065000
0 0.225446 0.579605 0.031101 0.057500
0 0.432664 0.149671 0.038170 0.044375
0 0.535900 0.040461 0.030748 0.074375
0 0.557106 0.263487 0.025093 0.061875
0 0.665923 0.107237 0.030394 0.060000
0 0.670015 0.472697 0.030394 0.070625
0 0.881138 0.737171 0.020852 0.046875
0 0.885231 0.704934 0.027214 0.050625
0 0.523065 0.700658 0.032515 0.047500
0 0.625558 0.638487 0.026507 0.054375
0 0.956287 0.688158 0.036402 0.057500
