0 0.358073 0.555592 0.044178 0.068125
0 0.188058 0.665789 0.028627 0.063750
0 0.153088 0.670066 0.026507 0.054375
0 0.603051 0.750658 0.026860 0.051250
0 0.683222 0.717434 0.025093 0.051875
0 0.775298 0.709539 0.025447 0.046875
0 0.818080 0.710855 0.021205 0.041875
0 0.954427 0.420395 0.025093 0.035000
0 0.773251 0.051316 0.019438 0.053750
0 0.677827 0.092105 0.015551 0.033750
0 0.609375 0.113816 0.021205 0.035000
0 0.343936 0.061513 0.028627 0.056875
0 0.247954 0.130263 0.023680 0.051250
0 0.078311 0.422368 0.039937 0.067500
