0 0.201265 0.332237 0.031101 0.057500
0 0.245908 0.160197 0.031101 0.071875
0 0.100818 0.557566 0.033928 0.068125
0 0.254464 0.592434 0.032515 0.051875
0 0.029576 0.669408 0.034282 0.050625
0 0.402158 0.509868 0.079873 0.090000
0 0.503348 0.710855 0.049479 0.054375
0 0.512463 0.832237 0.040644 0.060000
0 0.480469 0.948355 0.043471 0.046875
0 0.534226 0.143092 0.032515 0.044375
0 0.572545 0.137500 0.033928 0.050000
0 0.575521 0.656579 0.031101 0.053750
0 0.668155 0.471382 0.036756 0.044375
0 0.746094 0.023026 0.040644 0.043750
0 0.833519 0.454934 0.032161 0.050625
0 0.822359 0.607566 0.037817 0.068125
