0 0.377790 0.043421 0.037817 0.061250
0 0.231213 0.124671 0.030748 0.044375
0 0.305432 0.203289 0.028981 0.055000
0 0.384673 0.112829 0.036049 0.068125
0 0.494606 0.176645 0.044178 0.068125
0 0.504650 0.075000 0.036402 0.060000
0 0.675967 0.116118 0.036756 0.070625
0 0.770461 0.188487 0.034635 0.061875
0 0.932664 0.071711 0.042411 0.085000
0 0.148810 0.152303 0.028981 0.046875
0 0.056734 0.275329 0.021558 0.038125
0 0.056362 0.339145 0.018024 0.041875
0 0.069568 0.352303 0.021205 0.040625
0 0.220052 0.294408 0.027214 0.044375
0 0.478051 0.304276 0.050892 0.074375
0 0.930804 0.288816 0.036756 0.050000
0 0.063058 0.395066 0.023680 0.046875
0 0.809152 0.478947 0.030394 0.050000
0 0.774740 0.523684 0.032868 0.051250
0 0.765439 0.576316 0.026507 0.057500
0 0.848028 0.638158 0.029334 0.055000
0 0.198661 0.601316 0.026860 0.047500
0 0.096726 0.729605 0.028274 0.047500
0 0.129836 0.711184 0.019085 0.037500
0 0.185826 0.693750 0.026507 0.044375
0 0.402158 0.755263 0.034635 0.051250
0 0.022135 0.867763 0.022973 0.045000
0 0.236421 0.894408 0.037817 0.061875
0 0.060454 0.930592 0.025093 0.046875
