0 0.102493 0.817105 0.022973 0.041250
0 0.010231 0.744408 0.019438 0.050625
0 0.020089 0.332237 0.038170 0.067500
0 0.206659 0.340789 0.038523 0.055000
0 0.223586 0.250658 0.030394 0.060000
0 0.253348 0.277961 0.034635 0.066875
0 0.267299 0.704934 0.040644 0.068125
0 0.267671 0.915789 0.032868 0.067500
0 0.352865 0.077303 0.034282 0.054375
0 0.351376 0.040461 0.028627 0.054375
0 0.445499 0.495395 0.038523 0.055000
0 0.157366 0.044079 0.047358 0.080000
0 0.528646 0.443421 0.034635 0.050000
0 0.633371 0.682566 0.034282 0.050625
0 0.802641 0.695395 0.040644 0.061250
0 0.925781 0.885526 0.053367 0.055000
0 0.895089 0.726316 0.049479 0.061250
0 0.739955 0.890461 0.047358 0.044375
0 0.833147 0.363816 0.040644 0.051250
0 0.865141 0.343092 0.047712 0.070625
0 0.984003 0.819408 0.030394 0.044375
