0 0.296689 0.822368 0.043471 0.075000
0 0.551339 0.577632 0.048065 0.081250
0 0.621094 0.782237 0.022973 0.045000
0 0.649926 0.804276 0.028274 0.041875
0 0.601935 0.880921 0.022620 0.050000
0 0.416667 0.867105 0.032515 0.057500
0 0.252604 0.908224 0.022620 0.044375
0 0.267113 0.447697 0.028274 0.050625
0 0.371466 0.595395 0.021558 0.050000
0 0.449219 0.319079 0.027214 0.051250
0 0.574033 0.284211 0.034635 0.057500
0 0.668713 0.286513 0.028627 0.050625
0 0.754650 0.572039 0.032161 0.046875
0 0.755022 0.608224 0.036402 0.044375
0 0.930060 0.972368 0.031101 0.052500
0 0.804501 0.084539 0.053367 0.086875
0 0.780506 0.019079 0.031101 0.036250
0 0.388951 0.107895 0.028627 0.061250
0 0.366071 0.067763 0.034635 0.060000
0 0.334263 0.040132 0.027214 0.053750
0 0.174479 0.464803 0.019085 0.048125
0 0.135417 0.716118 0.016964 0.036875
