0 0.457403 0.800329 0.026507 0.061875
0 0.461682 0.917434 0.025447 0.048125
0 0.529948 0.736184 0.027214 0.055000
0 0.210379 0.682895 0.043471 0.065000
0 0.777716 0.702961 0.044178 0.070625
0 0.347098 0.600000 0.028981 0.081250
0 0.369048 0.599013 0.025447 0.071875
0 0.626488 0.567763 0.034635 0.055000
0 0.789807 0.550000 0.028981 0.070000
0 0.157180 0.415461 0.029334 0.070625
0 0.058966 0.646053 0.020852 0.075000
0 0.498326 0.217434 0.022973 0.048125
0 0.533854 0.211842 0.033928 0.053750
0 0.199591 0.251974 0.039937 0.067500
0 0.948661 0.310526 0.031101 0.061250
