0 0.105097 0.906908 0.059022 0.094375
0 0.307850 0.896053 0.036402 0.055000
0 0.309524 0.941447 0.038170 0.053750
0 0.221168 0.611184 0.034988 0.061250
0 0.127232 0.613816 0.053014 0.070000
0 0.047805 0.213816 0.042057 0.057500
0 0.334821 0.341447 0.049479 0.060000
0 0.354725 0.412500 0.051954 0.081250
0 0.547619 0.568750 0.043824 0.066875
0 0.735677 0.586184 0.043471 0.055000
0 0.778274 0.647039 0.047358 0.060625
0 0.587612 0.169079 0.026507 0.051250
0 0.864955 0.149342 0.040290 0.065000
0 0.886905 0.471053 0.036756 0.063750
0 0.910156 0.518421 0.026507 0.050000
0 0.933036 0.434539 0.030394 0.046875
