0 0.285528 0.046711 0.023680 0.057500
0 0.295945 0.308882 0.019438 0.070625
0 0.608445 0.251645 0.028627 0.068125
0 0.639695 0.197039 0.028627 0.074375
0 0.343006 0.459539 0.028981 0.084375
0 0.462798 0.390789 0.031101 0.061250
0 0.601004 0.611513 0.025093 0.061875
0 0.669643 0.509868 0.032515 0.057500
0 0.907366 0.535526 0.031101 0.057500
0 0.952009 0.363487 0.031101 0.071875
0 0.262091 0.768092 0.027214 0.054375
0 0.505022 0.672039 0.032161 0.064375
0 0.587426 0.770066 0.028274 0.048125
0 0.806920 0.760855 0.033928 0.068125
0 0.960565 0.795724 0.032515 0.051875
0 0.508557 0.855592 0.026860 0.054375
0 0.735677 0.872697 0.034282 0.050625
0 0.226562 0.857895 0.028981 0.061250
