0 0.453497 0.656579 0.031101 0.061250
0 0.474888 0.513487 0.032868 0.044375
0 0.237351 0.488487 0.028274 0.044375
0 0.772135 0.636513 0.025093 0.044375
0 0.875744 0.572039 0.026860 0.044375
0 0.472842 0.461184 0.026860 0.050000
0 0.919643 0.404276 0.031101 0.070625
0 0.432664 0.225987 0.028981 0.071875
0 0.572731 0.347697 0.040644 0.066875
0 0.308222 0.724671 0.028627 0.044375
0 0.599702 0.950000 0.036756 0.057500
0 0.346354 0.494737 0.022620 0.047500
0 0.110491 0.559868 0.034635 0.055000
0 0.154576 0.191118 0.034988 0.071875
0 0.068266 0.670395 0.049832 0.063750
0 0.063802 0.433882 0.021558 0.070625
0 0.816034 0.200000 0.019438 0.055000
0 0.690848 0.095066 0.030394 0.038125
0 0.040179 0.779276 0.045945 0.060625
0 0.918341 0.050658 0.025093 0.061250
