0 0.457031 0.976316 0.027214 0.045000
0 0.744792 0.938158 0.028981 0.051250
0 0.896019 0.811513 0.032161 0.058125
0 0.505952 0.653947 0.033928 0.061250
0 0.229725 0.639803 0.030748 0.054375
0 0.907552 0.594737 0.034282 0.050000
0 0.509487 0.577303 0.034988 0.061875
0 0.324591 0.452961 0.032868 0.058125
0 0.639695 0.411184 0.029334 0.047500
0 0.828125 0.317763 0.030394 0.053750
0 0.274926 0.284868 0.032515 0.057500
0 0.399740 0.275000 0.028627 0.050000
0 0.482329 0.268092 0.030748 0.054375
0 0.177269 0.252632 0.029334 0.067500
0 0.647693 0.244408 0.031101 0.050625
0 0.420759 0.219737 0.028274 0.061250
0 0.212612 0.227961 0.026507 0.066875
0 0.041109 0.480263 0.021558 0.040000
0 0.076823 0.355263 0.021558 0.033750
0 0.017857 0.115461 0.028981 0.044375
