0 0.871466 0.977303 0.027214 0.043125
0 0.545945 0.883553 0.026507 0.045000
0 0.360491 0.872697 0.024740 0.046875
0 0.592448 0.814803 0.030748 0.050625
0 0.566778 0.788158 0.030748 0.053750
0 0.699777 0.611184 0.032515 0.051250
0 0.315290 0.594408 0.034282 0.044375
0 0.699963 0.576316 0.026507 0.047500
0 0.495536 0.580592 0.045238 0.076875
0 0.393415 0.319737 0.025093 0.041250
0 0.613653 0.288816 0.028627 0.045000
0 0.518229 0.288158 0.033928 0.053750
0 0.938616 0.248355 0.038170 0.064375
0 0.331101 0.107566 0.025447 0.041875
0 0.308966 0.067763 0.038523 0.061250
0 0.276228 0.045066 0.037817 0.064375
0 0.725074 0.024342 0.036049 0.046250
0 0.209077 0.450658 0.032515 0.057500
0 0.113653 0.461513 0.021558 0.041875
0 0.239583 0.824671 0.028274 0.050625
0 0.193266 0.913487 0.029334 0.050625
0 0.075707 0.714803 0.018024 0.036875
0 0.748698 0.093092 0.042057 0.066875
