0 0.215588 0.037829 0.037817 0.071875
0 0.335379 0.019408 0.027214 0.036875
0 0.345796 0.250658 0.028627 0.061250
0 0.009115 0.752961 0.017318 0.044375
0 0.253162 0.723026 0.036402 0.065000
0 0.317522 0.692105 0.037817 0.050000
0 0.345052 0.650987 0.026507 0.048125
0 0.053385 0.900000 0.021558 0.047500
0 0.175409 0.831250 0.025093 0.044375
0 0.378720 0.955921 0.031101 0.051250
0 0.379278 0.144079 0.023680 0.053750
0 0.511905 0.072697 0.028981 0.038125
0 0.586868 0.312829 0.022973 0.038125
0 0.621094 0.090132 0.032161 0.050000
0 0.665737 0.807895 0.026507 0.053750
0 0.619792 0.974671 0.032515 0.044375
0 0.728423 0.251974 0.032515 0.051250
0 0.748698 0.110526 0.021558 0.043750
0 0.747954 0.063158 0.028627 0.040000
0 0.882254 0.533224 0.029334 0.046875
0 0.957217 0.778618 0.033928 0.048125
