0 0.269717 0.962171 0.032515 0.058125
0 0.153274 0.782566 0.028981 0.051875
0 0.212798 0.729605 0.033928 0.051250
0 0.185826 0.666118 0.032868 0.056875
0 0.063616 0.660197 0.032515 0.056875
0 0.032366 0.623026 0.031101 0.053750
0 0.036272 0.505592 0.032161 0.051875
0 0.353423 0.425658 0.034635 0.060000
0 0.388393 0.409211 0.030394 0.055000
0 0.424479 0.281579 0.030394 0.051250
0 0.558966 0.164803 0.034282 0.056875
0 0.359747 0.037500 0.032515 0.050000
0 0.621466 0.225658 0.039937 0.083750
0 0.579055 0.579605 0.037817 0.063750
0 0.528460 0.185855 0.049832 0.070625
0 0.675781 0.387171 0.040644 0.076875
0 0.750372 0.219737 0.031101 0.070000
0 0.856771 0.592434 0.032515 0.071875
0 0.858817 0.519408 0.036402 0.070625
0 0.834449 0.215132 0.034635 0.060000
0 0.770647 0.163487 0.037817 0.056875
0 0.808780 0.921711 0.032515 0.060000
