0 0.250372 0.976645 0.030394 0.044375
0 0.280506 0.966118 0.034635 0.056875
0 0.339472 0.945066 0.030748 0.050625
0 0.351004 0.845724 0.030748 0.060625
0 0.373698 0.545066 0.032161 0.050625
0 0.383371 0.405592 0.032868 0.058125
0 0.296875 0.405263 0.036049 0.063750
0 0.299851 0.103618 0.041704 0.078125
0 0.204055 0.595066 0.026507 0.048125
0 0.219866 0.605921 0.032515 0.060000
0 0.209263 0.647697 0.022973 0.044375
0 0.208333 0.522368 0.031101 0.063750
0 0.454799 0.457566 0.025093 0.050625
0 0.534784 0.371382 0.034988 0.068125
0 0.525298 0.294079 0.032515 0.065000
0 0.483631 0.236184 0.036756 0.050000
0 0.631138 0.553947 0.038523 0.080000
0 0.653088 0.335526 0.034282 0.053750
0 0.823475 0.373026 0.037817 0.060000
0 0.919457 0.443750 0.028627 0.040625
