0 0.021949 0.701316 0.031101 0.051250
0 0.230097 0.058224 0.022973 0.038125
0 0.263021 0.720066 0.032515 0.044375
0 0.525484 0.278618 0.029334 0.046875
0 0.303199 0.551316 0.033928 0.051250
0 0.633929 0.521711 0.032515 0.047500
0 0.596540 0.531579 0.030748 0.055000
0 0.450707 0.906579 0.040644 0.055000
0 0.472470 0.914145 0.034635 0.044375
0 0.735119 0.880263 0.040290 0.053750
0 0.813058 0.418092 0.049832 0.056875
0 0.161086 0.950987 0.032515 0.044375
0 0.310082 0.983553 0.027214 0.031250
0 0.895647 0.856250 0.026507 0.040625
