0 0.397693 0.166447 0.030394 0.057500
0 0.646763 0.280263 0.022973 0.057500
0 0.256882 0.294079 0.025093 0.055000
0 0.266183 0.339474 0.025093 0.057500
0 0.411272 0.513158 0.023680 0.063750
0 0.462426 0.554276 0.023326 0.060625
0 0.623512 0.466447 0.028274 0.090000
0 0.895647 0.484539 0.023680 0.066875
0 0.637835 0.676645 0.022973 0.066875
0 0.472284 0.695066 0.025093 0.066875
0 0.412760 0.662500 0.021558 0.053750
0 0.206287 0.715789 0.025093 0.060000
0 0.587798 0.749013 0.026860 0.070625
0 0.562686 0.963158 0.022973 0.070000
0 0.401786 0.905592 0.034635 0.066875
0 0.158668 0.851316 0.023680 0.055000
0 0.831287 0.941776 0.037817 0.071875
0 0.951079 0.913816 0.027214 0.055000
