0 0.189546 0.168421 0.025093 0.061250
0 0.397879 0.024013 0.023680 0.045625
0 0.442150 0.094079 0.025093 0.060000
0 0.975260 0.111842 0.022973 0.050000
0 0.576637 0.247039 0.028274 0.078125
0 0.389509 0.421053 0.030394 0.057500
0 0.638579 0.534868 0.022973 0.057500
0 0.248698 0.548684 0.025093 0.055000
0 0.257999 0.594079 0.025093 0.057500
0 0.403088 0.767763 0.023680 0.063750
0 0.454241 0.808882 0.023326 0.060625
0 0.615327 0.721053 0.028274 0.090000
0 0.887463 0.739145 0.023680 0.066875
0 0.629650 0.931250 0.022973 0.066875
0 0.464100 0.949671 0.025093 0.066875
0 0.404576 0.917105 0.021558 0.053750
0 0.198103 0.969408 0.025093 0.058125
