0 0.102679 0.624671 0.024740 0.044375
0 0.249256 0.908224 0.034635 0.041875
0 0.853981 0.586842 0.023680 0.033750
0 0.951079 0.546711 0.039937 0.053750
0 0.416481 0.600987 0.029334 0.050625
0 0.514323 0.535526 0.028627 0.031250
0 0.775856 0.639803 0.028627 0.044375
0 0.119606 0.487500 0.040644 0.061250
0 0.127232 0.428947 0.022620 0.051250
0 0.570312 0.374671 0.033928 0.044375
0 0.902158 0.395724 0.026860 0.048125
0 0.960565 0.487500 0.041704 0.050000
0 0.087984 0.198026 0.025093 0.055000
0 0.221912 0.321053 0.040644 0.063750
0 0.334077 0.052961 0.025447 0.044375
0 0.459077 0.159211 0.019085 0.040000
