0 0.424665 0.645724 0.034282 0.074375
0 0.431362 0.815132 0.029334 0.055000
0 0.355097 0.479934 0.036402 0.071875
0 0.453311 0.126316 0.036402 0.063750
0 0.487723 0.074342 0.028981 0.081250
0 0.641555 0.314474 0.037817 0.081250
0 0.822173 0.548684 0.034635 0.087500
0 0.973400 0.493750 0.032161 0.041875
0 0.970982 0.409211 0.030394 0.077500
0 0.957031 0.037500 0.028627 0.060000
0 0.718378 0.119079 0.032515 0.060000
0 0.284040 0.059868 0.045591 0.085000
0 0.215588 0.137500 0.037817 0.081250
0 0.199219 0.818421 0.047712 0.075000
0 0.132999 0.766118 0.040644 0.074375
0 0.117746 0.469408 0.039937 0.068125
0 0.100074 0.085526 0.032515 0.080000
