0 0.288876 0.927303 0.034988 0.061875
0 0.030878 0.915789 0.025447 0.043750
0 0.114025 0.830592 0.025093 0.044375
0 0.579055 0.821053 0.022973 0.041250
0 0.304501 0.803618 0.032868 0.054375
0 0.040551 0.754605 0.022620 0.040000
0 0.483073 0.748355 0.026507 0.050625
0 0.195312 0.737500 0.028981 0.057500
0 0.313430 0.704605 0.028627 0.043750
0 0.187686 0.670066 0.026507 0.046875
0 0.145089 0.590789 0.028274 0.041250
0 0.328497 0.371711 0.034635 0.055000
0 0.495350 0.336184 0.040644 0.067500
0 0.377046 0.286842 0.040644 0.051250
0 0.683222 0.344737 0.038523 0.055000
0 0.700149 0.254605 0.030394 0.060000
0 0.729911 0.281908 0.034635 0.066875
0 0.213914 0.186184 0.036049 0.055000
0 0.452195 0.060197 0.040644 0.056875
0 0.743862 0.708882 0.040644 0.068125
0 0.744234 0.919737 0.032868 0.067500
0 0.829427 0.081250 0.034282 0.054375
0 0.827939 0.044408 0.028627 0.054375
0 0.922061 0.499342 0.038523 0.055000
0 0.633929 0.048026 0.047358 0.080000
