0 0.730283 0.046382 0.024740 0.044375
0 0.876860 0.329934 0.034635 0.041875
0 0.588170 0.121382 0.040290 0.044375
0 0.343936 0.058553 0.044178 0.055000
0 0.307850 0.165132 0.054781 0.061250
0 0.344866 0.454605 0.032515 0.057500
0 0.315662 0.506250 0.026507 0.068125
0 0.255208 0.524671 0.039584 0.068125
0 0.167225 0.642105 0.037817 0.063750
0 0.055060 0.705921 0.043824 0.055000
0 0.654018 0.610526 0.036756 0.057500
0 0.949777 0.589145 0.034635 0.066875
0 0.983445 0.580592 0.031454 0.066875
0 0.375558 0.768750 0.018024 0.078125
0 0.305432 0.873026 0.031101 0.057500
0 0.207961 0.929276 0.028981 0.071875
0 0.612909 0.777303 0.039937 0.078125
0 0.807850 0.964803 0.025093 0.066875
0 0.832403 0.962171 0.040644 0.071875
