0 0.805246 0.548355 0.036402 0.071875
0 0.903460 0.194737 0.036402 0.063750
0 0.937872 0.142763 0.028981 0.081250
0 0.734189 0.128289 0.045591 0.085000
0 0.665737 0.205921 0.037817 0.081250
0 0.649368 0.886842 0.047712 0.075000
0 0.583147 0.834539 0.040644 0.074375
0 0.567894 0.537829 0.039937 0.068125
0 0.550223 0.153947 0.032515 0.080000
0 0.476562 0.173355 0.036756 0.081875
0 0.427269 0.228947 0.040644 0.085000
0 0.409226 0.468750 0.040290 0.061875
0 0.380580 0.706250 0.030394 0.051875
0 0.306362 0.696053 0.038523 0.055000
0 0.877976 0.724013 0.031101 0.070625
0 0.886719 0.892105 0.038523 0.057500
0 0.234375 0.388816 0.047358 0.081250
0 0.199777 0.236184 0.031101 0.090000
0 0.169829 0.808224 0.032161 0.074375
0 0.165365 0.286513 0.028627 0.100625
0 0.153460 0.360526 0.038523 0.123750
0 0.314918 0.053289 0.040644 0.081250
0 0.793713 0.036513 0.038523 0.069375
