0 0.936198 0.975329 0.027214 0.044375
0 0.610677 0.880921 0.026507 0.045000
0 0.425223 0.870066 0.024740 0.046875
0 0.657180 0.812171 0.030748 0.050625
0 0.631510 0.785526 0.030748 0.053750
0 0.764509 0.608553 0.032515 0.051250
0 0.380022 0.591776 0.034282 0.044375
0 0.764695 0.573684 0.026507 0.047500
0 0.560268 0.577961 0.045238 0.076875
0 0.458147 0.317105 0.025093 0.041250
0 0.678385 0.286184 0.028627 0.045000
0 0.582961 0.285526 0.033928 0.053750
0 0.395833 0.104934 0.025447 0.041875
0 0.373698 0.065132 0.038523 0.061250
0 0.340960 0.042434 0.037817 0.064375
0 0.789807 0.023026 0.036049 0.043750
0 0.273810 0.448026 0.032515 0.057500
0 0.178385 0.458882 0.021558 0.041875
0 0.304315 0.822039 0.028274 0.050625
0 0.257999 0.910855 0.029334 0.050625
0 0.140439 0.712171 0.018024 0.036875
0 0.813430 0.090461 0.042057 0.066875
