0 0.718564 0.356579 0.045591 0.085000
0 0.460938 0.401645 0.036756 0.081875
0 0.393601 0.697039 0.040290 0.061875
0 0.364955 0.934539 0.030394 0.051875
0 0.290737 0.924342 0.038523 0.055000
0 0.218750 0.617105 0.047358 0.081250
0 0.184152 0.464474 0.031101 0.090000
0 0.149740 0.514803 0.028627 0.100625
0 0.137835 0.588816 0.038523 0.123750
0 0.299293 0.281579 0.040644 0.081250
0 0.778088 0.263487 0.038523 0.071875
0 0.149554 0.196382 0.045945 0.070625
0 0.969680 0.253947 0.040644 0.077500
0 0.935082 0.390461 0.044178 0.078125
0 0.898251 0.440461 0.037817 0.068125
0 0.799851 0.791776 0.032515 0.066875
0 0.875930 0.959211 0.034988 0.055000
0 0.420015 0.457566 0.031101 0.050625
0 0.657366 0.434211 0.031101 0.080000
0 0.538690 0.371053 0.030394 0.055000
0 0.561012 0.762500 0.028274 0.055000
0 0.049107 0.128289 0.031101 0.090000
0 0.301897 0.074671 0.054781 0.100625
0 0.666295 0.052632 0.049479 0.055000
0 0.843750 0.076645 0.032515 0.071875
0 0.937686 0.106908 0.043471 0.061875
