0 0.718936 0.664474 0.045591 0.085000
0 0.461310 0.709539 0.036756 0.081875
0 0.219122 0.925000 0.047358 0.081250
0 0.184524 0.772368 0.031101 0.090000
0 0.150112 0.822697 0.028627 0.100625
0 0.138207 0.896711 0.038523 0.123750
0 0.299665 0.589474 0.040644 0.081250
0 0.778460 0.571382 0.038523 0.071875
0 0.149926 0.504276 0.045945 0.070625
0 0.970052 0.561842 0.040644 0.077500
0 0.935454 0.698355 0.044178 0.078125
0 0.898624 0.748355 0.037817 0.068125
0 0.420387 0.765461 0.031101 0.050625
0 0.657738 0.742105 0.031101 0.080000
0 0.539062 0.678947 0.030394 0.055000
0 0.049479 0.436184 0.031101 0.090000
0 0.302269 0.382566 0.054781 0.100625
0 0.666667 0.360526 0.049479 0.055000
0 0.844122 0.384539 0.032515 0.071875
0 0.938058 0.414803 0.043471 0.061875
0 0.486607 0.181908 0.039584 0.068125
0 0.566964 0.121053 0.026860 0.060000
0 0.065848 0.039474 0.053014 0.075000
0 0.243304 0.049671 0.033928 0.076875
0 0.869234 0.068421 0.040644 0.081250
0 0.904018 0.039474 0.032515 0.075000
