0 0.632812 0.974013 0.025447 0.046875
0 0.384859 0.919408 0.025093 0.046875
0 0.815104 0.820724 0.028981 0.051875
0 0.697731 0.764803 0.023680 0.044375
0 0.639323 0.726974 0.022973 0.043750
0 0.636161 0.579934 0.025447 0.040625
0 0.848028 0.536842 0.026507 0.051250
0 0.101190 0.506250 0.028981 0.056875
0 0.489211 0.404276 0.022620 0.046875
0 0.479911 0.364145 0.025447 0.046875
0 0.151972 0.201316 0.028627 0.053750
0 0.100074 0.188487 0.028274 0.050625
0 0.043713 0.162171 0.026507 0.048125
0 0.196801 0.154276 0.028981 0.054375
0 0.428199 0.782895 0.032515 0.050000
0 0.689360 0.619737 0.019085 0.037500
0 0.861979 0.743421 0.031101 0.045000
0 0.868490 0.350987 0.023680 0.050625
0 0.622024 0.235197 0.031101 0.038125
0 0.806362 0.074013 0.022973 0.034375
