0 0.047991 0.643421 0.036049 0.057500
0 0.151228 0.908224 0.059022 0.094375
0 0.353981 0.897368 0.036402 0.055000
0 0.355655 0.942763 0.038170 0.053750
0 0.267299 0.612500 0.034988 0.061250
0 0.173363 0.615132 0.053014 0.070000
0 0.093936 0.215132 0.042057 0.057500
0 0.380952 0.342763 0.049479 0.060000
0 0.400856 0.413816 0.051954 0.081250
0 0.593750 0.570066 0.043824 0.066875
0 0.781808 0.587500 0.043471 0.055000
0 0.824405 0.648355 0.047358 0.060625
0 0.633743 0.170395 0.026507 0.051250
0 0.911086 0.150658 0.040290 0.065000
0 0.933036 0.472368 0.036756 0.063750
0 0.956287 0.519737 0.026507 0.050000
0 0.979167 0.435855 0.030394 0.046875
