0 0.176897 0.154276 0.019438 0.070625
0 0.489397 0.097039 0.028627 0.068125
0 0.520647 0.042434 0.028627 0.074375
0 0.223958 0.304934 0.028981 0.084375
0 0.343750 0.236184 0.031101 0.061250
0 0.481957 0.456908 0.025093 0.061875
0 0.550595 0.355263 0.032515 0.057500
0 0.788318 0.380921 0.031101 0.057500
0 0.832961 0.208882 0.031101 0.071875
0 0.143043 0.613487 0.027214 0.054375
0 0.385975 0.517434 0.032161 0.064375
0 0.468378 0.615461 0.028274 0.048125
0 0.687872 0.606250 0.033928 0.068125
0 0.841518 0.641118 0.032515 0.051875
0 0.389509 0.700987 0.026860 0.054375
0 0.616629 0.718092 0.034282 0.050625
0 0.107515 0.703289 0.028981 0.061250
0 0.083519 0.864145 0.026507 0.044375
