0 0.185826 0.108553 0.028627 0.061250
0 0.093192 0.580921 0.036402 0.065000
0 0.157552 0.550000 0.037817 0.050000
0 0.185082 0.508882 0.026507 0.048125
0 0.015439 0.689145 0.025093 0.044375
0 0.218750 0.813816 0.031101 0.051250
0 0.426897 0.170724 0.022973 0.038125
0 0.459821 0.832566 0.032515 0.044375
0 0.568452 0.109868 0.032515 0.051250
0 0.722284 0.391118 0.029334 0.046875
0 0.500000 0.663816 0.033928 0.051250
0 0.830729 0.634211 0.032515 0.047500
0 0.793341 0.644079 0.030748 0.055000
0 0.888021 0.096382 0.028274 0.044375
0 0.053757 0.973355 0.021558 0.044375
