0 0.013951 0.496053 0.026507 0.050000
0 0.056548 0.631250 0.028981 0.054375
0 0.022507 0.738158 0.025093 0.053750
0 0.101376 0.263487 0.030748 0.046875
0 0.295759 0.567763 0.031101 0.060000
0 0.265997 0.797039 0.030394 0.054375
0 0.409412 0.732237 0.025093 0.061250
0 0.386719 0.291447 0.026507 0.065000
0 0.426339 0.527632 0.032515 0.065000
0 0.428943 0.582895 0.031101 0.057500
0 0.636161 0.152961 0.038170 0.044375
0 0.739397 0.043750 0.030748 0.074375
0 0.760603 0.266776 0.025093 0.061875
0 0.823475 0.663487 0.030748 0.056875
0 0.724702 0.719408 0.028274 0.050625
0 0.185826 0.553289 0.021558 0.050000
0 0.869420 0.110526 0.030394 0.060000
0 0.873512 0.475987 0.030394 0.070625
