0 0.082031 0.461842 0.022973 0.061250
0 0.124814 0.328947 0.026507 0.061250
0 0.325149 0.514474 0.030394 0.051250
0 0.401786 0.625658 0.034635 0.057500
0 0.277158 0.680921 0.036756 0.057500
0 0.448661 0.898355 0.031101 0.051875
0 0.480283 0.573684 0.030394 0.060000
0 0.508185 0.358553 0.034635 0.050000
0 0.556548 0.287171 0.024740 0.050625
0 0.748884 0.553618 0.036756 0.048125
0 0.871094 0.523684 0.032868 0.050000
0 0.917039 0.658882 0.028981 0.054375
0 0.882999 0.765789 0.025093 0.053750
0 0.543899 0.075658 0.031101 0.053750
0 0.811570 0.092763 0.026507 0.050000
0 0.961868 0.291118 0.030748 0.046875
0 0.381510 0.164145 0.019438 0.046875
0 0.328311 0.126645 0.020852 0.044375
0 0.330729 0.270066 0.028274 0.050625
0 0.389881 0.309539 0.036756 0.071875
