0 0.933036 0.339474 0.031101 0.055000
0 0.965402 0.382895 0.034635 0.053750
0 0.984933 0.429934 0.028627 0.071875
0 0.972284 0.911513 0.043471 0.066875
0 0.869048 0.767763 0.028981 0.051250
0 0.764881 0.774013 0.042411 0.046875
0 0.451451 0.666776 0.044178 0.040625
0 0.478237 0.709211 0.040644 0.053750
0 0.548177 0.344079 0.044178 0.043750
0 0.534970 0.260526 0.043824 0.047500
0 0.467448 0.283882 0.049125 0.031875
0 0.797991 0.075329 0.043824 0.038125
0 0.982515 0.029934 0.033222 0.041875
0 0.275112 0.373684 0.034282 0.061250
0 0.382626 0.808224 0.037817 0.071875
0 0.220424 0.058224 0.025093 0.044375
0 0.215960 0.083224 0.030748 0.041875
0 0.193824 0.208224 0.028274 0.044375
0 0.172991 0.237171 0.034635 0.038125
0 0.223586 0.891776 0.028274 0.041875
0 0.243490 0.918421 0.025093 0.033750
0 0.224330 0.928289 0.030394 0.033750
0 0.155692 0.875987 0.027214 0.050625
