0 0.182106 0.399671 0.032868 0.058125
0 0.253534 0.451645 0.025093 0.050625
0 0.333519 0.365461 0.034988 0.068125
0 0.324033 0.288158 0.032515 0.065000
0 0.282366 0.230263 0.036756 0.050000
0 0.429874 0.548026 0.038523 0.080000
0 0.451823 0.329605 0.034282 0.053750
0 0.622210 0.367105 0.037817 0.060000
0 0.718192 0.437829 0.028627 0.040625
0 0.730469 0.759868 0.037817 0.060000
0 0.762649 0.715461 0.031101 0.048125
0 0.717262 0.842434 0.036049 0.056875
0 0.801153 0.877632 0.036402 0.061250
0 0.880394 0.530921 0.043471 0.057500
0 0.880394 0.312829 0.038523 0.071875
