0 0.747954 0.477961 0.036402 0.071875
0 0.846168 0.124342 0.036402 0.063750
0 0.880580 0.072368 0.028981 0.081250
0 0.676897 0.057895 0.045591 0.085000
0 0.608445 0.135526 0.037817 0.081250
0 0.592076 0.816447 0.047712 0.075000
0 0.525856 0.764145 0.040644 0.074375
0 0.510603 0.467434 0.039937 0.068125
0 0.492932 0.083553 0.032515 0.080000
0 0.419271 0.102961 0.036756 0.081875
0 0.369978 0.158553 0.040644 0.085000
0 0.351935 0.398355 0.040290 0.061875
0 0.323289 0.635855 0.030394 0.051875
0 0.249070 0.625658 0.038523 0.055000
0 0.820685 0.653618 0.031101 0.070625
0 0.829427 0.821711 0.038523 0.057500
0 0.177083 0.318421 0.047358 0.081250
0 0.142485 0.165789 0.031101 0.090000
0 0.112537 0.737829 0.032161 0.074375
0 0.108073 0.216118 0.028627 0.100625
0 0.096168 0.290132 0.038523 0.123750
