0 0.052269 0.500658 0.032868 0.050000
0 0.098214 0.635855 0.028981 0.054375
0 0.064174 0.742763 0.025093 0.053750
0 0.143043 0.268092 0.030748 0.046875
0 0.337426 0.572368 0.031101 0.060000
0 0.307664 0.801645 0.030394 0.054375
0 0.451079 0.736842 0.025093 0.061250
0 0.428385 0.296053 0.026507 0.065000
0 0.468006 0.532237 0.032515 0.065000
0 0.470610 0.587500 0.031101 0.057500
0 0.027344 0.853289 0.042057 0.073750
0 0.677827 0.157566 0.038170 0.044375
0 0.781064 0.048355 0.030748 0.074375
0 0.802269 0.271382 0.025093 0.061875
0 0.865141 0.668092 0.030748 0.056875
0 0.766369 0.724013 0.028274 0.050625
0 0.227493 0.557895 0.021558 0.050000
0 0.911086 0.115132 0.030394 0.060000
0 0.915179 0.480592 0.030394 0.070625
