0 0.316778 0.938487 0.034988 0.061875
0 0.058780 0.926974 0.025447 0.043750
0 0.141927 0.841776 0.025093 0.044375
0 0.606957 0.832237 0.022973 0.041250
0 0.332403 0.814803 0.032868 0.054375
0 0.068452 0.765789 0.022620 0.040000
0 0.510975 0.759539 0.026507 0.050625
0 0.223214 0.748684 0.028981 0.057500
0 0.341332 0.715789 0.028627 0.043750
0 0.215588 0.681250 0.026507 0.046875
0 0.172991 0.601974 0.028274 0.041250
0 0.356399 0.382895 0.034635 0.055000
0 0.523251 0.347368 0.040644 0.067500
0 0.404948 0.298026 0.040644 0.051250
0 0.711124 0.355921 0.038523 0.055000
0 0.728051 0.265789 0.030394 0.060000
0 0.757812 0.293092 0.034635 0.066875
0 0.241815 0.197368 0.036049 0.055000
0 0.480097 0.071382 0.040644 0.056875
0 0.771763 0.720066 0.040644 0.068125
0 0.772135 0.930921 0.032868 0.067500
0 0.857329 0.092434 0.034282 0.054375
0 0.855841 0.055592 0.028627 0.054375
0 0.949963 0.510526 0.038523 0.055000
0 0.661830 0.059211 0.047358 0.080000
