0 0.922061 0.036842 0.032161 0.055000
0 0.971912 0.033553 0.026507 0.055000
0 0.885603 0.229276 0.039937 0.060625
0 0.774368 0.340789 0.037817 0.060000
0 0.239211 0.334868 0.031101 0.057500
0 0.206101 0.354605 0.033928 0.055000
0 0.173549 0.681579 0.030748 0.055000
0 0.526786 0.665132 0.031101 0.050000
0 0.663504 0.667105 0.053367 0.067500
0 0.704613 0.655921 0.034635 0.055000
0 0.816592 0.667105 0.045238 0.077500
0 0.883743 0.539803 0.037817 0.050625
0 0.897693 0.566118 0.038170 0.040625
0 0.904390 0.624013 0.032515 0.061875
0 0.928943 0.591776 0.019085 0.040625
0 0.961868 0.545066 0.040644 0.044375
0 0.732329 0.731908 0.028627 0.046875
0 0.357329 0.803618 0.038523 0.070625
0 0.270089 0.712500 0.028274 0.057500
0 0.300781 0.860526 0.038523 0.070000
0 0.111979 0.875987 0.016964 0.044375
