0 0.016927 0.710855 0.025093 0.051875
0 0.058966 0.701316 0.036402 0.063750
0 0.085379 0.778618 0.028627 0.061875
0 0.167225 0.701974 0.044178 0.075000
0 0.126116 0.381579 0.050892 0.067500
0 0.233259 0.580263 0.031101 0.057500
0 0.246838 0.619408 0.021558 0.038125
0 0.263207 0.665132 0.025093 0.035000
0 0.349888 0.482895 0.040644 0.057500
0 0.443080 0.534868 0.049479 0.081250
0 0.283296 0.639145 0.039937 0.044375
0 0.315104 0.590461 0.043824 0.071875
0 0.638021 0.535855 0.031101 0.056875
0 0.582031 0.405263 0.036402 0.051250
0 0.705171 0.765789 0.038523 0.063750
0 0.725632 0.666118 0.025093 0.040625
0 0.718378 0.892105 0.034635 0.061250
0 0.754464 0.647039 0.050892 0.110625
0 0.783854 0.390789 0.025447 0.060000
0 0.869420 0.400000 0.032515 0.053750
0 0.762091 0.283882 0.040644 0.061875
0 0.240327 0.272039 0.030394 0.041875
0 0.935082 0.575329 0.044178 0.074375
0 0.329985 0.079605 0.036756 0.060000
0 0.277530 0.092434 0.031101 0.041875
0 0.837798 0.029934 0.050892 0.056875
