0 0.288132 0.068092 0.022973 0.070625
0 0.127232 0.022697 0.034635 0.043125
0 0.556734 0.046382 0.037817 0.071875
0 0.676525 0.023684 0.027214 0.045000
0 0.206287 0.124013 0.027214 0.064375
0 0.079613 0.172368 0.031101 0.055000
0 0.686942 0.259211 0.028627 0.061250
0 0.250558 0.390132 0.023680 0.051250
0 0.337054 0.508553 0.028981 0.060000
0 0.023996 0.577632 0.025093 0.050000
0 0.346168 0.761513 0.025093 0.044375
0 0.594308 0.731579 0.036402 0.065000
0 0.658668 0.700658 0.037817 0.050000
0 0.686198 0.659539 0.026507 0.048125
0 0.394531 0.908553 0.021558 0.047500
0 0.516555 0.839803 0.025093 0.044375
0 0.719866 0.964474 0.031101 0.051250
0 0.199777 0.946053 0.034635 0.051250
0 0.720424 0.152632 0.023680 0.053750
0 0.853051 0.081250 0.028981 0.038125
0 0.928013 0.321382 0.022973 0.038125
0 0.962240 0.098684 0.032161 0.050000
