0 0.595796 0.648355 0.034282 0.074375
0 0.602493 0.817763 0.029334 0.055000
0 0.526228 0.482566 0.036402 0.071875
0 0.624442 0.128947 0.036402 0.063750
0 0.658854 0.076974 0.028981 0.081250
0 0.812686 0.317105 0.037817 0.081250
0 0.987537 0.551316 0.023680 0.087500
0 0.889509 0.121711 0.032515 0.060000
0 0.455171 0.062500 0.045591 0.085000
0 0.386719 0.140132 0.037817 0.081250
0 0.370350 0.821053 0.047712 0.075000
0 0.304129 0.768750 0.040644 0.074375
0 0.288876 0.472039 0.039937 0.068125
0 0.271205 0.088158 0.032515 0.080000
0 0.197545 0.107566 0.036756 0.081875
0 0.148251 0.163158 0.040644 0.085000
0 0.130208 0.402961 0.040290 0.061875
0 0.101562 0.640461 0.030394 0.051875
