0 0.392113 0.625658 0.043824 0.047500
0 0.655134 0.440461 0.043824 0.038125
0 0.132254 0.738816 0.034282 0.061250
0 0.077567 0.423355 0.025093 0.044375
0 0.073103 0.448355 0.030748 0.041875
0 0.050967 0.573355 0.028274 0.044375
0 0.030134 0.602303 0.034635 0.038125
0 0.790737 0.701974 0.043471 0.081250
0 0.824219 0.752303 0.036402 0.066875
0 0.845982 0.794408 0.033928 0.048125
0 0.839472 0.400987 0.028627 0.041875
0 0.898251 0.350000 0.042057 0.041250
0 0.953311 0.577632 0.037817 0.055000
0 0.563616 0.373026 0.038170 0.061250
0 0.389881 0.356579 0.036756 0.053750
0 0.319568 0.648684 0.030394 0.055000
0 0.401972 0.710526 0.034988 0.057500
0 0.381696 0.280921 0.031101 0.060000
0 0.429874 0.229605 0.044178 0.061250
0 0.676711 0.226974 0.032515 0.065000
0 0.722098 0.231579 0.031101 0.055000
0 0.752418 0.280592 0.034282 0.061875
0 0.873512 0.281908 0.034635 0.061875
0 0.349516 0.112829 0.028627 0.048125
0 0.372396 0.068421 0.028274 0.051250
0 0.438244 0.058882 0.031101 0.044375
0 0.726004 0.120395 0.028627 0.060000
