0 0.558966 0.642434 0.034282 0.074375
0 0.565662 0.811842 0.029334 0.055000
0 0.489397 0.476645 0.036402 0.071875
0 0.587612 0.123026 0.036402 0.063750
0 0.622024 0.071053 0.028981 0.081250
0 0.775856 0.311184 0.037817 0.081250
0 0.956473 0.545395 0.034635 0.087500
0 0.852679 0.115789 0.032515 0.060000
0 0.418341 0.056579 0.045591 0.085000
0 0.349888 0.134211 0.037817 0.081250
0 0.333519 0.815132 0.047712 0.075000
0 0.267299 0.762829 0.040644 0.074375
0 0.252046 0.466118 0.039937 0.068125
0 0.234375 0.082237 0.032515 0.080000
0 0.160714 0.101645 0.036756 0.081875
0 0.111421 0.157237 0.040644 0.085000
0 0.093378 0.397039 0.040290 0.061875
0 0.064732 0.634539 0.030394 0.051875
