0 0.170759 0.889145 0.030394 0.040625
0 0.330915 0.952961 0.028627 0.044375
0 0.574033 0.972697 0.031101 0.051875
0 0.864955 0.824342 0.028981 0.057500
0 0.197545 0.650000 0.032515 0.061250
0 0.241443 0.579276 0.032515 0.048125
0 0.431920 0.623684 0.031101 0.047500
0 0.672247 0.632895 0.028274 0.057500
0 0.711124 0.575658 0.038523 0.063750
0 0.940290 0.633553 0.028627 0.047500
0 0.315104 0.554276 0.028981 0.050625
0 0.508185 0.555592 0.030394 0.046875
0 0.084635 0.470724 0.025093 0.046875
0 0.558222 0.441776 0.030748 0.048125
0 0.744978 0.436842 0.042057 0.055000
0 0.805618 0.371053 0.039937 0.050000
0 0.087240 0.251316 0.029334 0.055000
0 0.623698 0.249342 0.027214 0.050000
0 0.718006 0.277961 0.028274 0.041875
0 0.451451 0.220066 0.025093 0.044375
0 0.973772 0.229934 0.022973 0.044375
0 0.271577 0.052632 0.032515 0.055000
