0 0.378162 0.825658 0.043471 0.075000
0 0.632812 0.580921 0.048065 0.081250
0 0.702567 0.785526 0.022973 0.045000
0 0.731399 0.807566 0.028274 0.041875
0 0.683408 0.884211 0.022620 0.050000
0 0.498140 0.870395 0.032515 0.057500
0 0.334077 0.911513 0.022620 0.044375
0 0.348586 0.450987 0.028274 0.050625
0 0.452939 0.598684 0.021558 0.050000
0 0.530692 0.322368 0.027214 0.051250
0 0.655506 0.287500 0.034635 0.057500
0 0.750186 0.289803 0.028627 0.050625
0 0.836124 0.575329 0.032161 0.046875
0 0.836496 0.611513 0.036402 0.044375
0 0.885975 0.087829 0.053367 0.086875
0 0.861979 0.020724 0.031101 0.039375
0 0.470424 0.111184 0.028627 0.061250
0 0.447545 0.071053 0.034635 0.060000
0 0.415737 0.043421 0.027214 0.053750
0 0.255952 0.468092 0.019085 0.048125
0 0.216890 0.719408 0.016964 0.036875
