0 0.152158 0.050000 0.031101 0.061250
0 0.333333 0.159539 0.028981 0.066875
0 0.375930 0.250000 0.037817 0.061250
0 0.229353 0.331250 0.030748 0.044375
0 0.303571 0.409868 0.028981 0.055000
0 0.382812 0.319408 0.036049 0.068125
0 0.492746 0.383224 0.044178 0.068125
0 0.502790 0.281579 0.036402 0.060000
0 0.674107 0.322697 0.036756 0.070625
0 0.768601 0.395066 0.034635 0.061875
0 0.930804 0.278289 0.042411 0.085000
0 0.146949 0.358882 0.028981 0.046875
0 0.054874 0.481908 0.021558 0.038125
0 0.054501 0.545724 0.018024 0.041875
0 0.067708 0.558882 0.021205 0.040625
0 0.218192 0.500987 0.027214 0.044375
0 0.476190 0.510855 0.050892 0.074375
0 0.928943 0.495395 0.036756 0.050000
0 0.061198 0.601645 0.023680 0.046875
0 0.807292 0.685526 0.030394 0.050000
0 0.772879 0.730263 0.032868 0.051250
0 0.763579 0.782895 0.026507 0.057500
0 0.846168 0.844737 0.029334 0.055000
0 0.196801 0.807895 0.026860 0.047500
0 0.094866 0.936184 0.028274 0.047500
0 0.127976 0.917763 0.019085 0.037500
0 0.183966 0.900329 0.026507 0.044375
0 0.400298 0.961842 0.034635 0.051250
