0 0.207403 0.055921 0.037817 0.057500
0 0.682850 0.105592 0.026507 0.061875
0 0.157552 0.315461 0.028627 0.060625
0 0.653274 0.355263 0.031101 0.060000
0 0.687128 0.222697 0.025447 0.048125
0 0.059338 0.586513 0.036402 0.040625
0 0.494234 0.625329 0.047712 0.068125
0 0.684338 0.544737 0.040644 0.055000
0 0.813802 0.646711 0.042057 0.055000
0 0.755394 0.041447 0.027214 0.055000
0 0.377976 0.936842 0.022620 0.045000
0 0.461682 0.978618 0.031101 0.040625
0 0.678199 0.950000 0.036049 0.051250
0 0.850632 0.510526 0.023680 0.047500
0 0.893415 0.519079 0.032868 0.063750
