0 0.532552 0.918750 0.025093 0.054375
0 0.524926 0.876645 0.028274 0.046875
0 0.240699 0.675000 0.030394 0.060000
0 0.850446 0.581908 0.025447 0.051875
0 0.716146 0.439145 0.028274 0.064375
0 0.466704 0.505263 0.023680 0.057500
0 0.196243 0.715789 0.022973 0.053750
0 0.910900 0.862171 0.025093 0.050625
0 0.664435 0.747039 0.031101 0.040625
0 0.671503 0.354934 0.019085 0.038125
0 0.495722 0.318750 0.026507 0.061875
0 0.633371 0.303947 0.036402 0.060000
0 0.850260 0.325329 0.025093 0.046875
0 0.710751 0.158882 0.023680 0.051875
0 0.743676 0.147368 0.024740 0.061250
0 0.798363 0.132895 0.036756 0.047500
0 0.251674 0.343421 0.025093 0.041250
0 0.257812 0.248026 0.031101 0.050000
