0 0.375186 0.555592 0.044178 0.068125
0 0.205171 0.665789 0.028627 0.063750
0 0.170201 0.670066 0.026507 0.054375
0 0.620164 0.750658 0.026860 0.051250
0 0.700335 0.717434 0.025093 0.051875
0 0.792411 0.709539 0.025447 0.046875
0 0.835193 0.710855 0.021205 0.041875
0 0.971540 0.420395 0.025093 0.035000
0 0.790365 0.051316 0.019438 0.053750
0 0.694940 0.092105 0.015551 0.033750
0 0.626488 0.113816 0.021205 0.035000
0 0.361049 0.061513 0.028627 0.056875
0 0.265067 0.130263 0.023680 0.051250
0 0.095424 0.422368 0.039937 0.067500
