0 0.665179 0.483224 0.024740 0.044375
0 0.811756 0.766776 0.034635 0.041875
0 0.978981 0.459539 0.029334 0.050625
0 0.682106 0.346053 0.040644 0.061250
0 0.689732 0.287500 0.022620 0.051250
0 0.650484 0.056579 0.025093 0.055000
0 0.784412 0.179605 0.040644 0.063750
0 0.561384 0.324342 0.038170 0.051250
0 0.523065 0.558224 0.040290 0.044375
0 0.445685 0.309868 0.050892 0.051250
0 0.360491 0.018750 0.051599 0.035625
0 0.264137 0.258224 0.050892 0.040625
0 0.313244 0.388816 0.047358 0.057500
0 0.278832 0.495395 0.044178 0.055000
0 0.242746 0.601974 0.054781 0.061250
0 0.150856 0.292434 0.037817 0.050625
0 0.279762 0.891447 0.032515 0.057500
0 0.250558 0.943092 0.026507 0.068125
0 0.190104 0.961513 0.039584 0.068125
