0 0.038690 0.319737 0.032515 0.057500
0 0.276414 0.345395 0.031101 0.057500
0 0.321057 0.173355 0.031101 0.071875
0 0.175967 0.570724 0.033928 0.068125
0 0.329613 0.605592 0.032515 0.051875
0 0.104725 0.682566 0.034282 0.050625
0 0.477307 0.523026 0.079873 0.090000
0 0.578497 0.724013 0.049479 0.054375
0 0.587612 0.845395 0.040644 0.060000
0 0.555618 0.961513 0.043471 0.046875
0 0.052827 0.939145 0.043824 0.046875
0 0.609375 0.156250 0.032515 0.044375
0 0.647693 0.150658 0.033928 0.050000
0 0.650670 0.669737 0.031101 0.053750
0 0.012463 0.023684 0.023680 0.045000
0 0.743304 0.484539 0.036756 0.044375
0 0.821243 0.033882 0.040644 0.048125
0 0.908668 0.468092 0.032161 0.050625
0 0.897507 0.620724 0.037817 0.068125
