0 0.854911 0.769079 0.028981 0.051250
0 0.750744 0.775329 0.042411 0.046875
0 0.437314 0.668092 0.044178 0.040625
0 0.464100 0.710526 0.040644 0.053750
0 0.534040 0.345395 0.044178 0.043750
0 0.520833 0.261842 0.043824 0.047500
0 0.453311 0.285197 0.049125 0.031875
0 0.783854 0.076645 0.043824 0.038125
0 0.260975 0.375000 0.034282 0.061250
0 0.368490 0.809539 0.037817 0.071875
0 0.206287 0.059539 0.025093 0.044375
0 0.201823 0.084539 0.030748 0.041875
0 0.179688 0.209539 0.028274 0.044375
0 0.158854 0.238487 0.034635 0.038125
0 0.209449 0.893092 0.028274 0.041875
0 0.229353 0.919737 0.025093 0.033750
0 0.210193 0.929605 0.030394 0.033750
0 0.141555 0.877303 0.027214 0.050625
