0 0.842820 0.937829 0.049832 0.056875
0 0.027902 0.926316 0.028981 0.050000
0 0.268973 0.590132 0.036756 0.061250
0 0.032738 0.534211 0.038170 0.047500
0 0.406622 0.520724 0.028274 0.060625
0 0.726749 0.506579 0.019438 0.051250
0 0.063430 0.419408 0.034282 0.044375
0 0.828869 0.436513 0.028274 0.044375
0 0.300037 0.361184 0.025093 0.047500
0 0.190290 0.346711 0.028627 0.060000
0 0.424851 0.379276 0.022620 0.038125
0 0.426525 0.327961 0.029334 0.051875
0 0.879650 0.270395 0.026507 0.053750
0 0.021577 0.290789 0.030394 0.051250
0 0.557850 0.811513 0.025093 0.070625
