0 0.034226 0.614474 0.034635 0.057500
0 0.081101 0.887171 0.031101 0.051875
0 0.112723 0.562500 0.030394 0.060000
0 0.140625 0.347368 0.034635 0.050000
0 0.188988 0.275987 0.024740 0.050625
0 0.381324 0.542434 0.036756 0.048125
0 0.503534 0.512500 0.032868 0.050000
0 0.549479 0.647697 0.028981 0.054375
0 0.515439 0.754605 0.025093 0.053750
0 0.176339 0.064474 0.031101 0.053750
0 0.444010 0.081579 0.026507 0.050000
0 0.594308 0.279934 0.030748 0.046875
0 0.013951 0.152961 0.019438 0.046875
0 0.022321 0.298355 0.036756 0.071875
0 0.678571 0.566118 0.028274 0.050625
0 0.788690 0.584211 0.031101 0.060000
0 0.758929 0.813487 0.030394 0.054375
0 0.902344 0.748684 0.025093 0.061250
0 0.879650 0.307895 0.026507 0.065000
0 0.919271 0.544079 0.032515 0.065000
0 0.921875 0.599342 0.031101 0.057500
