0 0.620350 0.980592 0.032868 0.036875
0 0.703869 0.750987 0.047358 0.081875
0 0.682478 0.676645 0.038523 0.076875
0 0.603051 0.588487 0.036756 0.088125
0 0.507254 0.680263 0.042057 0.087500
0 0.420759 0.889474 0.030394 0.095000
0 0.854725 0.765789 0.042057 0.081250
0 0.119048 0.727632 0.038170 0.077500
0 0.091518 0.620724 0.030394 0.066875
0 0.297433 0.482566 0.040644 0.070625
0 0.083147 0.525329 0.053367 0.090625
0 0.353795 0.261184 0.040290 0.063750
0 0.630766 0.255263 0.032161 0.077500
0 0.092448 0.278289 0.037817 0.050000
0 0.122582 0.169079 0.043471 0.061250
0 0.117746 0.118421 0.040644 0.080000
0 0.710751 0.206908 0.040644 0.068125
0 0.739955 0.157237 0.053721 0.097500
0 0.887835 0.223684 0.088709 0.111250
0 0.654762 0.035197 0.045945 0.066875
