0 0.455357 0.978289 0.030394 0.041250
0 0.485491 0.969408 0.034635 0.056875
0 0.544457 0.948355 0.030748 0.050625
0 0.555990 0.849013 0.030748 0.060625
0 0.257068 0.723355 0.036049 0.061875
0 0.578683 0.548355 0.032161 0.050625
0 0.588356 0.408882 0.032868 0.058125
0 0.501860 0.408553 0.036049 0.063750
0 0.504836 0.106908 0.041704 0.078125
0 0.409040 0.598355 0.026507 0.048125
0 0.424851 0.609211 0.032515 0.060000
0 0.414249 0.650987 0.022973 0.044375
0 0.413318 0.525658 0.031101 0.063750
0 0.659784 0.460855 0.025093 0.050625
0 0.739769 0.374671 0.034988 0.068125
0 0.730283 0.297368 0.032515 0.065000
0 0.688616 0.239474 0.036756 0.050000
0 0.341704 0.355263 0.020852 0.050000
0 0.260231 0.431908 0.037817 0.070625
0 0.836124 0.557237 0.038523 0.080000
0 0.858073 0.338816 0.034282 0.053750
