0 0.856027 0.763158 0.038170 0.077500
0 0.828497 0.656250 0.030394 0.066875
0 0.820126 0.560855 0.053367 0.090625
0 0.829427 0.313816 0.037817 0.050000
0 0.859561 0.204605 0.043471 0.061250
0 0.854725 0.153947 0.040644 0.080000
0 0.604539 0.411184 0.045238 0.073750
0 0.518601 0.921053 0.048065 0.083750
0 0.274554 0.601974 0.028981 0.057500
0 0.256696 0.639145 0.025447 0.044375
0 0.276786 0.688816 0.034635 0.061250
0 0.284970 0.294737 0.048065 0.077500
0 0.577939 0.052961 0.037817 0.071875
0 0.640067 0.159539 0.038523 0.078125
