0 0.985863 0.764474 0.026860 0.051250
0 0.882812 0.770724 0.042411 0.046875
0 0.569382 0.663487 0.044178 0.040625
0 0.596168 0.705921 0.040644 0.053750
0 0.666109 0.340789 0.044178 0.043750
0 0.652902 0.257237 0.043824 0.047500
0 0.585379 0.280592 0.049125 0.031875
0 0.915923 0.072039 0.043824 0.038125
0 0.393043 0.370395 0.034282 0.061250
0 0.500558 0.804934 0.037817 0.071875
0 0.338356 0.054934 0.025093 0.044375
0 0.333891 0.079934 0.030748 0.041875
0 0.311756 0.204934 0.028274 0.044375
0 0.290923 0.233882 0.034635 0.038125
0 0.341518 0.888487 0.028274 0.041875
0 0.361421 0.915132 0.025093 0.033750
0 0.342262 0.925000 0.030394 0.033750
0 0.273624 0.872697 0.027214 0.050625
