0 0.717820 0.310526 0.045591 0.085000
0 0.460193 0.355592 0.036756 0.081875
0 0.392857 0.650987 0.040290 0.061875
0 0.364211 0.888487 0.030394 0.051875
0 0.289993 0.878289 0.038523 0.055000
0 0.218006 0.571053 0.047358 0.081250
0 0.183408 0.418421 0.031101 0.090000
0 0.153460 0.975658 0.032161 0.046250
0 0.148996 0.468750 0.028627 0.100625
0 0.137091 0.542763 0.038523 0.123750
0 0.298549 0.235526 0.040644 0.081250
0 0.777344 0.217434 0.038523 0.071875
0 0.148810 0.150329 0.045945 0.070625
0 0.968936 0.207895 0.040644 0.077500
0 0.934338 0.344408 0.044178 0.078125
0 0.897507 0.394408 0.037817 0.068125
0 0.799107 0.745724 0.032515 0.066875
0 0.875186 0.913158 0.034988 0.055000
0 0.419271 0.411513 0.031101 0.050625
0 0.656622 0.388158 0.031101 0.080000
0 0.537946 0.325000 0.030394 0.055000
0 0.560268 0.716447 0.028274 0.055000
0 0.048363 0.082237 0.031101 0.090000
