0 0.330171 0.647039 0.034282 0.074375
0 0.336868 0.816447 0.029334 0.055000
0 0.260603 0.481250 0.036402 0.071875
0 0.358817 0.127632 0.036402 0.063750
0 0.393229 0.075658 0.028981 0.081250
0 0.547061 0.315789 0.037817 0.081250
0 0.727679 0.550000 0.034635 0.087500
0 0.878906 0.495066 0.032161 0.041875
0 0.876488 0.410526 0.030394 0.077500
0 0.862537 0.038816 0.028627 0.060000
0 0.623884 0.120395 0.032515 0.060000
0 0.189546 0.061184 0.045591 0.085000
0 0.121094 0.138816 0.037817 0.081250
0 0.104725 0.819737 0.047712 0.075000
0 0.038504 0.767434 0.040644 0.074375
