0 0.722656 0.334211 0.045591 0.085000
0 0.465030 0.379276 0.036756 0.081875
0 0.397693 0.674671 0.040290 0.061875
0 0.369048 0.912171 0.030394 0.051875
0 0.294829 0.901974 0.038523 0.055000
0 0.222842 0.594737 0.047358 0.081250
0 0.188244 0.442105 0.031101 0.090000
0 0.153832 0.492434 0.028627 0.100625
0 0.141927 0.566447 0.038523 0.123750
0 0.303385 0.259211 0.040644 0.081250
0 0.782180 0.241118 0.038523 0.071875
0 0.153646 0.174013 0.045945 0.070625
0 0.973772 0.231579 0.040644 0.077500
0 0.939174 0.368092 0.044178 0.078125
0 0.902344 0.418092 0.037817 0.068125
0 0.803943 0.769408 0.032515 0.066875
0 0.880022 0.936842 0.034988 0.055000
0 0.424107 0.435197 0.031101 0.050625
0 0.661458 0.411842 0.031101 0.080000
0 0.542783 0.348684 0.030394 0.055000
0 0.565104 0.740132 0.028274 0.055000
0 0.053199 0.105921 0.031101 0.090000
0 0.305990 0.052632 0.054781 0.100000
0 0.670387 0.030263 0.049479 0.055000
0 0.847842 0.054276 0.032515 0.071875
0 0.941778 0.084539 0.043471 0.061875
