0 0.104911 0.217105 0.050892 0.080000
0 0.142857 0.495724 0.042411 0.081875
0 0.148065 0.672368 0.036049 0.053750
0 0.232329 0.595395 0.037817 0.047500
0 0.242374 0.439474 0.028627 0.061250
0 0.308780 0.328947 0.028981 0.061250
0 0.374814 0.684539 0.039937 0.050625
0 0.319568 0.950658 0.040290 0.061250
0 0.448661 0.570395 0.028981 0.061250
0 0.598586 0.604934 0.028274 0.041875
0 0.740327 0.523355 0.031101 0.054375
0 0.761905 0.528947 0.028981 0.060000
0 0.849144 0.733553 0.034282 0.057500
0 0.856027 0.843421 0.028274 0.050000
0 0.823103 0.978618 0.025093 0.038125
0 0.919457 0.662500 0.026507 0.040000
0 0.880766 0.148684 0.029334 0.067500
0 0.917225 0.145395 0.026507 0.061250
0 0.590588 0.173355 0.027214 0.066875
0 0.548921 0.339474 0.022973 0.055000
0 0.243676 0.080592 0.034635 0.068125
0 0.276042 0.034211 0.031101 0.063750
