0 0.031436 0.730263 0.025093 0.050000
0 0.103051 0.179276 0.024740 0.044375
0 0.249628 0.462829 0.034635 0.041875
0 0.320126 0.706250 0.025093 0.044375
0 0.354911 0.698026 0.031101 0.050000
0 0.533482 0.599342 0.034635 0.055000
0 0.779762 0.797368 0.028274 0.060000
0 0.855655 0.763816 0.028274 0.051250
0 0.944940 0.762500 0.033928 0.055000
0 0.854353 0.141447 0.023680 0.033750
0 0.951451 0.101316 0.039937 0.053750
0 0.416853 0.155592 0.029334 0.050625
0 0.514695 0.090132 0.028627 0.031250
0 0.776228 0.194408 0.028627 0.044375
