0 0.196801 0.857566 0.028981 0.050625
0 0.585193 0.847039 0.033928 0.060625
0 0.117188 0.793750 0.022620 0.041875
0 0.181734 0.769408 0.028627 0.046875
0 0.751302 0.715461 0.032161 0.058125
0 0.445312 0.582237 0.030394 0.053750
0 0.635231 0.535855 0.038523 0.070625
0 0.356957 0.512171 0.039937 0.070625
0 0.186570 0.497039 0.030748 0.060625
0 0.694382 0.482566 0.034282 0.051875
0 0.175223 0.425987 0.028981 0.050625
0 0.667597 0.419408 0.034282 0.058125
0 0.545201 0.413158 0.032868 0.055000
0 0.223214 0.373684 0.034635 0.051250
0 0.514323 0.376645 0.040644 0.070625
0 0.469680 0.368750 0.044178 0.080625
0 0.518043 0.258553 0.032161 0.051250
0 0.143787 0.257237 0.028627 0.047500
0 0.165923 0.217434 0.025447 0.046875
0 0.231399 0.200987 0.028981 0.048125
0 0.834263 0.180921 0.034988 0.060000
0 0.870164 0.165461 0.030394 0.054375
0 0.904948 0.037829 0.028627 0.048125
0 0.617932 0.890789 0.043824 0.080000
0 0.641927 0.932895 0.028627 0.061250
