0 0.162574 0.069408 0.028274 0.064375
0 0.121094 0.232237 0.034988 0.055000
0 0.020833 0.464145 0.033928 0.076875
0 0.166109 0.504934 0.038523 0.064375
0 0.306176 0.412500 0.031101 0.053750
0 0.323661 0.415132 0.024740 0.050000
0 0.415179 0.615461 0.039584 0.068125
0 0.485677 0.550987 0.025093 0.051875
0 0.586310 0.386184 0.022620 0.033750
0 0.739025 0.504934 0.027214 0.054375
0 0.752604 0.357566 0.019791 0.044375
0 0.907924 0.116776 0.021558 0.036875
0 0.985863 0.082566 0.026860 0.038125
0 0.491071 0.028618 0.034635 0.054375
0 0.448475 0.036184 0.040644 0.057500
0 0.421689 0.726316 0.032161 0.061250
0 0.387091 0.874671 0.038523 0.070625
