0 0.390067 0.644408 0.034282 0.074375
0 0.396763 0.813816 0.029334 0.055000
0 0.320499 0.478618 0.036402 0.071875
0 0.418713 0.125000 0.036402 0.063750
0 0.453125 0.073026 0.028981 0.081250
0 0.606957 0.313158 0.037817 0.081250
0 0.787574 0.547368 0.034635 0.087500
0 0.938802 0.492434 0.032161 0.041875
0 0.936384 0.407895 0.030394 0.077500
0 0.922433 0.036184 0.028627 0.060000
0 0.683780 0.117763 0.032515 0.060000
0 0.249442 0.058553 0.045591 0.085000
0 0.180990 0.136184 0.037817 0.081250
0 0.164621 0.817105 0.047712 0.075000
0 0.098400 0.764803 0.040644 0.074375
0 0.083147 0.468092 0.039937 0.068125
0 0.065476 0.084211 0.032515 0.080000
