0 0.015067 0.845724 0.028627 0.051875
0 0.074405 0.792763 0.033928 0.051250
0 0.047433 0.729276 0.032868 0.056875
0 0.215030 0.488816 0.034635 0.060000
0 0.250000 0.472368 0.030394 0.055000
0 0.286086 0.344737 0.030394 0.051250
0 0.420573 0.227961 0.034282 0.056875
0 0.221354 0.100658 0.032515 0.050000
0 0.483073 0.288816 0.039937 0.083750
0 0.440662 0.642763 0.037817 0.063750
0 0.390067 0.249013 0.049832 0.070625
0 0.537388 0.450329 0.040644 0.076875
0 0.611979 0.282895 0.031101 0.070000
0 0.718378 0.655592 0.032515 0.071875
0 0.720424 0.582566 0.036402 0.070625
0 0.696057 0.278289 0.034635 0.060000
0 0.632254 0.226645 0.037817 0.056875
0 0.670387 0.976645 0.032515 0.044375
