0 0.230469 0.231250 0.034988 0.068125
0 0.220982 0.153947 0.032515 0.065000
0 0.326823 0.413816 0.038523 0.080000
0 0.348772 0.195395 0.034282 0.053750
0 0.519159 0.232895 0.037817 0.060000
0 0.615141 0.303618 0.028627 0.040625
0 0.627418 0.625658 0.037817 0.060000
0 0.659598 0.581250 0.031101 0.048125
0 0.614211 0.708224 0.036049 0.056875
0 0.698103 0.743421 0.036402 0.061250
0 0.777344 0.396711 0.043471 0.057500
0 0.777344 0.178618 0.038523 0.071875
0 0.894159 0.577961 0.044178 0.051875
0 0.250372 0.864803 0.026860 0.056875
0 0.869792 0.819079 0.031101 0.060000
