0 0.102679 0.047368 0.028274 0.047500
0 0.135789 0.028947 0.019085 0.037500
0 0.191778 0.017434 0.026507 0.033125
0 0.408110 0.073026 0.034635 0.051250
0 0.028088 0.185526 0.022973 0.045000
0 0.242374 0.212171 0.037817 0.061875
0 0.066406 0.248355 0.025093 0.046875
0 0.106957 0.319079 0.028627 0.051250
0 0.638393 0.336842 0.031101 0.057500
0 0.790365 0.364803 0.034282 0.070625
0 0.926153 0.261842 0.028627 0.061250
0 0.242001 0.482895 0.032161 0.050000
0 0.058408 0.656250 0.028274 0.060625
0 0.303757 0.764145 0.025093 0.048125
0 0.278460 0.950000 0.028627 0.055000
0 0.554315 0.966776 0.033928 0.063125
0 0.747582 0.855592 0.036402 0.071875
0 0.920015 0.802303 0.034635 0.074375
