0 0.157552 0.824342 0.043471 0.075000
0 0.412202 0.579605 0.048065 0.081250
0 0.481957 0.784211 0.022973 0.045000
0 0.510789 0.806250 0.028274 0.041875
0 0.462798 0.882895 0.022620 0.050000
0 0.277530 0.869079 0.032515 0.057500
0 0.113467 0.910197 0.022620 0.044375
0 0.127976 0.449671 0.028274 0.050625
0 0.232329 0.597368 0.021558 0.050000
0 0.310082 0.321053 0.027214 0.051250
0 0.434896 0.286184 0.034635 0.057500
0 0.529576 0.288487 0.028627 0.050625
0 0.615513 0.574013 0.032161 0.046875
0 0.615885 0.610197 0.036402 0.044375
0 0.790923 0.973355 0.031101 0.050625
0 0.858073 0.241118 0.036402 0.070625
0 0.665365 0.086513 0.053367 0.086875
0 0.641369 0.020066 0.031101 0.038125
0 0.249814 0.109868 0.028627 0.061250
0 0.226935 0.069737 0.034635 0.060000
0 0.195126 0.042105 0.027214 0.053750
