0 0.340216 0.978618 0.026507 0.040625
0 0.757999 0.963158 0.037817 0.063750
0 0.316592 0.939474 0.032515 0.057500
0 0.283296 0.908553 0.030748 0.053750
0 0.734747 0.891118 0.031101 0.048125
0 0.447359 0.762829 0.029334 0.054375
0 0.987537 0.721053 0.023680 0.045000
0 0.145647 0.632566 0.025093 0.041875
0 0.331473 0.586184 0.025447 0.045000
0 0.059524 0.561184 0.024740 0.045000
0 0.391741 0.534211 0.030394 0.045000
0 0.364955 0.468750 0.030394 0.050625
0 0.244420 0.464474 0.028274 0.047500
0 0.213542 0.425987 0.026860 0.044375
0 0.168155 0.423026 0.028274 0.055000
0 0.761161 0.382566 0.032515 0.054375
0 0.217820 0.310197 0.026507 0.044375
0 0.534226 0.225987 0.032515 0.054375
0 0.566964 0.207566 0.028274 0.050625
0 0.856399 0.193421 0.032515 0.053750
0 0.604353 0.080592 0.027214 0.044375
0 0.931548 0.021053 0.024740 0.040000
0 0.804688 0.026645 0.032515 0.050625
