0 0.745908 0.025329 0.034635 0.048125
0 0.776228 0.025000 0.040644 0.047500
0 0.493304 0.117434 0.045945 0.064375
0 0.873512 0.071711 0.036756 0.053750
0 0.919829 0.173026 0.032161 0.055000
0 0.944382 0.023355 0.025093 0.044375
0 0.969680 0.169737 0.026507 0.055000
0 0.883371 0.365461 0.039937 0.060625
0 0.772135 0.476974 0.037817 0.060000
0 0.236979 0.471053 0.031101 0.057500
0 0.203869 0.490789 0.033928 0.055000
0 0.171317 0.817763 0.030748 0.055000
0 0.262463 0.851974 0.040644 0.035000
0 0.524554 0.801316 0.031101 0.050000
0 0.661272 0.803289 0.053367 0.067500
0 0.702381 0.792105 0.034635 0.055000
0 0.814360 0.803289 0.045238 0.077500
0 0.881510 0.675987 0.037817 0.050625
0 0.895461 0.702303 0.038170 0.040625
0 0.902158 0.760197 0.032515 0.061875
0 0.926711 0.727961 0.019085 0.040625
0 0.959635 0.681250 0.040644 0.044375
0 0.730097 0.868092 0.028627 0.046875
0 0.355097 0.939803 0.038523 0.070625
