0 0.200149 0.276645 0.028981 0.050625
0 0.588542 0.266118 0.033928 0.060625
0 0.120536 0.212829 0.022620 0.041875
0 0.185082 0.188487 0.028627 0.046875
0 0.754650 0.134539 0.032161 0.058125
0 0.621280 0.309868 0.043824 0.080000
0 0.645275 0.351974 0.028627 0.061250
0 0.834449 0.535855 0.045945 0.078125
0 0.928013 0.538816 0.040644 0.071250
0 0.710193 0.565461 0.032515 0.044375
0 0.111235 0.594737 0.031101 0.055000
0 0.138765 0.639803 0.028274 0.054375
0 0.525298 0.686184 0.036049 0.060000
0 0.424107 0.691776 0.025447 0.046875
0 0.042969 0.743092 0.022973 0.041875
0 0.811012 0.825987 0.047358 0.074375
0 0.391183 0.957566 0.028627 0.050625
