0 0.016555 0.375658 0.031454 0.057500
0 0.488653 0.425329 0.026507 0.061875
0 0.459077 0.675000 0.031101 0.060000
0 0.492932 0.542434 0.025447 0.048125
0 0.300037 0.945066 0.047712 0.068125
0 0.490141 0.864474 0.040644 0.055000
0 0.619606 0.966447 0.042057 0.055000
0 0.561198 0.361184 0.027214 0.055000
0 0.656436 0.830263 0.023680 0.047500
0 0.699219 0.838816 0.032868 0.063750
0 0.241629 0.307895 0.043471 0.065000
0 0.808966 0.327961 0.044178 0.070625
0 0.378348 0.225000 0.028981 0.081250
0 0.400298 0.224013 0.025447 0.071875
0 0.657738 0.192763 0.034635 0.055000
0 0.821057 0.175000 0.028981 0.070000
0 0.188430 0.040461 0.029334 0.070625
0 0.090216 0.271053 0.020852 0.075000
