0 0.766741 0.405263 0.026860 0.045000
0 0.527344 0.408882 0.034282 0.066875
0 0.449033 0.327632 0.067858 0.091250
0 0.530320 0.179934 0.039937 0.076875
0 0.376116 0.207566 0.045945 0.051875
0 0.685268 0.871711 0.047358 0.057500
0 0.726749 0.681250 0.042057 0.066875
0 0.848214 0.800658 0.049479 0.055000
0 0.867560 0.967763 0.049479 0.061250
0 0.977121 0.968750 0.043471 0.059375
0 0.922805 0.189803 0.039937 0.050625
0 0.895461 0.241447 0.059375 0.061250
0 0.772693 0.240789 0.055134 0.063750
0 0.236979 0.175000 0.033928 0.050000
0 0.223958 0.395724 0.034635 0.074375
0 0.339844 0.106250 0.037817 0.068125
0 0.079613 0.528618 0.034635 0.044375
