0 0.979353 0.649013 0.030748 0.054375
0 0.926897 0.261842 0.029334 0.067500
0 0.962240 0.237171 0.026507 0.066875
0 0.790737 0.489474 0.021558 0.040000
0 0.826451 0.364474 0.021558 0.033750
0 0.767485 0.124671 0.028981 0.044375
0 0.753906 0.504605 0.030748 0.061250
0 0.620908 0.813487 0.033928 0.040625
0 0.590402 0.746711 0.036049 0.057500
0 0.560082 0.860197 0.026507 0.050625
0 0.472284 0.744079 0.038523 0.055000
0 0.443824 0.705592 0.034635 0.044375
0 0.448289 0.586184 0.033928 0.051250
0 0.397507 0.699013 0.025093 0.064375
0 0.373326 0.908882 0.021558 0.046875
0 0.359189 0.211513 0.021558 0.046875
0 0.289062 0.845395 0.031101 0.050000
0 0.167969 0.539803 0.038523 0.044375
0 0.158110 0.713487 0.034635 0.041875
0 0.149182 0.122697 0.032515 0.068125
0 0.101004 0.553289 0.040644 0.063750
0 0.076823 0.594737 0.040644 0.050000
0 0.107701 0.751316 0.034988 0.055000
0 0.117746 0.824013 0.028627 0.066875
