0 0.018043 0.588158 0.034282 0.047500
0 0.026228 0.432237 0.028627 0.061250
0 0.092634 0.321711 0.028981 0.061250
0 0.158668 0.677303 0.039937 0.050625
0 0.103423 0.943421 0.040290 0.061250
0 0.232515 0.563158 0.028981 0.061250
0 0.382440 0.597697 0.028274 0.041875
0 0.524182 0.516118 0.031101 0.054375
0 0.545759 0.521711 0.028981 0.060000
0 0.632999 0.726316 0.034282 0.057500
0 0.639881 0.836184 0.028274 0.050000
0 0.606957 0.971382 0.025093 0.038125
0 0.703311 0.655263 0.026507 0.040000
0 0.664621 0.141447 0.029334 0.067500
0 0.701079 0.138158 0.026507 0.061250
0 0.374442 0.166118 0.027214 0.066875
0 0.332775 0.332237 0.022973 0.055000
0 0.027530 0.073355 0.034635 0.068125
0 0.059896 0.030263 0.031101 0.057500
0 0.803571 0.492763 0.028274 0.060000
0 0.954241 0.614474 0.034635 0.057500
0 0.967820 0.467105 0.037817 0.055000
