0 0.105841 0.673355 0.034282 0.050625
0 0.275112 0.686184 0.040644 0.061250
0 0.398251 0.876316 0.053367 0.055000
0 0.367560 0.717105 0.049479 0.061250
0 0.212426 0.881250 0.047358 0.044375
0 0.305618 0.354605 0.040644 0.051250
0 0.337612 0.333882 0.047712 0.070625
0 0.458333 0.810197 0.033928 0.044375
0 0.627604 0.673026 0.028274 0.050000
0 0.759859 0.670066 0.025093 0.051875
0 0.801897 0.660526 0.036402 0.063750
0 0.828311 0.737829 0.028627 0.061875
0 0.910156 0.661184 0.044178 0.075000
0 0.869048 0.340789 0.050892 0.067500
0 0.976190 0.539474 0.031101 0.057500
0 0.989211 0.578618 0.020498 0.038125
0 0.979725 0.229276 0.027214 0.041875
