0 0.077195 0.673355 0.034282 0.050625
0 0.246466 0.686184 0.040644 0.061250
0 0.369606 0.876316 0.053367 0.055000
0 0.338914 0.717105 0.049479 0.061250
0 0.183780 0.881250 0.047358 0.044375
0 0.276972 0.354605 0.040644 0.051250
0 0.308966 0.333882 0.047712 0.070625
0 0.429688 0.810197 0.033928 0.044375
0 0.598958 0.673026 0.028274 0.050000
0 0.731213 0.670066 0.025093 0.051875
0 0.773251 0.660526 0.036402 0.063750
0 0.799665 0.737829 0.028627 0.061875
0 0.881510 0.661184 0.044178 0.075000
0 0.840402 0.340789 0.050892 0.067500
0 0.947545 0.539474 0.031101 0.057500
0 0.961124 0.578618 0.021558 0.038125
0 0.951079 0.229276 0.027214 0.041875
0 0.973214 0.627303 0.016964 0.044375
0 0.797991 0.977303 0.033928 0.043125
0 0.984933 0.052961 0.021558 0.046875
