0 0.034970 0.558553 0.030394 0.060000
0 0.062872 0.343421 0.034635 0.050000
0 0.111235 0.272039 0.024740 0.050625
0 0.303571 0.538487 0.036756 0.048125
0 0.425781 0.508553 0.032868 0.050000
0 0.471726 0.643750 0.028981 0.054375
0 0.437686 0.750658 0.025093 0.053750
0 0.098586 0.060526 0.031101 0.053750
0 0.366257 0.077632 0.026507 0.050000
0 0.516555 0.275987 0.030748 0.046875
0 0.600818 0.562171 0.028274 0.050625
0 0.710938 0.580263 0.031101 0.060000
0 0.681176 0.809539 0.030394 0.054375
0 0.824591 0.744737 0.025093 0.061250
0 0.801897 0.303947 0.026507 0.065000
0 0.841518 0.540132 0.032515 0.065000
0 0.844122 0.595395 0.031101 0.057500
0 0.936198 0.442105 0.038523 0.070000
0 0.400856 0.861184 0.042057 0.073750
