0 0.699777 0.766118 0.047358 0.081875
0 0.678385 0.691776 0.038523 0.076875
0 0.598958 0.603618 0.036756 0.088125
0 0.503162 0.695395 0.042057 0.087500
0 0.416667 0.904605 0.030394 0.095000
0 0.850632 0.780921 0.042057 0.081250
0 0.114955 0.742763 0.038170 0.077500
0 0.087426 0.635855 0.030394 0.066875
0 0.293341 0.497697 0.040644 0.070625
0 0.079055 0.540461 0.053367 0.090625
0 0.349702 0.276316 0.040290 0.063750
0 0.626674 0.270395 0.032161 0.077500
0 0.088356 0.293421 0.037817 0.050000
0 0.118490 0.184211 0.043471 0.061250
0 0.113653 0.133553 0.040644 0.080000
0 0.706659 0.222039 0.040644 0.068125
0 0.735863 0.172368 0.053721 0.097500
0 0.883743 0.238816 0.088709 0.111250
0 0.650670 0.048684 0.045945 0.070000
