0 0.665179 0.871711 0.032515 0.047500
0 0.627790 0.881579 0.030748 0.055000
0 0.844308 0.768092 0.049832 0.056875
0 0.337054 0.906908 0.038170 0.051875
0 0.029390 0.756579 0.028981 0.050000
0 0.270461 0.420395 0.036756 0.061250
0 0.034226 0.364474 0.038170 0.047500
0 0.408110 0.350987 0.028274 0.060625
0 0.728237 0.336842 0.019438 0.051250
0 0.064918 0.249671 0.034282 0.044375
0 0.830357 0.266776 0.028274 0.044375
0 0.301525 0.191447 0.025093 0.047500
0 0.191778 0.176974 0.028627 0.060000
0 0.426339 0.209539 0.022620 0.038125
0 0.428013 0.158224 0.029334 0.051875
0 0.881138 0.100658 0.026507 0.053750
0 0.023065 0.121053 0.030394 0.051250
0 0.559338 0.641776 0.025093 0.070625
