0 0.286272 0.819079 0.022973 0.041250
0 0.014509 0.801645 0.027567 0.054375
0 0.190290 0.746382 0.026507 0.050625
0 0.020647 0.702632 0.028627 0.043750
0 0.035714 0.369737 0.034635 0.055000
0 0.202567 0.334211 0.040644 0.067500
0 0.084263 0.284868 0.040644 0.051250
0 0.390439 0.342763 0.038523 0.055000
0 0.407366 0.252632 0.030394 0.060000
0 0.437128 0.279934 0.034635 0.066875
0 0.159412 0.058224 0.040644 0.056875
0 0.451079 0.706908 0.040644 0.068125
0 0.451451 0.917763 0.032868 0.067500
0 0.536644 0.079276 0.034282 0.054375
0 0.535156 0.042434 0.028627 0.054375
0 0.629278 0.497368 0.038523 0.055000
0 0.341146 0.046053 0.047358 0.080000
0 0.712426 0.445395 0.034635 0.050000
0 0.817150 0.684539 0.034282 0.050625
