0 0.192336 0.982237 0.023326 0.033750
0 0.544643 0.959211 0.033928 0.051250
0 0.238281 0.896053 0.029334 0.043750
0 0.592634 0.886513 0.033928 0.056875
0 0.208705 0.524342 0.034635 0.060000
0 0.392299 0.395066 0.025093 0.041875
0 0.517113 0.363158 0.033928 0.055000
0 0.938430 0.322039 0.039937 0.064375
0 0.329985 0.182237 0.025447 0.043750
0 0.747954 0.166118 0.045591 0.070625
0 0.307106 0.142105 0.038523 0.063750
0 0.274740 0.116447 0.037817 0.057500
0 0.723958 0.093092 0.030394 0.046875
0 0.498884 0.654276 0.050892 0.078125
0 0.565476 0.858553 0.031101 0.063750
0 0.362351 0.945395 0.036049 0.053750
0 0.311198 0.671053 0.036402 0.061250
0 0.112165 0.531908 0.028627 0.041875
0 0.073847 0.784539 0.028627 0.040625
0 0.700521 0.687500 0.036049 0.055000
0 0.700521 0.651316 0.028981 0.061250
0 0.613281 0.362500 0.040644 0.055000
