0 0.382999 0.644408 0.034282 0.074375
0 0.389695 0.813816 0.029334 0.055000
0 0.313430 0.478618 0.036402 0.071875
0 0.411644 0.125000 0.036402 0.063750
0 0.446057 0.073026 0.028981 0.081250
0 0.599888 0.313158 0.037817 0.081250
0 0.780506 0.547368 0.034635 0.087500
0 0.931734 0.492434 0.032161 0.041875
0 0.929315 0.407895 0.030394 0.077500
0 0.915365 0.036184 0.028627 0.060000
0 0.676711 0.117763 0.032515 0.060000
0 0.242374 0.058553 0.045591 0.085000
0 0.173921 0.136184 0.037817 0.081250
0 0.157552 0.817105 0.047712 0.075000
0 0.091332 0.764803 0.040644 0.074375
0 0.076079 0.468092 0.039937 0.068125
0 0.058408 0.084211 0.032515 0.080000
