0 0.111793 0.823026 0.043471 0.075000
0 0.366443 0.578289 0.048065 0.081250
0 0.436198 0.782895 0.022973 0.045000
0 0.465030 0.804934 0.028274 0.041875
0 0.417039 0.881579 0.022620 0.050000
0 0.231771 0.867763 0.032515 0.057500
0 0.067708 0.908882 0.022620 0.044375
0 0.082217 0.448355 0.028274 0.050625
0 0.186570 0.596053 0.021558 0.050000
0 0.264323 0.319737 0.027214 0.051250
0 0.389137 0.284868 0.034635 0.057500
0 0.483817 0.287171 0.028627 0.050625
0 0.569754 0.572697 0.032161 0.046875
0 0.570126 0.608882 0.036402 0.044375
0 0.745164 0.972697 0.031101 0.051875
0 0.812314 0.239803 0.036402 0.070625
0 0.619606 0.085197 0.053367 0.086875
0 0.595610 0.019408 0.031101 0.036875
0 0.204055 0.108553 0.028627 0.061250
0 0.181176 0.068421 0.034635 0.060000
0 0.149368 0.040789 0.027214 0.053750
