0 0.349144 0.643092 0.034282 0.074375
0 0.355841 0.812500 0.029334 0.055000
0 0.279576 0.477303 0.036402 0.071875
0 0.377790 0.123684 0.036402 0.063750
0 0.412202 0.071711 0.028981 0.081250
0 0.566034 0.311842 0.037817 0.081250
0 0.746652 0.546053 0.034635 0.087500
0 0.897879 0.491118 0.032161 0.041875
0 0.895461 0.406579 0.030394 0.077500
0 0.881510 0.034868 0.028627 0.060000
0 0.642857 0.116447 0.032515 0.060000
0 0.208519 0.057237 0.045591 0.085000
0 0.140067 0.134868 0.037817 0.081250
0 0.123698 0.815789 0.047712 0.075000
0 0.057478 0.763487 0.040644 0.074375
0 0.042225 0.466776 0.039937 0.068125
