0 0.138951 0.111842 0.026507 0.067500
0 0.367001 0.133553 0.037817 0.057500
0 0.438616 0.027303 0.026860 0.051875
0 0.592448 0.057566 0.025093 0.061875
0 0.842448 0.183224 0.026507 0.061875
0 0.317150 0.393092 0.028627 0.060625
0 0.812872 0.432895 0.031101 0.060000
0 0.846726 0.300329 0.025447 0.048125
0 0.224144 0.036184 0.026507 0.053750
0 0.142671 0.642763 0.032868 0.050000
0 0.218936 0.664145 0.036402 0.040625
0 0.653832 0.702961 0.047712 0.068125
0 0.843936 0.622368 0.040644 0.055000
0 0.118862 0.877303 0.025093 0.044375
0 0.089472 0.897039 0.025093 0.040625
0 0.010975 0.972039 0.018024 0.053125
0 0.973400 0.724342 0.042057 0.055000
0 0.914993 0.119079 0.027214 0.055000
