0 0.745908 0.936513 0.025447 0.054375
0 0.688802 0.903289 0.026507 0.057500
0 0.674479 0.760526 0.026860 0.045000
0 0.535156 0.581250 0.025093 0.054375
0 0.527530 0.539145 0.028274 0.046875
0 0.243304 0.337500 0.030394 0.060000
0 0.853051 0.244408 0.025447 0.051875
0 0.718750 0.101645 0.028274 0.064375
0 0.469308 0.167763 0.023680 0.057500
0 0.198847 0.378289 0.022973 0.053750
0 0.474888 0.958882 0.021558 0.038125
0 0.736421 0.793421 0.017318 0.037500
0 0.895275 0.704276 0.025093 0.046875
0 0.913504 0.524671 0.025093 0.050625
0 0.667039 0.409539 0.031101 0.040625
0 0.674107 0.018750 0.019085 0.035625
