0 0.194940 0.541118 0.036756 0.048125
0 0.317150 0.511184 0.032868 0.050000
0 0.363095 0.646382 0.028981 0.054375
0 0.329055 0.753289 0.025093 0.053750
0 0.257626 0.080263 0.026507 0.050000
0 0.407924 0.278618 0.030748 0.046875
0 0.492188 0.564803 0.028274 0.050625
0 0.602307 0.582895 0.031101 0.060000
0 0.572545 0.812171 0.030394 0.054375
0 0.715960 0.747368 0.025093 0.061250
0 0.693266 0.306579 0.026507 0.065000
0 0.732887 0.542763 0.032515 0.065000
0 0.735491 0.598026 0.031101 0.057500
0 0.827567 0.444737 0.038523 0.070000
0 0.292225 0.863816 0.042057 0.073750
0 0.942708 0.168092 0.038170 0.044375
