0 0.461496 0.070724 0.022973 0.070625
0 0.300595 0.024013 0.034635 0.045625
0 0.730097 0.049013 0.037817 0.071875
0 0.849888 0.025000 0.027214 0.047500
0 0.379650 0.126645 0.027214 0.064375
0 0.252976 0.175000 0.031101 0.055000
0 0.860305 0.261842 0.028627 0.061250
0 0.423921 0.392763 0.023680 0.051250
0 0.510417 0.511184 0.028981 0.060000
0 0.052827 0.497368 0.028274 0.055000
0 0.197359 0.580263 0.025093 0.050000
0 0.146019 0.741118 0.025093 0.044375
0 0.519531 0.764145 0.025093 0.044375
0 0.767671 0.734211 0.036402 0.065000
0 0.832031 0.703289 0.037817 0.050000
0 0.859561 0.662171 0.026507 0.048125
0 0.567894 0.911184 0.021558 0.047500
0 0.689918 0.842434 0.025093 0.044375
0 0.893229 0.967105 0.031101 0.051250
0 0.373140 0.948684 0.034635 0.051250
