0 0.364397 0.024013 0.038523 0.045625
0 0.307850 0.067763 0.038523 0.070000
0 0.119048 0.083224 0.016964 0.044375
0 0.069568 0.208882 0.038170 0.044375
0 0.232701 0.291118 0.026507 0.044375
0 0.268973 0.239145 0.028274 0.034375
0 0.741629 0.199671 0.037817 0.064375
0 0.422991 0.475000 0.036756 0.063750
0 0.752046 0.576974 0.036402 0.055000
0 0.758929 0.664145 0.034635 0.066875
0 0.600632 0.715461 0.046298 0.050625
0 0.132999 0.642763 0.034988 0.053750
0 0.501302 0.276645 0.037817 0.066875
0 0.204799 0.799013 0.037817 0.050625
