0 0.655506 0.400658 0.026860 0.045000
0 0.416109 0.404276 0.034282 0.066875
0 0.337798 0.323026 0.067858 0.091250
0 0.419085 0.175329 0.039937 0.076875
0 0.264881 0.202961 0.045945 0.051875
0 0.574033 0.867105 0.047358 0.057500
0 0.615513 0.676645 0.042057 0.066875
0 0.736979 0.796053 0.049479 0.055000
0 0.756324 0.965461 0.049479 0.065625
0 0.869048 0.966447 0.049479 0.063750
0 0.923177 0.723026 0.042057 0.061250
0 0.811570 0.185197 0.039937 0.050625
0 0.784226 0.236842 0.059375 0.061250
0 0.661458 0.236184 0.055134 0.063750
0 0.125744 0.170395 0.033928 0.050000
0 0.112723 0.391118 0.034635 0.074375
0 0.228609 0.101645 0.037817 0.068125
