0 0.244048 0.447697 0.033928 0.078125
0 0.163132 0.405921 0.040644 0.090000
0 0.324963 0.695724 0.040644 0.071875
0 0.432664 0.579605 0.043824 0.081250
0 0.454613 0.802961 0.034635 0.046875
0 0.558966 0.645066 0.028627 0.071875
0 0.489583 0.381250 0.031101 0.066875
0 0.685268 0.330592 0.024740 0.070625
0 0.818080 0.477303 0.036049 0.066875
0 0.908296 0.609539 0.034282 0.068125
0 0.592634 0.112829 0.033928 0.070625
0 0.356957 0.116776 0.039937 0.058125
0 0.287202 0.067434 0.038170 0.066875
0 0.015253 0.449671 0.028981 0.060625
