0 0.025298 0.436842 0.034635 0.050000
0 0.130022 0.675987 0.034282 0.050625
0 0.299293 0.688816 0.040644 0.061250
0 0.422433 0.878947 0.053367 0.055000
0 0.391741 0.719737 0.049479 0.061250
0 0.236607 0.883882 0.047358 0.044375
0 0.329799 0.357237 0.040644 0.051250
0 0.361793 0.336513 0.047712 0.070625
0 0.482515 0.812829 0.033928 0.044375
0 0.651786 0.675658 0.028274 0.050000
0 0.784040 0.672697 0.025093 0.051875
0 0.826079 0.663158 0.036402 0.063750
0 0.852493 0.740461 0.028627 0.061875
0 0.934338 0.663816 0.044178 0.075000
0 0.893229 0.343421 0.050892 0.067500
