0 0.485863 0.976316 0.031101 0.045000
0 0.507254 0.841776 0.032868 0.044375
0 0.269717 0.816776 0.028274 0.044375
0 0.804501 0.964803 0.025093 0.044375
0 0.908110 0.900329 0.026860 0.044375
0 0.505208 0.789474 0.026860 0.050000
0 0.952009 0.732566 0.031101 0.070625
0 0.465030 0.554276 0.028981 0.071875
0 0.605097 0.675987 0.040644 0.066875
0 0.378720 0.823026 0.022620 0.047500
0 0.142857 0.888158 0.034635 0.055000
0 0.186942 0.519408 0.034988 0.071875
0 0.096168 0.762171 0.021558 0.070625
0 0.848400 0.528289 0.019438 0.055000
0 0.723214 0.423355 0.030394 0.038125
0 0.950707 0.378947 0.025093 0.061250
0 0.821801 0.300000 0.032515 0.061250
0 0.035714 0.342434 0.028981 0.044375
