0 0.050595 0.215132 0.050892 0.080000
0 0.088542 0.493750 0.042411 0.081875
0 0.093750 0.670395 0.036049 0.053750
0 0.178013 0.593421 0.037817 0.047500
0 0.188058 0.437500 0.028627 0.061250
0 0.254464 0.326974 0.028981 0.061250
0 0.320499 0.682566 0.039937 0.050625
0 0.265253 0.948684 0.040290 0.061250
0 0.394345 0.568421 0.028981 0.061250
0 0.544271 0.602961 0.028274 0.041875
0 0.686012 0.521382 0.031101 0.054375
0 0.707589 0.526974 0.028981 0.060000
0 0.794829 0.731579 0.034282 0.057500
0 0.801711 0.841447 0.028274 0.050000
0 0.768787 0.976645 0.025093 0.038125
0 0.865141 0.660526 0.026507 0.040000
0 0.826451 0.146711 0.029334 0.067500
0 0.862909 0.143421 0.026507 0.061250
0 0.536272 0.171382 0.027214 0.066875
0 0.494606 0.337500 0.022973 0.055000
0 0.189360 0.078618 0.034635 0.068125
0 0.221726 0.032895 0.031101 0.062500
0 0.965402 0.498026 0.028274 0.060000
