0 0.029948 0.458553 0.022973 0.061250
0 0.072731 0.325658 0.026507 0.061250
0 0.273065 0.511184 0.030394 0.051250
0 0.349702 0.622368 0.034635 0.057500
0 0.225074 0.677632 0.036756 0.057500
0 0.396577 0.895066 0.031101 0.051875
0 0.428199 0.570395 0.030394 0.060000
0 0.456101 0.355263 0.034635 0.050000
0 0.504464 0.283882 0.024740 0.050625
0 0.696801 0.550329 0.036756 0.048125
0 0.819010 0.520395 0.032868 0.050000
0 0.864955 0.655592 0.028981 0.054375
0 0.830915 0.762500 0.025093 0.053750
0 0.491815 0.072368 0.031101 0.053750
0 0.759487 0.089474 0.026507 0.050000
0 0.909784 0.287829 0.030748 0.046875
0 0.329427 0.160855 0.019438 0.046875
0 0.276228 0.123355 0.020852 0.044375
0 0.278646 0.266776 0.028274 0.050625
0 0.337798 0.306250 0.036756 0.071875
