0 0.050967 0.562500 0.028981 0.061250
0 0.200893 0.597039 0.028274 0.041875
0 0.342634 0.515461 0.031101 0.054375
0 0.364211 0.521053 0.028981 0.060000
0 0.451451 0.725658 0.034282 0.057500
0 0.458333 0.835526 0.028274 0.050000
0 0.425409 0.970724 0.025093 0.038125
0 0.521763 0.654605 0.026507 0.040000
0 0.483073 0.140789 0.029334 0.067500
0 0.519531 0.137500 0.026507 0.061250
0 0.192894 0.165461 0.027214 0.066875
0 0.151228 0.331579 0.022973 0.055000
0 0.622024 0.492105 0.028274 0.060000
0 0.772693 0.613816 0.034635 0.057500
0 0.786272 0.466447 0.037817 0.055000
0 0.696987 0.034868 0.039937 0.057500
0 0.938802 0.228289 0.023680 0.060000
