0 0.543527 0.977303 0.030394 0.043125
0 0.573661 0.967434 0.034635 0.056875
0 0.632626 0.946382 0.030748 0.050625
0 0.644159 0.847039 0.030748 0.060625
0 0.345238 0.721382 0.036049 0.061875
0 0.666853 0.546382 0.032161 0.050625
0 0.676525 0.406908 0.032868 0.058125
0 0.590030 0.406579 0.036049 0.063750
0 0.593006 0.104934 0.041704 0.078125
0 0.497210 0.596382 0.026507 0.048125
0 0.513021 0.607237 0.032515 0.060000
0 0.502418 0.649013 0.022973 0.044375
0 0.501488 0.523684 0.031101 0.063750
0 0.747954 0.458882 0.025093 0.050625
0 0.827939 0.372697 0.034988 0.068125
0 0.818452 0.295395 0.032515 0.065000
0 0.776786 0.237500 0.036756 0.050000
0 0.429874 0.353289 0.020852 0.050000
0 0.348400 0.429934 0.037817 0.070625
0 0.346726 0.065789 0.030394 0.067500
0 0.924293 0.555263 0.038523 0.080000
