0 0.308036 0.656250 0.028981 0.041875
0 0.316406 0.697368 0.022973 0.060000
0 0.461868 0.876316 0.025093 0.045000
0 0.514137 0.916447 0.019085 0.033750
0 0.675223 0.826974 0.022620 0.040000
0 0.696057 0.640789 0.032515 0.055000
0 0.945871 0.847368 0.026507 0.043750
0 0.633743 0.357566 0.027214 0.044375
0 0.500930 0.203289 0.025093 0.050000
0 0.634115 0.091776 0.040644 0.070625
0 0.460565 0.125000 0.033928 0.047500
0 0.419457 0.074671 0.032161 0.044375
0 0.283110 0.088158 0.028981 0.051250
0 0.249256 0.278289 0.028274 0.053750
0 0.043899 0.130592 0.030394 0.064375
0 0.028460 0.450000 0.027214 0.060000
0 0.447359 0.526316 0.027214 0.055000
