0 0.721540 0.457895 0.045591 0.085000
0 0.463914 0.502961 0.036756 0.081875
0 0.396577 0.798355 0.040290 0.061875
0 0.221726 0.718421 0.047358 0.081250
0 0.187128 0.565789 0.031101 0.090000
0 0.152716 0.616118 0.028627 0.100625
0 0.140811 0.690132 0.038523 0.123750
0 0.302269 0.382895 0.040644 0.081250
0 0.781064 0.364803 0.038523 0.071875
0 0.152530 0.297697 0.045945 0.070625
0 0.972656 0.355263 0.040644 0.077500
0 0.938058 0.491776 0.044178 0.078125
0 0.901228 0.541776 0.037817 0.068125
0 0.802827 0.893092 0.032515 0.066875
0 0.422991 0.558882 0.031101 0.050625
0 0.660342 0.535526 0.031101 0.080000
0 0.541667 0.472368 0.030394 0.055000
0 0.563988 0.863816 0.028274 0.055000
0 0.052083 0.229605 0.031101 0.090000
0 0.304874 0.175987 0.054781 0.100625
0 0.669271 0.153947 0.049479 0.055000
0 0.846726 0.177961 0.032515 0.071875
0 0.940662 0.208224 0.043471 0.061875
