0 0.273624 0.930592 0.034988 0.061875
0 0.015625 0.919079 0.025447 0.043750
0 0.098772 0.833882 0.025093 0.044375
0 0.563802 0.824342 0.022973 0.041250
0 0.289249 0.806908 0.032868 0.054375
0 0.025298 0.757895 0.022620 0.040000
0 0.467820 0.751645 0.026507 0.050625
0 0.180060 0.740789 0.028981 0.057500
0 0.298177 0.707895 0.028627 0.043750
0 0.172433 0.673355 0.026507 0.046875
0 0.129836 0.594079 0.028274 0.041250
0 0.313244 0.375000 0.034635 0.055000
0 0.480097 0.339474 0.040644 0.067500
0 0.361793 0.290132 0.040644 0.051250
0 0.667969 0.348026 0.038523 0.055000
0 0.684896 0.257895 0.030394 0.060000
0 0.714658 0.285197 0.034635 0.066875
0 0.198661 0.189474 0.036049 0.055000
0 0.436942 0.063487 0.040644 0.056875
0 0.728609 0.712171 0.040644 0.068125
0 0.728981 0.923026 0.032868 0.067500
0 0.814174 0.084539 0.034282 0.054375
0 0.812686 0.047697 0.028627 0.054375
0 0.906808 0.502632 0.038523 0.055000
0 0.618676 0.051316 0.047358 0.080000
