0 0.108259 0.552961 0.043824 0.066875
0 0.296317 0.570395 0.043471 0.055000
0 0.338914 0.631250 0.047358 0.060625
0 0.148251 0.153289 0.026507 0.051250
0 0.425595 0.133553 0.040290 0.065000
0 0.457031 0.452303 0.030748 0.060625
0 0.473772 0.499671 0.019438 0.044375
0 0.500558 0.417763 0.032161 0.040000
0 0.585193 0.019408 0.034635 0.036875
0 0.636905 0.600000 0.032515 0.065000
0 0.880208 0.752303 0.034635 0.071875
0 0.881696 0.024013 0.039584 0.045625
0 0.910528 0.752632 0.040644 0.070000
0 0.627604 0.856908 0.045945 0.064375
