0 0.235305 0.175987 0.019438 0.070625
0 0.547805 0.118750 0.028627 0.068125
0 0.579055 0.064145 0.028627 0.074375
0 0.282366 0.326645 0.028981 0.084375
0 0.402158 0.257895 0.031101 0.061250
0 0.540365 0.478618 0.025093 0.061875
0 0.609003 0.376974 0.032515 0.057500
0 0.846726 0.402632 0.031101 0.057500
0 0.891369 0.230592 0.031101 0.071875
0 0.201451 0.635197 0.027214 0.054375
0 0.444382 0.539145 0.032161 0.064375
0 0.526786 0.637171 0.028274 0.048125
0 0.746280 0.627961 0.033928 0.068125
0 0.899926 0.662829 0.032515 0.051875
0 0.447917 0.722697 0.026860 0.054375
0 0.675037 0.739803 0.034282 0.050625
0 0.165923 0.725000 0.028981 0.061250
0 0.141927 0.885855 0.026507 0.044375
