0 0.981027 0.633553 0.033928 0.060000
0 0.861979 0.336184 0.031101 0.055000
0 0.894345 0.379605 0.034635 0.053750
0 0.915923 0.426645 0.032515 0.071875
0 0.901228 0.908224 0.043471 0.066875
0 0.797991 0.764474 0.028981 0.051250
0 0.693824 0.770724 0.042411 0.046875
0 0.380394 0.663487 0.044178 0.040625
0 0.407180 0.705921 0.040644 0.053750
0 0.477121 0.340789 0.044178 0.043750
0 0.463914 0.257237 0.043824 0.047500
0 0.396391 0.280592 0.049125 0.031875
0 0.726935 0.072039 0.043824 0.038125
0 0.918341 0.026645 0.046298 0.041875
0 0.204055 0.370395 0.034282 0.061250
0 0.311570 0.804934 0.037817 0.071875
0 0.149368 0.054934 0.025093 0.044375
0 0.144903 0.079934 0.030748 0.041875
0 0.122768 0.204934 0.028274 0.044375
0 0.101935 0.233882 0.034635 0.038125
0 0.152530 0.888487 0.028274 0.041875
0 0.172433 0.915132 0.025093 0.033750
0 0.153274 0.925000 0.030394 0.033750
0 0.084635 0.872697 0.027214 0.050625
