0 0.039621 0.072039 0.034282 0.054375
0 0.038132 0.035197 0.028627 0.054375
0 0.132254 0.490132 0.038523 0.055000
0 0.215402 0.438158 0.034635 0.050000
0 0.320126 0.677303 0.034282 0.050625
0 0.489397 0.690132 0.040644 0.061250
0 0.612537 0.880263 0.053367 0.055000
0 0.581845 0.721053 0.049479 0.061250
0 0.426711 0.885197 0.047358 0.044375
0 0.519903 0.358553 0.040644 0.051250
0 0.551897 0.337829 0.047712 0.070625
0 0.672619 0.814145 0.033928 0.044375
0 0.841890 0.676974 0.028274 0.050000
0 0.974144 0.674013 0.025093 0.051875
