0 0.275856 0.656908 0.025093 0.051875
0 0.317894 0.647368 0.036402 0.063750
0 0.344308 0.724671 0.028627 0.061875
0 0.426153 0.648026 0.044178 0.075000
0 0.385045 0.327632 0.050892 0.067500
0 0.492188 0.526316 0.031101 0.057500
0 0.505766 0.565461 0.021558 0.038125
0 0.342634 0.964803 0.033928 0.044375
0 0.550223 0.577632 0.034635 0.053750
0 0.577753 0.527961 0.028981 0.058125
0 0.522135 0.611184 0.025093 0.035000
0 0.536086 0.037500 0.036049 0.061250
0 0.584821 0.030263 0.038170 0.057500
0 0.499628 0.212500 0.030394 0.053750
0 0.608817 0.428947 0.040644 0.057500
0 0.702009 0.480921 0.049479 0.081250
0 0.140067 0.645395 0.025093 0.053750
0 0.839658 0.345724 0.038170 0.068125
0 0.897321 0.474013 0.033928 0.076875
0 0.960938 0.713487 0.032515 0.066875
0 0.982887 0.609868 0.026860 0.053750
0 0.974888 0.829934 0.021558 0.050625
0 0.953869 0.952303 0.034635 0.078125
