0 0.570499 0.827632 0.043471 0.075000
0 0.825149 0.582895 0.048065 0.081250
0 0.894903 0.787500 0.022973 0.045000
0 0.923735 0.809539 0.028274 0.041875
0 0.875744 0.886184 0.022620 0.050000
0 0.690476 0.872368 0.032515 0.057500
0 0.526414 0.913487 0.022620 0.044375
0 0.540923 0.452961 0.028274 0.050625
0 0.645275 0.600658 0.021558 0.050000
0 0.723028 0.324342 0.027214 0.051250
0 0.847842 0.289474 0.034635 0.057500
0 0.942522 0.291776 0.028627 0.050625
0 0.662760 0.113158 0.028627 0.061250
0 0.639881 0.073026 0.034635 0.060000
0 0.608073 0.045395 0.027214 0.053750
0 0.448289 0.470066 0.019085 0.048125
0 0.409226 0.721382 0.016964 0.036875
0 0.155506 0.404605 0.022620 0.050000
0 0.131138 0.358224 0.028627 0.044375
0 0.222284 0.042434 0.028627 0.044375
0 0.063988 0.512829 0.033928 0.044375
