0 0.057106 0.676645 0.039937 0.050625
0 0.130952 0.562500 0.028981 0.061250
0 0.280878 0.597039 0.028274 0.041875
0 0.422619 0.515461 0.031101 0.054375
0 0.444196 0.521053 0.028981 0.060000
0 0.531436 0.725658 0.034282 0.057500
0 0.538318 0.835526 0.028274 0.050000
0 0.505394 0.970724 0.025093 0.038125
0 0.601749 0.654605 0.026507 0.040000
0 0.563058 0.140789 0.029334 0.067500
0 0.599516 0.137500 0.026507 0.061250
0 0.272879 0.165461 0.027214 0.066875
0 0.231213 0.331579 0.022973 0.055000
0 0.702009 0.492105 0.028274 0.060000
0 0.852679 0.613816 0.034635 0.057500
0 0.866257 0.466447 0.037817 0.055000
0 0.776972 0.034868 0.039937 0.057500
