0 0.125372 0.231579 0.031101 0.057500
0 0.170015 0.059539 0.031101 0.071875
0 0.024926 0.456908 0.033928 0.068125
0 0.178571 0.491776 0.032515 0.051875
0 0.326265 0.409211 0.079873 0.090000
0 0.427455 0.610197 0.049479 0.054375
0 0.436570 0.731579 0.040644 0.060000
0 0.404576 0.847697 0.043471 0.046875
0 0.458333 0.042434 0.032515 0.044375
0 0.496652 0.036842 0.033928 0.050000
0 0.499628 0.555921 0.031101 0.053750
0 0.592262 0.370724 0.036756 0.044375
0 0.757626 0.354276 0.032161 0.050625
0 0.746466 0.506908 0.037817 0.068125
0 0.919643 0.124342 0.028981 0.055000
