0 0.820871 0.940789 0.027214 0.055000
0 0.665551 0.880592 0.025447 0.046875
0 0.417597 0.825987 0.025093 0.046875
0 0.847842 0.727303 0.028981 0.051875
0 0.730469 0.671382 0.023680 0.044375
0 0.672061 0.633553 0.022973 0.043750
0 0.668899 0.486513 0.025447 0.040625
0 0.880766 0.443421 0.026507 0.051250
0 0.133929 0.412829 0.028981 0.056875
0 0.521949 0.310855 0.022620 0.046875
0 0.512649 0.270724 0.025447 0.046875
0 0.184710 0.107895 0.028627 0.053750
0 0.132812 0.095066 0.028274 0.050625
0 0.076451 0.068750 0.026507 0.048125
0 0.229539 0.060855 0.028981 0.054375
0 0.460938 0.689474 0.032515 0.050000
0 0.722098 0.526316 0.019085 0.037500
0 0.894717 0.650000 0.031101 0.045000
0 0.901228 0.257566 0.023680 0.050625
0 0.654762 0.141776 0.031101 0.038125
