0 0.793713 0.522697 0.036402 0.071875
0 0.891927 0.169079 0.036402 0.063750
0 0.926339 0.117105 0.028981 0.081250
0 0.722656 0.102632 0.045591 0.085000
0 0.654204 0.180263 0.037817 0.081250
0 0.637835 0.861184 0.047712 0.075000
0 0.571615 0.808882 0.040644 0.074375
0 0.556362 0.512171 0.039937 0.068125
0 0.538690 0.128289 0.032515 0.080000
0 0.465030 0.147697 0.036756 0.081875
0 0.415737 0.203289 0.040644 0.085000
0 0.397693 0.443092 0.040290 0.061875
0 0.369048 0.680592 0.030394 0.051875
0 0.294829 0.670395 0.038523 0.055000
0 0.866443 0.698355 0.031101 0.070625
0 0.875186 0.866447 0.038523 0.057500
0 0.222842 0.363158 0.047358 0.081250
0 0.188244 0.210526 0.031101 0.090000
0 0.158296 0.782566 0.032161 0.074375
0 0.153832 0.260855 0.028627 0.100625
0 0.141927 0.334868 0.038523 0.123750
