0 0.580915 0.642434 0.034282 0.074375
0 0.587612 0.811842 0.029334 0.055000
0 0.511347 0.476645 0.036402 0.071875
0 0.609561 0.123026 0.036402 0.063750
0 0.643973 0.071053 0.028981 0.081250
0 0.797805 0.311184 0.037817 0.081250
0 0.978423 0.545395 0.034635 0.087500
0 0.874628 0.115789 0.032515 0.060000
0 0.440290 0.056579 0.045591 0.085000
0 0.371838 0.134211 0.037817 0.081250
0 0.355469 0.815132 0.047712 0.075000
0 0.289249 0.762829 0.040644 0.074375
0 0.273996 0.466118 0.039937 0.068125
0 0.256324 0.082237 0.032515 0.080000
0 0.182664 0.101645 0.036756 0.081875
0 0.133371 0.157237 0.040644 0.085000
0 0.115327 0.397039 0.040290 0.061875
0 0.086682 0.634539 0.030394 0.051875
