0 0.885603 0.072697 0.039937 0.060625
0 0.774368 0.184211 0.037817 0.060000
0 0.239211 0.178289 0.031101 0.057500
0 0.206101 0.198026 0.033928 0.055000
0 0.173549 0.525000 0.030748 0.055000
0 0.526786 0.508553 0.031101 0.050000
0 0.663504 0.510526 0.053367 0.067500
0 0.704613 0.499342 0.034635 0.055000
0 0.816592 0.510526 0.045238 0.077500
0 0.883743 0.383224 0.037817 0.050625
0 0.897693 0.409539 0.038170 0.040625
0 0.904390 0.467434 0.032515 0.061875
0 0.928943 0.435197 0.019085 0.040625
0 0.961868 0.388487 0.040644 0.044375
0 0.732329 0.575329 0.028627 0.046875
0 0.357329 0.647039 0.038523 0.070625
0 0.270089 0.555921 0.028274 0.057500
0 0.300781 0.703947 0.038523 0.070000
0 0.111979 0.719408 0.016964 0.044375
0 0.062500 0.845066 0.038170 0.044375
0 0.225632 0.927303 0.026507 0.044375
0 0.261905 0.875329 0.028274 0.034375
0 0.497024 0.923355 0.030394 0.046875
0 0.734561 0.835855 0.037817 0.064375
