0 0.199033 0.902961 0.034635 0.050625
0 0.198661 0.866776 0.040290 0.048125
0 0.957589 0.833553 0.030394 0.055000
0 0.664621 0.601645 0.037817 0.051875
0 0.437128 0.533553 0.038170 0.057500
0 0.629464 0.544079 0.036756 0.057500
0 0.971912 0.580263 0.038523 0.061250
0 0.247210 0.387829 0.043471 0.074375
0 0.223958 0.309539 0.038170 0.071875
0 0.115885 0.586842 0.027214 0.051250
0 0.478051 0.145724 0.032515 0.054375
0 0.766741 0.101316 0.031101 0.057500
0 0.807850 0.479934 0.023680 0.044375
0 0.787202 0.435526 0.030394 0.051250
0 0.828125 0.397697 0.028274 0.040625
0 0.029018 0.579276 0.043824 0.051875
