0 0.328311 0.558224 0.044178 0.068125
0 0.158296 0.668421 0.028627 0.063750
0 0.123326 0.672697 0.026507 0.054375
0 0.573289 0.753289 0.026860 0.051250
0 0.653460 0.720066 0.025093 0.051875
0 0.745536 0.712171 0.025447 0.046875
0 0.788318 0.713487 0.021205 0.041875
0 0.924665 0.423026 0.025093 0.035000
0 0.743490 0.053947 0.019438 0.053750
0 0.648065 0.094737 0.015551 0.033750
0 0.579613 0.116447 0.021205 0.035000
0 0.314174 0.064145 0.028627 0.056875
0 0.218192 0.132895 0.023680 0.051250
0 0.048549 0.425000 0.039937 0.067500
