0 0.197917 0.759539 0.028981 0.050625
0 0.586310 0.749013 0.033928 0.060625
0 0.118304 0.695724 0.022620 0.041875
0 0.182850 0.671382 0.028627 0.046875
0 0.752418 0.617434 0.032161 0.058125
0 0.446429 0.484211 0.030394 0.053750
0 0.636347 0.437829 0.038523 0.070625
0 0.358073 0.414145 0.039937 0.070625
0 0.187686 0.399013 0.030748 0.060625
0 0.695499 0.384539 0.034282 0.051875
0 0.176339 0.327961 0.028981 0.050625
0 0.668713 0.321382 0.034282 0.058125
0 0.546317 0.315132 0.032868 0.055000
0 0.224330 0.275658 0.034635 0.051250
0 0.515439 0.278618 0.040644 0.070625
0 0.470796 0.270724 0.044178 0.080625
0 0.519159 0.160526 0.032161 0.051250
0 0.144903 0.159211 0.028627 0.047500
0 0.167039 0.119408 0.025447 0.046875
0 0.232515 0.102961 0.028981 0.048125
0 0.835379 0.082895 0.034988 0.060000
0 0.871280 0.067434 0.030394 0.054375
0 0.619048 0.792763 0.043824 0.080000
0 0.643043 0.834868 0.028627 0.061250
