0 0.283854 0.445066 0.033928 0.078125
0 0.202939 0.403289 0.040644 0.090000
0 0.364769 0.693092 0.040644 0.071875
0 0.472470 0.576974 0.043824 0.081250
0 0.494420 0.800329 0.034635 0.046875
0 0.598772 0.642434 0.028627 0.071875
0 0.529390 0.378618 0.031101 0.066875
0 0.725074 0.327961 0.024740 0.070625
0 0.857887 0.474671 0.036049 0.066875
0 0.948103 0.606908 0.034282 0.068125
0 0.632440 0.110197 0.033928 0.070625
0 0.396763 0.114145 0.039937 0.058125
0 0.327009 0.064803 0.038170 0.066875
0 0.045387 0.447039 0.047358 0.060625
