0 0.390439 0.072039 0.022973 0.070625
0 0.229539 0.024671 0.034635 0.046875
0 0.659040 0.050329 0.037817 0.071875
0 0.778832 0.025658 0.027214 0.048750
0 0.308594 0.127961 0.027214 0.064375
0 0.181920 0.176316 0.031101 0.055000
0 0.789249 0.263158 0.028627 0.061250
0 0.352865 0.394079 0.023680 0.051250
0 0.439360 0.512500 0.028981 0.060000
0 0.126302 0.581579 0.025093 0.050000
0 0.074963 0.742434 0.025093 0.044375
0 0.448475 0.765461 0.025093 0.044375
0 0.696615 0.735526 0.036402 0.065000
0 0.760975 0.704605 0.037817 0.050000
0 0.788504 0.663487 0.026507 0.048125
0 0.496838 0.912500 0.021558 0.047500
0 0.618862 0.843750 0.025093 0.044375
0 0.822173 0.968421 0.031101 0.051250
0 0.302083 0.950000 0.034635 0.051250
0 0.822731 0.156579 0.023680 0.053750
0 0.955357 0.085197 0.028981 0.038125
