0 0.122582 0.022368 0.037817 0.042500
0 0.252790 0.219737 0.028627 0.061250
0 0.160156 0.692105 0.036402 0.065000
0 0.224516 0.661184 0.037817 0.050000
0 0.252046 0.620066 0.026507 0.048125
0 0.082403 0.800329 0.025093 0.044375
0 0.285714 0.925000 0.031101 0.051250
0 0.286272 0.113158 0.023680 0.053750
0 0.418899 0.041776 0.028981 0.038125
0 0.493862 0.281908 0.022973 0.038125
0 0.528088 0.059211 0.032161 0.050000
0 0.526786 0.943750 0.032515 0.044375
0 0.635417 0.221053 0.032515 0.051250
0 0.655692 0.079605 0.021558 0.043750
0 0.654948 0.032237 0.028627 0.040000
0 0.789249 0.502303 0.029334 0.046875
0 0.566964 0.775000 0.033928 0.051250
0 0.897693 0.745395 0.032515 0.047500
0 0.860305 0.755263 0.030748 0.055000
0 0.954985 0.207566 0.028274 0.044375
