0 0.017113 0.494079 0.028981 0.061250
0 0.308780 0.447039 0.031101 0.054375
0 0.330357 0.452632 0.028981 0.060000
0 0.417597 0.657237 0.034282 0.057500
0 0.424479 0.767105 0.028274 0.050000
0 0.391555 0.902303 0.025093 0.038125
0 0.487909 0.586184 0.026507 0.040000
0 0.449219 0.072368 0.029334 0.067500
0 0.485677 0.069079 0.026507 0.061250
0 0.159040 0.097039 0.027214 0.066875
0 0.117374 0.263158 0.022973 0.055000
0 0.588170 0.423684 0.028274 0.060000
0 0.738839 0.545395 0.034635 0.057500
0 0.752418 0.398026 0.037817 0.055000
0 0.904948 0.159868 0.023680 0.060000
0 0.171503 0.547697 0.034635 0.064375
