0 0.917969 0.890789 0.026507 0.045000
0 0.732515 0.879934 0.024740 0.046875
0 0.964472 0.822039 0.030748 0.050625
0 0.938802 0.795395 0.030748 0.053750
0 0.687314 0.601645 0.034282 0.044375
0 0.867560 0.587829 0.045238 0.076875
0 0.765439 0.326974 0.025093 0.041250
0 0.985305 0.296053 0.027920 0.045000
0 0.890253 0.295395 0.033928 0.053750
0 0.703125 0.114803 0.025447 0.041875
0 0.680990 0.075000 0.038523 0.061250
0 0.648251 0.052303 0.037817 0.064375
0 0.581101 0.457895 0.032515 0.057500
0 0.485677 0.468750 0.021558 0.041875
0 0.611607 0.831908 0.028274 0.050625
0 0.565290 0.920724 0.029334 0.050625
0 0.447731 0.722039 0.018024 0.036875
