0 0.769717 0.770724 0.047358 0.081875
0 0.748326 0.696382 0.038523 0.076875
0 0.668899 0.608224 0.036756 0.088125
0 0.573103 0.700000 0.042057 0.087500
0 0.486607 0.909211 0.030394 0.095000
0 0.920573 0.785526 0.042057 0.081250
0 0.184896 0.747368 0.038170 0.077500
0 0.157366 0.640461 0.030394 0.066875
0 0.363281 0.502303 0.040644 0.070625
0 0.148996 0.545066 0.053367 0.090625
0 0.419643 0.280921 0.040290 0.063750
0 0.696615 0.275000 0.032161 0.077500
0 0.158296 0.298026 0.037817 0.050000
0 0.188430 0.188816 0.043471 0.061250
0 0.183594 0.138158 0.040644 0.080000
0 0.776600 0.226645 0.040644 0.068125
0 0.805804 0.176974 0.053721 0.097500
0 0.953497 0.243421 0.088356 0.111250
0 0.720610 0.053289 0.045945 0.070000
