0 0.097656 0.677632 0.040644 0.061250
0 0.220796 0.867763 0.053367 0.055000
0 0.190104 0.708553 0.049479 0.061250
0 0.034970 0.872697 0.047358 0.044375
0 0.128162 0.346053 0.040644 0.051250
0 0.160156 0.325329 0.047712 0.070625
0 0.280878 0.801645 0.033928 0.044375
0 0.450149 0.664474 0.028274 0.050000
0 0.582403 0.661513 0.025093 0.051875
0 0.624442 0.651974 0.036402 0.063750
0 0.650856 0.729276 0.028627 0.061875
0 0.732701 0.652632 0.044178 0.075000
0 0.691592 0.332237 0.050892 0.067500
0 0.798735 0.530921 0.031101 0.057500
0 0.812314 0.570066 0.021558 0.038125
0 0.649182 0.969408 0.033928 0.044375
0 0.856771 0.582237 0.034635 0.053750
0 0.884301 0.532566 0.028981 0.058125
0 0.828683 0.615789 0.025093 0.035000
0 0.842634 0.042105 0.036049 0.061250
0 0.891369 0.032566 0.038170 0.061875
0 0.806176 0.217105 0.030394 0.053750
0 0.915365 0.433553 0.040644 0.057500
