0 0.561942 0.438487 0.025093 0.051875
0 0.603981 0.428947 0.036402 0.063750
0 0.630394 0.506250 0.028627 0.061875
0 0.712240 0.429605 0.044178 0.075000
0 0.671131 0.109211 0.050892 0.067500
0 0.778274 0.307895 0.031101 0.057500
0 0.791853 0.347039 0.021558 0.038125
0 0.628720 0.746382 0.033928 0.044375
0 0.836310 0.359211 0.034635 0.053750
0 0.863839 0.309539 0.028981 0.058125
0 0.808222 0.392763 0.025093 0.035000
0 0.894903 0.210526 0.040644 0.057500
0 0.981027 0.262500 0.036049 0.081250
0 0.426153 0.426974 0.025093 0.053750
0 0.255766 0.571382 0.026507 0.041875
0 0.202195 0.639145 0.034282 0.048125
0 0.175037 0.484868 0.036402 0.051250
0 0.077195 0.451974 0.025093 0.051250
0 0.106213 0.133882 0.045591 0.071875
0 0.143973 0.104934 0.031101 0.048125
0 0.021763 0.649013 0.025093 0.044375
0 0.164621 0.784539 0.036402 0.051875
0 0.392857 0.833224 0.033928 0.076875
0 0.126116 0.838816 0.028274 0.041250
