0 0.308780 0.414145 0.031101 0.054375
0 0.330357 0.419737 0.028981 0.060000
0 0.417597 0.624342 0.034282 0.057500
0 0.424479 0.734211 0.028274 0.050000
0 0.391555 0.869408 0.025093 0.038125
0 0.487909 0.553289 0.026507 0.040000
0 0.588170 0.390789 0.028274 0.060000
0 0.738839 0.512500 0.034635 0.057500
0 0.752418 0.365132 0.037817 0.055000
0 0.904948 0.126974 0.023680 0.060000
0 0.171503 0.514803 0.034635 0.064375
0 0.452939 0.038487 0.037817 0.064375
0 0.492188 0.030263 0.032515 0.055000
0 0.164807 0.085855 0.031101 0.078125
0 0.121652 0.226974 0.045945 0.113750
0 0.022879 0.477961 0.043471 0.068125
