0 0.298177 0.807895 0.028627 0.063750
0 0.580357 0.674671 0.033928 0.061875
0 0.622768 0.608224 0.039584 0.090625
0 0.696057 0.586513 0.036756 0.071875
0 0.207217 0.329934 0.034635 0.076875
0 0.465030 0.275000 0.045945 0.073750
0 0.303757 0.397697 0.023680 0.060625
0 0.345610 0.676974 0.031101 0.050000
0 0.308036 0.721382 0.031101 0.050625
0 0.384301 0.834539 0.034635 0.068125
0 0.465402 0.486184 0.026860 0.050000
0 0.554874 0.912171 0.021558 0.041875
0 0.651972 0.084868 0.032161 0.057500
0 0.816220 0.657237 0.028981 0.053750
0 0.831101 0.251974 0.034635 0.047500
0 0.727307 0.019408 0.034635 0.036875
0 0.891927 0.577632 0.027214 0.057500
0 0.721726 0.975329 0.032515 0.046875
