0 0.162760 0.404934 0.025093 0.051875
0 0.204799 0.395395 0.036402 0.063750
0 0.231213 0.472697 0.028627 0.061875
0 0.313058 0.396053 0.044178 0.075000
0 0.271949 0.075658 0.050892 0.067500
0 0.379092 0.274342 0.031101 0.057500
0 0.392671 0.313487 0.021558 0.038125
0 0.229539 0.712829 0.033928 0.044375
0 0.409040 0.359211 0.025093 0.035000
0 0.495722 0.176974 0.040644 0.057500
0 0.588914 0.228947 0.049479 0.081250
0 0.026972 0.393421 0.025093 0.053750
0 0.429129 0.333224 0.039937 0.044375
0 0.460938 0.284539 0.043824 0.071875
0 0.783854 0.229934 0.031101 0.056875
0 0.727865 0.099342 0.036402 0.051250
0 0.851004 0.459868 0.038523 0.063750
0 0.871466 0.360197 0.025093 0.040625
0 0.864211 0.586184 0.034635 0.061250
0 0.845796 0.704934 0.039937 0.066875
0 0.701823 0.948026 0.039937 0.061250
0 0.575149 0.978618 0.050892 0.040625
0 0.900298 0.341118 0.050892 0.110625
