0 0.861793 0.645724 0.030748 0.054375
0 0.956659 0.458882 0.032868 0.058125
0 0.906994 0.290789 0.032515 0.057500
0 0.809338 0.258553 0.029334 0.067500
0 0.844680 0.233882 0.026507 0.066875
0 0.673177 0.486184 0.021558 0.040000
0 0.708891 0.361184 0.021558 0.033750
0 0.649926 0.121382 0.028981 0.044375
0 0.636347 0.501316 0.030748 0.061250
0 0.503348 0.810197 0.033928 0.040625
0 0.472842 0.743421 0.036049 0.057500
0 0.442522 0.856908 0.026507 0.050625
0 0.354725 0.740789 0.038523 0.055000
0 0.326265 0.702303 0.034635 0.044375
0 0.330729 0.582895 0.033928 0.051250
0 0.279948 0.695724 0.025093 0.064375
0 0.255766 0.905592 0.021558 0.046875
0 0.241629 0.208224 0.021558 0.046875
0 0.171503 0.842105 0.031101 0.050000
0 0.050409 0.536513 0.038523 0.044375
0 0.040551 0.710197 0.034635 0.041875
0 0.031622 0.119408 0.032515 0.068125
