0 0.274368 0.393750 0.025093 0.051875
0 0.316406 0.384211 0.036402 0.063750
0 0.342820 0.461513 0.028627 0.061875
0 0.424665 0.384868 0.044178 0.075000
0 0.383557 0.064474 0.050892 0.067500
0 0.490699 0.263158 0.031101 0.057500
0 0.504278 0.302303 0.021558 0.038125
0 0.341146 0.701645 0.033928 0.044375
0 0.520647 0.348026 0.025093 0.035000
0 0.607329 0.165789 0.040644 0.057500
0 0.700521 0.217763 0.049479 0.081250
0 0.138579 0.382237 0.025093 0.053750
0 0.105283 0.788487 0.033928 0.076875
0 0.540737 0.322039 0.039937 0.044375
0 0.572545 0.273355 0.043824 0.071875
0 0.895461 0.218750 0.031101 0.056875
0 0.839472 0.088158 0.036402 0.051250
0 0.962612 0.448684 0.038523 0.063750
0 0.983073 0.349013 0.025093 0.040625
0 0.975818 0.575000 0.034635 0.061250
0 0.957403 0.693750 0.039937 0.066875
0 0.813430 0.936842 0.039937 0.061250
0 0.686756 0.973026 0.050892 0.051250
