0 0.176711 0.620066 0.024740 0.044375
0 0.323289 0.903618 0.034635 0.041875
0 0.928013 0.582237 0.023680 0.033750
0 0.490513 0.596382 0.029334 0.050625
0 0.588356 0.530921 0.028627 0.031250
0 0.849888 0.635197 0.028627 0.044375
0 0.193638 0.482895 0.040644 0.061250
0 0.201265 0.424342 0.022620 0.051250
0 0.644345 0.370066 0.033928 0.044375
0 0.976190 0.391118 0.026860 0.048125
0 0.162016 0.193421 0.025093 0.055000
0 0.295945 0.316447 0.040644 0.063750
0 0.408110 0.048355 0.025447 0.044375
0 0.533110 0.154605 0.019085 0.040000
0 0.072917 0.461184 0.038170 0.051250
0 0.034598 0.695066 0.040290 0.044375
