0 0.047805 0.290132 0.037817 0.090000
0 0.164062 0.215789 0.050892 0.080000
0 0.202009 0.494408 0.042411 0.081875
0 0.207217 0.671053 0.036049 0.053750
0 0.291481 0.594079 0.037817 0.047500
0 0.301525 0.438158 0.028627 0.061250
0 0.367932 0.327632 0.028981 0.061250
0 0.433966 0.683224 0.039937 0.050625
0 0.378720 0.949342 0.040290 0.061250
0 0.507812 0.569079 0.028981 0.061250
0 0.657738 0.603618 0.028274 0.041875
0 0.799479 0.522039 0.031101 0.054375
0 0.821057 0.527632 0.028981 0.060000
0 0.908296 0.732237 0.034282 0.057500
0 0.915179 0.842105 0.028274 0.050000
0 0.882254 0.977303 0.025093 0.038125
0 0.978609 0.661184 0.026507 0.040000
0 0.939918 0.147368 0.029334 0.067500
0 0.976376 0.144079 0.026507 0.061250
0 0.649740 0.172039 0.027214 0.066875
0 0.608073 0.338158 0.022973 0.055000
0 0.302827 0.079276 0.034635 0.068125
0 0.335193 0.033224 0.031101 0.063125
