0 0.378720 0.121382 0.022620 0.048125
0 0.373512 0.182895 0.024740 0.055000
0 0.391927 0.197039 0.021558 0.046875
0 0.380580 0.239474 0.019085 0.051250
0 0.224144 0.309868 0.021558 0.060000
0 0.202753 0.732566 0.019791 0.046875
0 0.167597 0.926974 0.025093 0.061250
0 0.339472 0.715789 0.020852 0.051250
0 0.375930 0.775000 0.023680 0.060000
0 0.420201 0.852632 0.025093 0.060000
0 0.555432 0.738158 0.032515 0.063750
0 0.724516 0.598355 0.026507 0.060625
0 0.518601 0.440789 0.022620 0.053750
0 0.506510 0.536184 0.022973 0.055000
0 0.451451 0.557237 0.025093 0.063750
0 0.416667 0.575000 0.023326 0.061250
0 0.544271 0.138158 0.028274 0.053750
0 0.628162 0.051974 0.025093 0.050000
0 0.802455 0.150000 0.034635 0.055000
0 0.953311 0.870395 0.022973 0.050000
