0 0.386347 0.396382 0.025093 0.051875
0 0.428385 0.386842 0.036402 0.063750
0 0.454799 0.464145 0.028627 0.061875
0 0.536644 0.387500 0.044178 0.075000
0 0.495536 0.067105 0.050892 0.067500
0 0.602679 0.265789 0.031101 0.057500
0 0.616257 0.304934 0.021558 0.038125
0 0.453125 0.704276 0.033928 0.044375
0 0.632626 0.350658 0.025093 0.035000
0 0.719308 0.168421 0.040644 0.057500
0 0.812500 0.220395 0.049479 0.081250
0 0.250558 0.384868 0.025093 0.053750
0 0.080171 0.529276 0.026507 0.041875
0 0.026600 0.597039 0.034282 0.048125
0 0.217262 0.791118 0.033928 0.076875
0 0.652716 0.324671 0.039937 0.044375
0 0.684524 0.275987 0.043824 0.071875
