0 0.200149 0.493750 0.028981 0.050625
0 0.588542 0.483224 0.033928 0.060625
0 0.120536 0.429934 0.022620 0.041875
0 0.185082 0.405592 0.028627 0.046875
0 0.754650 0.351645 0.032161 0.058125
0 0.448661 0.218421 0.030394 0.053750
0 0.638579 0.172039 0.038523 0.070625
0 0.360305 0.148355 0.039937 0.070625
0 0.189918 0.133224 0.030748 0.060625
0 0.697731 0.118750 0.034282 0.051875
0 0.178571 0.062171 0.028981 0.050625
0 0.670945 0.055592 0.034282 0.058125
0 0.548549 0.049342 0.032868 0.055000
0 0.226562 0.018421 0.034635 0.035000
0 0.517671 0.025000 0.040644 0.047500
0 0.621280 0.526974 0.043824 0.080000
0 0.645275 0.569079 0.028627 0.061250
0 0.834449 0.752961 0.045945 0.078125
0 0.928013 0.755921 0.040644 0.071250
0 0.710193 0.782566 0.032515 0.044375
0 0.111235 0.811842 0.031101 0.055000
0 0.138765 0.856908 0.028274 0.054375
0 0.525298 0.903289 0.036049 0.060000
0 0.424107 0.908882 0.025447 0.046875
0 0.042969 0.960197 0.022973 0.041875
