0 0.173921 0.252632 0.030748 0.055000
0 0.527158 0.236184 0.031101 0.050000
0 0.663876 0.238158 0.053367 0.067500
0 0.704985 0.226974 0.034635 0.055000
0 0.816964 0.238158 0.045238 0.077500
0 0.884115 0.110855 0.037817 0.050625
0 0.898065 0.137171 0.038170 0.040625
0 0.904762 0.195066 0.032515 0.061875
0 0.929315 0.162829 0.019085 0.040625
0 0.962240 0.116118 0.040644 0.044375
0 0.732701 0.302961 0.028627 0.046875
0 0.357701 0.374671 0.038523 0.070625
0 0.270461 0.283553 0.028274 0.057500
0 0.301153 0.431579 0.038523 0.070000
0 0.112351 0.447039 0.016964 0.044375
0 0.062872 0.572697 0.038170 0.044375
0 0.226004 0.654934 0.026507 0.044375
0 0.262277 0.602961 0.028274 0.034375
0 0.497396 0.650987 0.030394 0.046875
0 0.734933 0.563487 0.037817 0.064375
0 0.416295 0.838816 0.036756 0.063750
