0 0.559710 0.975329 0.027214 0.046875
0 0.847470 0.936184 0.028981 0.051250
0 0.608631 0.651974 0.033928 0.061250
0 0.332403 0.637829 0.030748 0.054375
0 0.612165 0.575329 0.034988 0.061875
0 0.427269 0.450987 0.032868 0.058125
0 0.742374 0.409211 0.029334 0.047500
0 0.930804 0.315789 0.030394 0.053750
0 0.377604 0.282895 0.032515 0.057500
0 0.502418 0.273026 0.028627 0.050000
0 0.585007 0.266118 0.030748 0.054375
0 0.279948 0.250658 0.029334 0.067500
0 0.750372 0.242434 0.031101 0.050625
0 0.523438 0.217763 0.028274 0.061250
0 0.315290 0.225987 0.026507 0.066875
0 0.143787 0.478289 0.021558 0.040000
0 0.179501 0.353289 0.021558 0.033750
0 0.120536 0.113487 0.028981 0.044375
0 0.106957 0.493421 0.030748 0.061250
