0 0.311570 0.554934 0.044178 0.068125
0 0.141555 0.665132 0.028627 0.063750
0 0.106585 0.669408 0.026507 0.054375
0 0.556548 0.750000 0.026860 0.051250
0 0.636719 0.716776 0.025093 0.051875
0 0.728795 0.708882 0.025447 0.046875
0 0.771577 0.710197 0.021205 0.041875
0 0.907924 0.419737 0.025093 0.035000
0 0.726749 0.050658 0.019438 0.053750
0 0.631324 0.091447 0.015551 0.033750
0 0.562872 0.113158 0.021205 0.035000
0 0.297433 0.060855 0.028627 0.056875
0 0.201451 0.129605 0.023680 0.051250
0 0.398996 0.984211 0.026507 0.030000
0 0.031808 0.421711 0.039937 0.067500
