0 0.342634 0.151974 0.031101 0.057500
0 0.245164 0.208224 0.028981 0.071875
0 0.650112 0.056250 0.039937 0.078125
0 0.845052 0.245724 0.025093 0.070625
0 0.869606 0.246053 0.040644 0.081250
0 0.250558 0.382237 0.026507 0.067500
0 0.478609 0.403947 0.037817 0.057500
0 0.550223 0.285526 0.026860 0.075000
0 0.704055 0.327961 0.025093 0.061875
0 0.954055 0.453618 0.026507 0.061875
0 0.417225 0.039474 0.025093 0.050000
0 0.428757 0.663487 0.028627 0.060625
0 0.924479 0.703289 0.031101 0.060000
0 0.958333 0.570724 0.025447 0.048125
0 0.014323 0.310855 0.025093 0.044375
0 0.335751 0.306579 0.026507 0.053750
