0 0.724330 0.774671 0.047358 0.081875
0 0.702939 0.700329 0.038523 0.076875
0 0.623512 0.612171 0.036756 0.088125
0 0.527716 0.703947 0.042057 0.087500
0 0.441220 0.913158 0.030394 0.095000
0 0.875186 0.789474 0.042057 0.081250
0 0.139509 0.751316 0.038170 0.077500
0 0.111979 0.644408 0.030394 0.066875
0 0.317894 0.506250 0.040644 0.070625
0 0.103609 0.549013 0.053367 0.090625
0 0.374256 0.284868 0.040290 0.063750
0 0.651228 0.278947 0.032161 0.077500
0 0.112909 0.301974 0.037817 0.050000
0 0.143043 0.192763 0.043471 0.061250
0 0.138207 0.142105 0.040644 0.080000
0 0.731213 0.230592 0.040644 0.068125
0 0.760417 0.180921 0.053721 0.097500
0 0.908296 0.247368 0.088709 0.111250
0 0.675223 0.057237 0.045945 0.070000
