0 0.348772 0.034868 0.026507 0.066250
0 0.288318 0.052303 0.039584 0.068125
0 0.200335 0.169737 0.037817 0.063750
0 0.088170 0.233553 0.043824 0.055000
0 0.687128 0.138158 0.036756 0.057500
0 0.982329 0.116776 0.033575 0.066875
0 0.338542 0.400658 0.031101 0.057500
0 0.241071 0.456908 0.028981 0.071875
0 0.646019 0.304934 0.039937 0.078125
0 0.840960 0.494408 0.025093 0.070625
0 0.865513 0.494737 0.040644 0.081250
0 0.045015 0.094079 0.028981 0.055000
0 0.333147 0.550000 0.027214 0.083750
0 0.246466 0.630921 0.026507 0.067500
0 0.474516 0.652632 0.037817 0.057500
0 0.546131 0.534211 0.026860 0.075000
0 0.699963 0.576645 0.025093 0.061875
0 0.949963 0.702303 0.026507 0.061875
0 0.413132 0.288158 0.025093 0.050000
0 0.424665 0.912171 0.028627 0.060625
0 0.920387 0.951974 0.031101 0.060000
0 0.954241 0.819408 0.025447 0.048125
0 0.011719 0.559539 0.022266 0.044375
