0 0.306548 0.683224 0.028981 0.041875
0 0.314918 0.724342 0.022973 0.060000
0 0.460379 0.903289 0.025093 0.045000
0 0.512649 0.943421 0.019085 0.033750
0 0.673735 0.853947 0.022620 0.040000
0 0.694568 0.667763 0.032515 0.055000
0 0.944382 0.874342 0.026507 0.043750
0 0.632254 0.384539 0.027214 0.044375
0 0.499442 0.230263 0.025093 0.050000
0 0.632626 0.118750 0.040644 0.070625
0 0.459077 0.151974 0.033928 0.047500
0 0.417969 0.101645 0.032161 0.044375
0 0.281622 0.115132 0.028981 0.051250
0 0.247768 0.305263 0.028274 0.053750
0 0.042411 0.157566 0.030394 0.064375
0 0.026972 0.476974 0.027214 0.060000
0 0.445871 0.553289 0.027214 0.055000
