0 0.038690 0.881908 0.031101 0.051875
0 0.070312 0.557237 0.030394 0.060000
0 0.098214 0.342105 0.034635 0.050000
0 0.146577 0.270724 0.024740 0.050625
0 0.338914 0.537171 0.036756 0.048125
0 0.461124 0.507237 0.032868 0.050000
0 0.507068 0.642434 0.028981 0.054375
0 0.473028 0.749342 0.025093 0.053750
0 0.133929 0.059211 0.031101 0.053750
0 0.401600 0.076316 0.026507 0.050000
0 0.551897 0.274671 0.030748 0.046875
0 0.636161 0.560855 0.028274 0.050625
0 0.746280 0.578947 0.031101 0.060000
0 0.716518 0.808224 0.030394 0.054375
0 0.859933 0.743421 0.025093 0.061250
0 0.837240 0.302632 0.026507 0.065000
0 0.876860 0.538816 0.032515 0.065000
0 0.879464 0.594079 0.031101 0.057500
0 0.971540 0.440789 0.038523 0.070000
0 0.436198 0.859868 0.042057 0.073750
