0 0.796689 0.579276 0.036402 0.071875
0 0.894903 0.225658 0.036402 0.063750
0 0.929315 0.173684 0.028981 0.081250
0 0.725632 0.159211 0.045591 0.085000
0 0.657180 0.236842 0.037817 0.081250
0 0.640811 0.917763 0.047712 0.075000
0 0.574591 0.865461 0.040644 0.074375
0 0.559338 0.568750 0.039937 0.068125
0 0.541667 0.184868 0.032515 0.080000
0 0.468006 0.204276 0.036756 0.081875
0 0.418713 0.259868 0.040644 0.085000
0 0.400670 0.499671 0.040290 0.061875
0 0.372024 0.737171 0.030394 0.051875
0 0.297805 0.726974 0.038523 0.055000
0 0.869420 0.754934 0.031101 0.070625
0 0.878162 0.923026 0.038523 0.057500
0 0.225818 0.419737 0.047358 0.081250
0 0.191220 0.267105 0.031101 0.090000
0 0.161272 0.839145 0.032161 0.074375
0 0.156808 0.317434 0.028627 0.100625
0 0.144903 0.391447 0.038523 0.123750
0 0.306362 0.084211 0.040644 0.081250
0 0.785156 0.066118 0.038523 0.071875
