0 0.573847 0.849671 0.021558 0.070625
0 0.513393 0.429934 0.028981 0.044375
0 0.449591 0.879605 0.044178 0.061250
0 0.269345 0.227961 0.033928 0.044375
0 0.248140 0.414474 0.047358 0.061250
0 0.213914 0.692434 0.042411 0.064375
0 0.263207 0.623684 0.028627 0.061250
0 0.186012 0.913816 0.028274 0.051250
0 0.666853 0.612829 0.021558 0.038125
0 0.954427 0.658224 0.039937 0.046875
0 0.864211 0.926645 0.031101 0.060625
0 0.752418 0.910855 0.021558 0.041875
0 0.618862 0.980263 0.026507 0.037500
0 0.984933 0.948026 0.028627 0.051250
0 0.987165 0.892763 0.024386 0.063750
0 0.883557 0.262171 0.026860 0.050625
0 0.713170 0.321053 0.031101 0.061250
0 0.090960 0.504276 0.025093 0.040625
0 0.036644 0.460526 0.037817 0.061250
0 0.042225 0.608882 0.029334 0.051875
0 0.096168 0.644079 0.028627 0.053750
0 0.033110 0.854934 0.031101 0.058125
0 0.109375 0.965132 0.028274 0.061250
