0 0.638579 0.481908 0.036402 0.071875
0 0.736793 0.128289 0.036402 0.063750
0 0.771205 0.076316 0.028981 0.081250
0 0.925037 0.316447 0.037817 0.081250
0 0.567522 0.061842 0.045591 0.085000
0 0.499070 0.139474 0.037817 0.081250
0 0.482701 0.820395 0.047712 0.075000
0 0.416481 0.768092 0.040644 0.074375
0 0.401228 0.471382 0.039937 0.068125
0 0.383557 0.087500 0.032515 0.080000
0 0.309896 0.106908 0.036756 0.081875
0 0.260603 0.162500 0.040644 0.085000
0 0.242560 0.402303 0.040290 0.061875
0 0.213914 0.639803 0.030394 0.051875
0 0.139695 0.629605 0.038523 0.055000
0 0.711310 0.657566 0.031101 0.070625
0 0.720052 0.825658 0.038523 0.057500
0 0.067708 0.322368 0.047358 0.081250
0 0.033110 0.169737 0.031101 0.090000
