0 0.103609 0.459211 0.022973 0.061250
0 0.146391 0.326316 0.026507 0.061250
0 0.346726 0.511842 0.030394 0.051250
0 0.423363 0.623026 0.034635 0.057500
0 0.298735 0.678289 0.036756 0.057500
0 0.470238 0.895724 0.031101 0.051875
0 0.501860 0.571053 0.030394 0.060000
0 0.529762 0.355921 0.034635 0.050000
0 0.578125 0.284539 0.024740 0.050625
0 0.770461 0.550987 0.036756 0.048125
0 0.892671 0.521053 0.032868 0.050000
0 0.938616 0.656250 0.028981 0.054375
0 0.904576 0.763158 0.025093 0.053750
0 0.565476 0.073026 0.031101 0.053750
0 0.833147 0.090132 0.026507 0.050000
0 0.983445 0.288487 0.030748 0.046875
0 0.403088 0.161513 0.019438 0.046875
0 0.349888 0.124013 0.020852 0.044375
0 0.352307 0.267434 0.028274 0.050625
0 0.411458 0.306908 0.036756 0.071875
