0 0.312872 0.914803 0.028274 0.051875
0 0.854539 0.870724 0.025447 0.048125
0 0.015625 0.786184 0.029687 0.050000
0 0.197359 0.738487 0.023680 0.044375
0 0.257626 0.686513 0.028627 0.044375
0 0.111049 0.617105 0.026507 0.045000
0 0.231399 0.621711 0.039584 0.065000
0 0.903832 0.547368 0.030748 0.055000
0 0.625930 0.531908 0.032868 0.056875
0 0.906622 0.470724 0.032515 0.056875
0 0.084635 0.463487 0.025093 0.041875
0 0.398624 0.377303 0.032161 0.054375
0 0.431176 0.358553 0.028274 0.051250
0 0.721354 0.341447 0.033928 0.055000
0 0.669457 0.171711 0.034282 0.057500
0 0.797247 0.166118 0.026860 0.044375
0 0.879092 0.163158 0.028274 0.047500
0 0.566406 0.136184 0.037817 0.070000
0 0.814174 0.113487 0.034988 0.054375
0 0.606213 0.108224 0.032868 0.051875
0 0.034226 0.577303 0.033928 0.064375
0 0.081287 0.577303 0.025093 0.054375
0 0.468378 0.231579 0.033928 0.061250
