0 0.160342 0.292434 0.028274 0.064375
0 0.118862 0.455263 0.034988 0.055000
0 0.018601 0.687171 0.033928 0.076875
0 0.163876 0.727961 0.038523 0.064375
0 0.303943 0.635526 0.031101 0.053750
0 0.321429 0.638158 0.024740 0.050000
0 0.412946 0.838487 0.039584 0.068125
0 0.483445 0.774013 0.025093 0.051875
0 0.584077 0.609211 0.022620 0.033750
0 0.736793 0.727961 0.027214 0.054375
0 0.750372 0.580592 0.019791 0.044375
0 0.905692 0.339803 0.021558 0.036875
0 0.984747 0.305592 0.028981 0.038125
0 0.662760 0.141447 0.030748 0.047500
0 0.488839 0.251316 0.034635 0.055000
0 0.446243 0.259211 0.040644 0.057500
0 0.377232 0.023684 0.031101 0.045000
0 0.419457 0.949342 0.032161 0.061250
