0 0.619234 0.791776 0.028627 0.041875
0 0.733073 0.968421 0.037817 0.055000
0 0.343378 0.763816 0.038170 0.061250
0 0.169643 0.747368 0.036756 0.053750
0 0.161458 0.671711 0.031101 0.060000
0 0.209635 0.620395 0.044178 0.061250
0 0.456473 0.617763 0.032515 0.065000
0 0.501860 0.622368 0.031101 0.055000
0 0.532180 0.671382 0.034282 0.061875
0 0.653274 0.672697 0.034635 0.061875
0 0.129278 0.503618 0.028627 0.048125
0 0.152158 0.459211 0.028274 0.051250
0 0.218006 0.449671 0.031101 0.044375
0 0.505766 0.511184 0.028627 0.060000
0 0.434896 0.835855 0.038170 0.070625
0 0.416667 0.132237 0.031101 0.061250
0 0.821801 0.430263 0.043824 0.075000
0 0.855097 0.408882 0.037817 0.064375
0 0.888207 0.285197 0.036402 0.066875
0 0.828125 0.041118 0.031101 0.064375
0 0.194382 0.032895 0.040644 0.062500
0 0.680804 0.730592 0.032515 0.074375
