0 0.135045 0.572368 0.031101 0.060000
0 0.105283 0.801645 0.030394 0.054375
0 0.248698 0.736842 0.025093 0.061250
0 0.226004 0.296053 0.026507 0.065000
0 0.265625 0.532237 0.032515 0.065000
0 0.268229 0.587500 0.031101 0.057500
0 0.475446 0.157566 0.038170 0.044375
0 0.578683 0.048355 0.030748 0.074375
0 0.599888 0.271382 0.025093 0.061875
0 0.025112 0.557895 0.021558 0.050000
0 0.708705 0.115132 0.030394 0.060000
0 0.712798 0.480592 0.030394 0.070625
0 0.923921 0.745066 0.020852 0.046875
0 0.928013 0.712829 0.027214 0.050625
0 0.565848 0.708553 0.032515 0.047500
0 0.668341 0.646382 0.026507 0.054375
