0 0.180432 0.935526 0.028274 0.045000
0 0.749814 0.881579 0.032161 0.057500
0 0.444382 0.750329 0.040644 0.074375
0 0.633743 0.702303 0.029334 0.051875
0 0.355469 0.678618 0.030748 0.054375
0 0.185268 0.663158 0.031101 0.060000
0 0.692894 0.649671 0.032868 0.051875
0 0.173735 0.591447 0.028981 0.050000
0 0.666109 0.586513 0.032868 0.058125
0 0.543899 0.579934 0.041704 0.071875
0 0.221726 0.539474 0.034635 0.051250
0 0.512835 0.545066 0.040644 0.074375
0 0.468378 0.535526 0.045238 0.081250
0 0.141927 0.423684 0.028627 0.047500
0 0.516369 0.425000 0.031101 0.053750
0 0.164249 0.382895 0.026507 0.045000
0 0.230655 0.367763 0.040290 0.067500
0 0.832775 0.347368 0.034282 0.060000
0 0.868862 0.331908 0.029334 0.054375
0 0.903460 0.203289 0.029334 0.050000
0 0.426711 0.050987 0.031101 0.051875
0 0.117001 0.961513 0.036402 0.060625
