0 0.364397 0.977961 0.026507 0.041875
0 0.782180 0.961842 0.037817 0.063750
0 0.340774 0.938158 0.032515 0.057500
0 0.307478 0.907237 0.030748 0.053750
0 0.758929 0.889803 0.031101 0.048125
0 0.471540 0.761513 0.029334 0.054375
0 0.169829 0.631250 0.025093 0.041875
0 0.355655 0.584868 0.025447 0.045000
0 0.083705 0.559868 0.024740 0.045000
0 0.415923 0.532895 0.030394 0.045000
0 0.389137 0.467434 0.030394 0.050625
0 0.268601 0.463158 0.028274 0.047500
0 0.237723 0.424671 0.026860 0.044375
0 0.192336 0.421711 0.028274 0.055000
0 0.785342 0.381250 0.032515 0.054375
0 0.242001 0.308882 0.026507 0.044375
0 0.558408 0.224671 0.032515 0.054375
0 0.591146 0.206250 0.028274 0.050625
0 0.880580 0.192105 0.032515 0.053750
0 0.628534 0.079276 0.027214 0.044375
0 0.955729 0.020395 0.024740 0.038750
0 0.828869 0.025987 0.032515 0.049375
