0 0.396949 0.976316 0.030394 0.045000
0 0.427083 0.965461 0.034635 0.056875
0 0.486049 0.944408 0.030748 0.050625
0 0.497582 0.845066 0.030748 0.060625
0 0.520275 0.544408 0.032161 0.050625
0 0.529948 0.404934 0.032868 0.058125
0 0.443452 0.404605 0.036049 0.063750
0 0.446429 0.102961 0.041704 0.078125
0 0.350632 0.594408 0.026507 0.048125
0 0.366443 0.605263 0.032515 0.060000
0 0.355841 0.647039 0.022973 0.044375
0 0.354911 0.521711 0.031101 0.063750
0 0.601376 0.456908 0.025093 0.050625
0 0.681362 0.370724 0.034988 0.068125
0 0.671875 0.293421 0.032515 0.065000
0 0.630208 0.235526 0.036756 0.050000
0 0.283296 0.351316 0.020852 0.050000
0 0.201823 0.427961 0.037817 0.070625
0 0.777716 0.553289 0.038523 0.080000
0 0.799665 0.334868 0.034282 0.053750
