0 0.058222 0.059539 0.022973 0.070625
0 0.326823 0.037829 0.037817 0.071875
0 0.446615 0.019408 0.027214 0.036875
0 0.457031 0.250658 0.028627 0.061250
0 0.020647 0.381579 0.023680 0.051250
0 0.107143 0.500000 0.028981 0.060000
0 0.116257 0.752961 0.025093 0.044375
0 0.364397 0.723026 0.036402 0.065000
0 0.428757 0.692105 0.037817 0.050000
0 0.456287 0.650987 0.026507 0.048125
0 0.164621 0.900000 0.021558 0.047500
0 0.286644 0.831250 0.025093 0.044375
0 0.489955 0.955921 0.031101 0.051250
0 0.490513 0.144079 0.023680 0.053750
0 0.623140 0.072697 0.028981 0.038125
0 0.698103 0.312829 0.022973 0.038125
0 0.732329 0.090132 0.032161 0.050000
0 0.776972 0.807895 0.026507 0.053750
0 0.731027 0.974671 0.032515 0.044375
0 0.839658 0.251974 0.032515 0.051250
0 0.859933 0.110526 0.021558 0.043750
0 0.859189 0.063158 0.028627 0.040000
