0 0.035528 0.886184 0.036402 0.055000
0 0.037202 0.931579 0.038170 0.053750
0 0.062500 0.331579 0.049479 0.060000
0 0.082403 0.402632 0.051954 0.081250
0 0.275298 0.558882 0.043824 0.066875
0 0.463356 0.576316 0.043471 0.055000
0 0.505952 0.637171 0.047358 0.060625
0 0.315290 0.159211 0.026507 0.051250
0 0.592634 0.139474 0.040290 0.065000
0 0.624070 0.458224 0.030748 0.060625
0 0.640811 0.505592 0.019438 0.044375
0 0.667597 0.423684 0.032161 0.040000
0 0.752232 0.022368 0.034635 0.042500
0 0.784598 0.859539 0.043824 0.071875
0 0.803943 0.605921 0.032515 0.065000
