0 0.670945 0.840789 0.034282 0.057500
0 0.798735 0.835197 0.026860 0.044375
0 0.880580 0.832237 0.028274 0.047500
0 0.567894 0.805263 0.037817 0.070000
0 0.815662 0.782566 0.034988 0.054375
0 0.607701 0.777303 0.032868 0.051875
0 0.469866 0.900658 0.033928 0.061250
0 0.691220 0.539803 0.047358 0.081875
0 0.669829 0.465461 0.038523 0.076875
0 0.590402 0.377303 0.036756 0.088125
0 0.494606 0.469079 0.042057 0.087500
0 0.408110 0.678289 0.030394 0.095000
0 0.842076 0.554605 0.042057 0.081250
0 0.106399 0.516447 0.038170 0.077500
0 0.078869 0.409539 0.030394 0.066875
0 0.284784 0.271382 0.040644 0.070625
0 0.070499 0.314145 0.053367 0.090625
0 0.341146 0.050000 0.040290 0.063750
0 0.618118 0.044079 0.032161 0.077500
