0 0.015997 0.974342 0.030394 0.048750
0 0.422061 0.939803 0.034988 0.061875
0 0.164062 0.928289 0.025447 0.043750
0 0.247210 0.843092 0.025093 0.044375
0 0.712240 0.833553 0.022973 0.041250
0 0.437686 0.816118 0.032868 0.054375
0 0.089844 0.787829 0.022973 0.041875
0 0.173735 0.767105 0.022620 0.040000
0 0.616257 0.760855 0.026507 0.050625
0 0.328497 0.750000 0.028981 0.057500
0 0.446615 0.717105 0.028627 0.043750
0 0.320871 0.682566 0.026507 0.046875
0 0.278274 0.603289 0.028274 0.041250
0 0.093936 0.480592 0.034282 0.051875
0 0.461682 0.384211 0.034635 0.055000
0 0.628534 0.348684 0.040644 0.067500
0 0.510231 0.299342 0.040644 0.051250
0 0.816406 0.357237 0.038523 0.055000
0 0.833333 0.267105 0.030394 0.060000
0 0.863095 0.294408 0.034635 0.066875
0 0.347098 0.198684 0.036049 0.055000
0 0.585379 0.072697 0.040644 0.056875
0 0.766741 0.079605 0.058668 0.055000
0 0.877046 0.721382 0.040644 0.068125
0 0.877418 0.932237 0.032868 0.067500
0 0.962612 0.093750 0.034282 0.054375
0 0.961124 0.056908 0.028627 0.054375
