0 0.207589 0.645395 0.034635 0.060000
0 0.391183 0.516118 0.025093 0.041875
0 0.515997 0.484211 0.033928 0.055000
0 0.937314 0.443092 0.039937 0.064375
0 0.328869 0.303289 0.025447 0.043750
0 0.746838 0.287171 0.045591 0.070625
0 0.305990 0.263158 0.038523 0.063750
0 0.273624 0.237500 0.037817 0.057500
0 0.722842 0.214145 0.030394 0.046875
0 0.497768 0.775329 0.050892 0.078125
0 0.564360 0.973026 0.031101 0.051250
0 0.310082 0.792105 0.036402 0.061250
0 0.111049 0.652961 0.028627 0.041875
0 0.072731 0.905592 0.028627 0.040625
0 0.699405 0.808553 0.036049 0.055000
0 0.699405 0.772368 0.028981 0.061250
0 0.612165 0.483553 0.040644 0.055000
0 0.435640 0.092434 0.040290 0.054375
0 0.976190 0.050000 0.033928 0.063750
