0 0.037946 0.555592 0.043824 0.066875
0 0.226004 0.573026 0.043471 0.055000
0 0.268601 0.633882 0.047358 0.060625
0 0.077939 0.155921 0.026507 0.051250
0 0.355283 0.136184 0.040290 0.065000
0 0.386719 0.454934 0.030748 0.060625
0 0.403460 0.502303 0.019438 0.044375
0 0.430246 0.420395 0.032161 0.040000
0 0.514881 0.020724 0.034635 0.039375
0 0.566592 0.602632 0.032515 0.065000
0 0.809896 0.754934 0.034635 0.071875
0 0.811384 0.025329 0.039584 0.048125
0 0.840216 0.755263 0.040644 0.070000
0 0.557292 0.859539 0.045945 0.064375
0 0.972098 0.490789 0.033928 0.055000
0 0.979353 0.729605 0.026507 0.063750
0 0.937500 0.813816 0.036756 0.053750
0 0.983445 0.915132 0.031454 0.055000
