0 0.098586 0.613487 0.024740 0.044375
0 0.245164 0.897039 0.034635 0.041875
0 0.849888 0.575658 0.023680 0.033750
0 0.946987 0.535526 0.039937 0.053750
0 0.412388 0.589803 0.029334 0.050625
0 0.510231 0.524342 0.028627 0.031250
0 0.771763 0.628618 0.028627 0.044375
0 0.115513 0.476316 0.040644 0.061250
0 0.123140 0.417763 0.022620 0.051250
0 0.566220 0.363487 0.033928 0.044375
0 0.898065 0.384539 0.026860 0.048125
0 0.956473 0.476316 0.041704 0.050000
0 0.083891 0.186842 0.025093 0.055000
0 0.217820 0.309868 0.040644 0.063750
0 0.329985 0.041776 0.025447 0.044375
0 0.454985 0.148026 0.019085 0.040000
