0 0.166295 0.662500 0.038170 0.051250
0 0.676153 0.126645 0.026507 0.050625
0 0.235305 0.548026 0.028627 0.057500
0 0.388393 0.583224 0.032515 0.048125
0 0.528274 0.502303 0.032515 0.040625
0 0.545015 0.510197 0.030394 0.050625
0 0.637835 0.709539 0.027214 0.038125
0 0.643043 0.824671 0.023680 0.044375
0 0.609561 0.950658 0.025093 0.035000
0 0.708519 0.643092 0.021558 0.050625
0 0.805990 0.474342 0.019438 0.031250
0 0.956659 0.612171 0.032161 0.050625
0 0.970238 0.460197 0.028274 0.044375
0 0.890253 0.026316 0.028274 0.050000
0 0.710193 0.116447 0.031101 0.053750
0 0.381138 0.150987 0.029334 0.050625
0 0.336682 0.315789 0.031101 0.053750
0 0.103237 0.306250 0.028627 0.040625
0 0.114025 0.925987 0.027214 0.050625
