0 0.260975 0.931908 0.034988 0.061875
0 0.086124 0.835197 0.025093 0.044375
0 0.551153 0.825658 0.022973 0.041250
0 0.276600 0.808224 0.032868 0.054375
0 0.012649 0.759211 0.022620 0.040000
0 0.455171 0.752961 0.026507 0.050625
0 0.167411 0.742105 0.028981 0.057500
0 0.285528 0.709211 0.028627 0.043750
0 0.159784 0.674671 0.026507 0.046875
0 0.117188 0.595395 0.028274 0.041250
0 0.300595 0.376316 0.034635 0.055000
0 0.467448 0.340789 0.040644 0.067500
0 0.349144 0.291447 0.040644 0.051250
0 0.655320 0.349342 0.038523 0.055000
0 0.672247 0.259211 0.030394 0.060000
0 0.702009 0.286513 0.034635 0.066875
0 0.186012 0.190789 0.036049 0.055000
0 0.424293 0.064803 0.040644 0.056875
0 0.715960 0.713487 0.040644 0.068125
0 0.716332 0.924342 0.032868 0.067500
0 0.801525 0.085855 0.034282 0.054375
0 0.800037 0.049013 0.028627 0.054375
0 0.894159 0.503947 0.038523 0.055000
0 0.606027 0.052632 0.047358 0.080000
0 0.977307 0.451974 0.034635 0.050000
