0 0.231213 0.032566 0.030748 0.044375
0 0.305432 0.111184 0.028981 0.055000
0 0.384673 0.028289 0.036049 0.053750
0 0.494606 0.084539 0.044178 0.068125
0 0.675967 0.030592 0.036756 0.058125
0 0.770461 0.096382 0.034635 0.061875
0 0.148810 0.060197 0.028981 0.046875
0 0.056734 0.183224 0.021558 0.038125
0 0.056362 0.247039 0.018024 0.041875
0 0.069568 0.260197 0.021205 0.040625
0 0.220052 0.202303 0.027214 0.044375
0 0.478051 0.212171 0.050892 0.074375
0 0.930804 0.196711 0.036756 0.050000
0 0.063058 0.302961 0.023680 0.046875
0 0.809152 0.386842 0.030394 0.050000
0 0.774740 0.431579 0.032868 0.051250
0 0.765439 0.484211 0.026507 0.057500
0 0.848028 0.546053 0.029334 0.055000
0 0.198661 0.509211 0.026860 0.047500
0 0.096726 0.637500 0.028274 0.047500
0 0.129836 0.619079 0.019085 0.037500
0 0.185826 0.601645 0.026507 0.044375
0 0.402158 0.663158 0.034635 0.051250
0 0.022135 0.775658 0.022973 0.045000
0 0.236421 0.802303 0.037817 0.061875
0 0.060454 0.838487 0.025093 0.046875
0 0.101004 0.909211 0.028627 0.051250
0 0.632440 0.926974 0.031101 0.057500
0 0.784412 0.954934 0.034282 0.070625
0 0.920201 0.851974 0.028627 0.061250
