0 0.034970 0.503289 0.030394 0.051250
0 0.111607 0.614474 0.034635 0.057500
0 0.158482 0.887171 0.031101 0.051875
0 0.190104 0.562500 0.030394 0.060000
0 0.218006 0.347368 0.034635 0.050000
0 0.266369 0.275987 0.024740 0.050625
0 0.458705 0.542434 0.036756 0.048125
0 0.580915 0.512500 0.032868 0.050000
0 0.626860 0.647697 0.028981 0.054375
0 0.592820 0.754605 0.025093 0.053750
0 0.253720 0.064474 0.031101 0.053750
0 0.521391 0.081579 0.026507 0.050000
0 0.671689 0.279934 0.030748 0.046875
0 0.091332 0.152961 0.019438 0.046875
0 0.038132 0.115461 0.020852 0.044375
0 0.040551 0.258882 0.028274 0.050625
0 0.099702 0.298355 0.036756 0.071875
0 0.755952 0.566118 0.028274 0.050625
0 0.866071 0.584211 0.031101 0.060000
0 0.836310 0.813487 0.030394 0.054375
0 0.979725 0.748684 0.025093 0.061250
0 0.961868 0.312171 0.021558 0.044375
