0 0.667783 0.597368 0.032515 0.047500
0 0.630394 0.607237 0.030748 0.055000
0 0.768973 0.955921 0.040290 0.053750
0 0.846912 0.493750 0.049832 0.056875
0 0.929501 0.931908 0.026507 0.040625
0 0.569382 0.359539 0.038523 0.050625
0 0.482329 0.981250 0.037817 0.035625
0 0.339658 0.632566 0.038170 0.051875
0 0.290179 0.802632 0.050892 0.051250
0 0.061570 0.786184 0.040644 0.070000
0 0.031994 0.482237 0.028981 0.050000
0 0.273065 0.146053 0.036756 0.061250
0 0.036830 0.090132 0.038170 0.047500
0 0.410714 0.076645 0.028274 0.060625
0 0.730841 0.062500 0.019438 0.051250
