0 0.146019 0.695724 0.027214 0.051875
0 0.075893 0.681908 0.019085 0.044375
0 0.176339 0.459539 0.030394 0.040625
0 0.336496 0.523355 0.028627 0.044375
0 0.348958 0.826645 0.028274 0.046875
0 0.419271 0.881908 0.034635 0.064375
0 0.658668 0.890789 0.038523 0.053750
0 0.651228 0.717763 0.039937 0.051250
0 0.579613 0.546053 0.031101 0.057500
0 0.870536 0.394737 0.028981 0.057500
0 0.203125 0.220395 0.032515 0.061250
0 0.247024 0.149671 0.032515 0.048125
0 0.437500 0.194079 0.031101 0.047500
0 0.677827 0.203289 0.028274 0.057500
0 0.716704 0.146053 0.038523 0.063750
0 0.945871 0.203947 0.028627 0.047500
0 0.320685 0.124671 0.028981 0.050625
0 0.513765 0.125987 0.030394 0.046875
0 0.090216 0.041118 0.025093 0.046875
