0 0.021205 0.266776 0.034635 0.066875
0 0.035156 0.693750 0.040644 0.068125
0 0.035528 0.904605 0.032868 0.067500
0 0.120722 0.066118 0.034282 0.054375
0 0.119234 0.029276 0.028627 0.054375
0 0.213356 0.484211 0.038523 0.055000
0 0.296503 0.432237 0.034635 0.050000
0 0.401228 0.671382 0.034282 0.050625
0 0.570499 0.684211 0.040644 0.061250
0 0.693638 0.874342 0.053367 0.055000
0 0.662946 0.715132 0.049479 0.061250
0 0.507812 0.879276 0.047358 0.044375
0 0.601004 0.352632 0.040644 0.051250
0 0.632999 0.331908 0.047712 0.070625
0 0.753720 0.808224 0.033928 0.044375
0 0.922991 0.671053 0.028274 0.050000
