0 0.630394 0.927303 0.032868 0.044375
0 0.392857 0.902303 0.028274 0.044375
0 0.628348 0.875000 0.026860 0.050000
0 0.588170 0.639803 0.028981 0.071875
0 0.728237 0.761513 0.040644 0.066875
0 0.501860 0.908553 0.022620 0.047500
0 0.265997 0.972368 0.034635 0.052500
0 0.310082 0.604934 0.034988 0.071875
0 0.219308 0.847697 0.021558 0.070625
0 0.971540 0.613816 0.019438 0.055000
0 0.846354 0.508882 0.030394 0.038125
0 0.944940 0.385526 0.032515 0.061250
0 0.158854 0.427961 0.028981 0.044375
0 0.357701 0.307895 0.022973 0.055000
0 0.523251 0.242434 0.037817 0.044375
0 0.687686 0.202961 0.022973 0.040625
0 0.766927 0.247368 0.022973 0.033750
0 0.095052 0.877632 0.044178 0.061250
