0 0.012091 0.721382 0.022973 0.044375
0 0.011347 0.746382 0.021558 0.041875
0 0.772879 0.699013 0.028627 0.041875
0 0.831659 0.648026 0.042057 0.041250
0 0.886719 0.875658 0.037817 0.055000
0 0.497024 0.671053 0.038170 0.061250
0 0.323289 0.654605 0.036756 0.053750
0 0.252976 0.946711 0.030394 0.055000
0 0.315104 0.578947 0.031101 0.060000
0 0.363281 0.527632 0.044178 0.061250
0 0.610119 0.525000 0.032515 0.065000
0 0.655506 0.529605 0.031101 0.055000
0 0.685826 0.578618 0.034282 0.061875
0 0.806920 0.579934 0.034635 0.061875
0 0.282924 0.410855 0.028627 0.048125
0 0.305804 0.366447 0.028274 0.051250
0 0.371652 0.356908 0.031101 0.044375
0 0.659412 0.418421 0.028627 0.060000
0 0.588542 0.743092 0.038170 0.070625
0 0.319940 0.925329 0.038170 0.066875
0 0.570312 0.039474 0.031101 0.061250
0 0.975446 0.337500 0.043824 0.075000
