0 0.235677 0.550329 0.044178 0.068125
0 0.065662 0.660526 0.028627 0.063750
0 0.030692 0.664803 0.026507 0.054375
0 0.480655 0.745395 0.026860 0.051250
0 0.560826 0.712171 0.025093 0.051875
0 0.652902 0.704276 0.025447 0.046875
0 0.695685 0.705592 0.021205 0.041875
0 0.832031 0.415132 0.025093 0.035000
0 0.922247 0.364474 0.019791 0.053750
0 0.970238 0.508553 0.024740 0.050000
0 0.650856 0.046053 0.019438 0.053750
0 0.555432 0.086842 0.015551 0.033750
0 0.486979 0.108553 0.021205 0.035000
0 0.221540 0.056250 0.028627 0.056875
0 0.125558 0.125000 0.023680 0.051250
0 0.323103 0.981908 0.026507 0.034375
