0 0.672619 0.875000 0.026860 0.045000
0 0.533296 0.695724 0.025093 0.054375
0 0.525670 0.653618 0.028274 0.046875
0 0.241443 0.451974 0.030394 0.060000
0 0.851190 0.358882 0.025447 0.051875
0 0.716890 0.216118 0.028274 0.064375
0 0.467448 0.282237 0.023680 0.057500
0 0.196987 0.492763 0.022973 0.053750
0 0.734561 0.907895 0.017318 0.037500
0 0.893415 0.818750 0.025093 0.046875
0 0.911644 0.639145 0.025093 0.050625
0 0.665179 0.524013 0.031101 0.040625
0 0.672247 0.131908 0.019085 0.038125
0 0.496466 0.095724 0.026507 0.061875
0 0.634115 0.080921 0.036402 0.060000
0 0.851004 0.102303 0.025093 0.046875
