0 0.293713 0.658224 0.025093 0.051875
0 0.335751 0.648684 0.036402 0.063750
0 0.362165 0.725987 0.028627 0.061875
0 0.444010 0.649342 0.044178 0.075000
0 0.402902 0.328947 0.050892 0.067500
0 0.510045 0.527632 0.031101 0.057500
0 0.523624 0.566776 0.021558 0.038125
0 0.360491 0.966118 0.033928 0.044375
0 0.568080 0.578947 0.034635 0.053750
0 0.595610 0.529276 0.028981 0.058125
0 0.539993 0.612500 0.025093 0.035000
0 0.553943 0.038816 0.036049 0.061250
0 0.602679 0.030921 0.038170 0.058750
0 0.517485 0.213816 0.030394 0.053750
0 0.626674 0.430263 0.040644 0.057500
0 0.719866 0.482237 0.049479 0.081250
0 0.157924 0.646711 0.025093 0.053750
0 0.857515 0.347039 0.038170 0.068125
0 0.915179 0.475329 0.033928 0.076875
0 0.978795 0.714803 0.032515 0.066875
0 0.990699 0.831250 0.017671 0.050625
0 0.971726 0.953618 0.034635 0.078125
