0 0.486049 0.643750 0.034282 0.074375
0 0.492746 0.813158 0.029334 0.055000
0 0.416481 0.477961 0.036402 0.071875
0 0.514695 0.124342 0.036402 0.063750
0 0.549107 0.072368 0.028981 0.081250
0 0.702939 0.312500 0.037817 0.081250
0 0.883557 0.546711 0.034635 0.087500
0 0.779762 0.117105 0.032515 0.060000
0 0.345424 0.057895 0.045591 0.085000
0 0.276972 0.135526 0.037817 0.081250
0 0.260603 0.816447 0.047712 0.075000
0 0.194382 0.764145 0.040644 0.074375
0 0.179129 0.467434 0.039937 0.068125
0 0.161458 0.083553 0.032515 0.080000
0 0.087798 0.102961 0.036756 0.081875
0 0.038504 0.158553 0.040644 0.085000
