0 0.053757 0.500658 0.032868 0.050000
0 0.099702 0.635855 0.028981 0.054375
0 0.065662 0.742763 0.025093 0.053750
0 0.144531 0.268092 0.030748 0.046875
0 0.338914 0.572368 0.031101 0.060000
0 0.309152 0.801645 0.030394 0.054375
0 0.452567 0.736842 0.025093 0.061250
0 0.429874 0.296053 0.026507 0.065000
0 0.469494 0.532237 0.032515 0.065000
0 0.472098 0.587500 0.031101 0.057500
0 0.028832 0.853289 0.042057 0.073750
0 0.679315 0.157566 0.038170 0.044375
0 0.782552 0.048355 0.030748 0.074375
0 0.803757 0.271382 0.025093 0.061875
0 0.866629 0.668092 0.030748 0.056875
0 0.767857 0.724013 0.028274 0.050625
0 0.228981 0.557895 0.021558 0.050000
0 0.912574 0.115132 0.030394 0.060000
0 0.916667 0.480592 0.030394 0.070625
