0 0.157180 0.131579 0.043471 0.055000
0 0.497768 0.161184 0.032515 0.065000
0 0.741071 0.313487 0.034635 0.071875
0 0.771391 0.313816 0.040644 0.070000
0 0.488467 0.418092 0.045945 0.064375
0 0.903274 0.049342 0.033928 0.055000
0 0.910528 0.288158 0.026507 0.063750
0 0.868676 0.372368 0.036756 0.053750
0 0.914993 0.473684 0.032161 0.055000
0 0.939546 0.321053 0.025093 0.050000
0 0.964844 0.470395 0.026507 0.055000
0 0.309338 0.022697 0.037817 0.043125
0 0.329799 0.066447 0.026507 0.045000
0 0.194010 0.193092 0.040644 0.068125
0 0.878534 0.666118 0.039937 0.060625
0 0.767299 0.777632 0.037817 0.060000
0 0.232143 0.771711 0.031101 0.057500
