0 0.944196 0.127303 0.028981 0.044375
0 0.648996 0.746711 0.038523 0.055000
0 0.620536 0.708224 0.034635 0.044375
0 0.625000 0.588816 0.033928 0.051250
0 0.574219 0.701645 0.025093 0.064375
0 0.535900 0.214145 0.021558 0.046875
0 0.465774 0.848026 0.031101 0.050000
0 0.344680 0.542434 0.038523 0.044375
0 0.334821 0.716118 0.034635 0.041875
0 0.277716 0.555921 0.040644 0.063750
0 0.253534 0.597368 0.040644 0.050000
0 0.284412 0.753947 0.034988 0.055000
0 0.294457 0.826645 0.028627 0.066875
0 0.778832 0.758882 0.023680 0.044375
0 0.802083 0.826645 0.031101 0.058125
0 0.746466 0.874671 0.029334 0.040625
0 0.555060 0.923684 0.031101 0.055000
0 0.943824 0.519737 0.036756 0.050000
0 0.975818 0.503618 0.028274 0.064375
0 0.314360 0.114145 0.028981 0.081875
0 0.092634 0.309868 0.028274 0.051250
