0 0.079055 0.944079 0.029334 0.055000
0 0.615513 0.942105 0.027214 0.050000
0 0.709821 0.970724 0.028274 0.041875
0 0.443266 0.912829 0.025093 0.044375
0 0.965588 0.922697 0.022973 0.044375
0 0.263393 0.745395 0.032515 0.055000
0 0.343378 0.681579 0.032515 0.057500
0 0.647321 0.620066 0.028274 0.050625
0 0.682478 0.592763 0.032868 0.053750
0 0.022507 0.600000 0.028627 0.053750
0 0.043527 0.508224 0.016964 0.031875
0 0.068638 0.530921 0.027214 0.050000
0 0.172991 0.329276 0.034635 0.050625
0 0.172619 0.293092 0.040290 0.048125
0 0.931548 0.259868 0.030394 0.055000
0 0.638579 0.027961 0.037817 0.051875
