0 0.341704 0.660855 0.025093 0.051875
0 0.383743 0.651316 0.036402 0.063750
0 0.410156 0.728618 0.028627 0.061875
0 0.492001 0.651974 0.044178 0.075000
0 0.450893 0.331579 0.050892 0.067500
0 0.558036 0.530263 0.031101 0.057500
0 0.571615 0.569408 0.021558 0.038125
0 0.408482 0.968750 0.033928 0.044375
0 0.616071 0.581579 0.034635 0.053750
0 0.643601 0.531908 0.028981 0.058125
0 0.587984 0.615132 0.025093 0.035000
0 0.601935 0.041447 0.036049 0.061250
0 0.650670 0.032237 0.038170 0.061250
0 0.565476 0.216447 0.030394 0.053750
0 0.674665 0.432895 0.040644 0.057500
0 0.767857 0.484868 0.049479 0.081250
0 0.205915 0.649342 0.025093 0.053750
0 0.905506 0.349671 0.038170 0.068125
0 0.963170 0.477961 0.033928 0.076875
0 0.035528 0.793750 0.026507 0.041875
