0 0.368490 0.641118 0.034282 0.074375
0 0.375186 0.810526 0.029334 0.055000
0 0.298921 0.475329 0.036402 0.071875
0 0.397135 0.121711 0.036402 0.063750
0 0.431548 0.069737 0.028981 0.081250
0 0.585379 0.309868 0.037817 0.081250
0 0.765997 0.544079 0.034635 0.087500
0 0.917225 0.489145 0.032161 0.041875
0 0.914807 0.404605 0.030394 0.077500
0 0.900856 0.032895 0.028627 0.060000
0 0.662202 0.114474 0.032515 0.060000
0 0.227865 0.055263 0.045591 0.085000
0 0.159412 0.132895 0.037817 0.081250
0 0.143043 0.813816 0.047712 0.075000
0 0.076823 0.761513 0.040644 0.074375
0 0.061570 0.464803 0.039937 0.068125
0 0.043899 0.080921 0.032515 0.080000
