0 0.455915 0.885526 0.026507 0.051250
0 0.614769 0.904276 0.021558 0.040625
0 0.597656 0.056908 0.039937 0.054375
0 0.638951 0.333224 0.021558 0.040625
0 0.602121 0.379605 0.021558 0.057500
0 0.589844 0.458553 0.025093 0.051250
0 0.674851 0.489474 0.036049 0.055000
0 0.756882 0.148026 0.025093 0.050000
0 0.874070 0.331908 0.026507 0.051875
0 0.849144 0.564145 0.026507 0.041875
0 0.748884 0.802632 0.030394 0.045000
0 0.821429 0.813816 0.034635 0.053750
0 0.228795 0.614145 0.038170 0.046875
0 0.305432 0.167434 0.045945 0.068125
