0 0.203125 0.128618 0.028981 0.050625
0 0.591518 0.118092 0.033928 0.060625
0 0.123512 0.064803 0.022620 0.041875
0 0.188058 0.040461 0.028627 0.046875
0 0.624256 0.161842 0.043824 0.080000
0 0.648251 0.203947 0.028627 0.061250
0 0.837426 0.387829 0.045945 0.078125
0 0.930990 0.390789 0.040644 0.071250
0 0.713170 0.417434 0.032515 0.044375
0 0.114211 0.446711 0.031101 0.055000
0 0.141741 0.491776 0.028274 0.054375
0 0.528274 0.538158 0.036049 0.060000
0 0.427083 0.543750 0.025447 0.046875
0 0.045945 0.595066 0.022973 0.041875
0 0.813988 0.677961 0.047358 0.074375
0 0.394159 0.809539 0.028627 0.050625
0 0.886533 0.883553 0.028981 0.050000
0 0.907738 0.903289 0.028274 0.031250
0 0.556548 0.918421 0.036049 0.061250
0 0.677641 0.967763 0.029334 0.053750
0 0.863467 0.981250 0.028981 0.035625
