0 0.061384 0.089803 0.028274 0.060625
0 0.306734 0.197697 0.025093 0.048125
0 0.281436 0.383553 0.028627 0.055000
0 0.557292 0.400987 0.033928 0.064375
0 0.750558 0.289145 0.036402 0.071875
0 0.922991 0.235855 0.034635 0.074375
0 0.072545 0.438487 0.032515 0.060625
0 0.125186 0.477303 0.032161 0.066875
0 0.078869 0.588158 0.032515 0.067500
0 0.133929 0.623684 0.028274 0.067500
0 0.299293 0.600000 0.022973 0.061250
0 0.709449 0.598026 0.036756 0.067500
0 0.253348 0.671711 0.031101 0.060000
0 0.072173 0.828947 0.028981 0.063750
0 0.145833 0.936513 0.031101 0.071875
0 0.225446 0.885197 0.031101 0.060625
0 0.493118 0.861184 0.037817 0.067500
0 0.614211 0.833553 0.031101 0.057500
0 0.663690 0.948026 0.024740 0.050000
0 0.796131 0.890132 0.034635 0.053750
0 0.908110 0.906579 0.031101 0.051250
