0 0.523438 0.981908 0.028274 0.034375
0 0.239211 0.786842 0.030394 0.060000
0 0.848958 0.693750 0.025447 0.051875
0 0.714658 0.550987 0.028274 0.064375
0 0.465216 0.617105 0.023680 0.057500
0 0.662946 0.858882 0.031101 0.040625
0 0.670015 0.466776 0.019085 0.038125
0 0.494234 0.430592 0.026507 0.061875
0 0.631882 0.415789 0.036402 0.060000
0 0.848772 0.437171 0.025093 0.046875
0 0.709263 0.270724 0.023680 0.051875
0 0.742188 0.259211 0.024740 0.061250
0 0.796875 0.244737 0.036756 0.047500
0 0.250186 0.455263 0.025093 0.041250
0 0.256324 0.359868 0.031101 0.050000
0 0.517113 0.025658 0.019791 0.048750
0 0.813802 0.151316 0.026507 0.055000
