0 0.923735 0.764474 0.038170 0.077500
0 0.896205 0.657566 0.030394 0.066875
0 0.887835 0.562171 0.053367 0.090625
0 0.897135 0.315132 0.037817 0.050000
0 0.927269 0.205921 0.043471 0.061250
0 0.922433 0.155263 0.040644 0.080000
0 0.672247 0.412500 0.045238 0.073750
0 0.586310 0.922368 0.048065 0.083750
0 0.342262 0.603289 0.028981 0.057500
0 0.324405 0.640461 0.025447 0.044375
0 0.344494 0.690132 0.034635 0.061250
0 0.352679 0.296053 0.048065 0.077500
0 0.645647 0.054276 0.037817 0.071875
0 0.707775 0.160855 0.038523 0.078125
