0 0.495164 0.905592 0.034635 0.050625
0 0.494792 0.869408 0.040290 0.048125
0 0.960751 0.604276 0.037817 0.051875
0 0.733259 0.536184 0.038170 0.057500
0 0.925595 0.546711 0.036756 0.057500
0 0.543341 0.390461 0.043471 0.074375
0 0.520089 0.312171 0.038170 0.071875
0 0.412016 0.589474 0.027214 0.051250
0 0.774182 0.148355 0.032515 0.054375
0 0.325149 0.581908 0.043824 0.051875
0 0.292039 0.880592 0.045238 0.066875
0 0.192708 0.619737 0.033928 0.060000
0 0.241629 0.195724 0.044178 0.060625
0 0.073661 0.322368 0.031101 0.055000
0 0.106027 0.365789 0.034635 0.053750
0 0.127604 0.412829 0.032515 0.071875
0 0.112909 0.894408 0.043471 0.066875
