0 0.545573 0.883224 0.032868 0.058125
0 0.359933 0.873355 0.025093 0.046875
0 0.566034 0.786184 0.023680 0.045000
0 0.496280 0.578947 0.041704 0.070000
0 0.210565 0.450000 0.031101 0.060000
0 0.393043 0.320395 0.025093 0.041250
0 0.613281 0.289145 0.027214 0.046875
0 0.938802 0.248355 0.038523 0.061875
0 0.331101 0.107895 0.025447 0.043750
0 0.748698 0.091776 0.045591 0.070625
0 0.308594 0.067763 0.042057 0.060000
0 0.724516 0.024013 0.038523 0.045625
0 0.276600 0.040789 0.040644 0.053750
0 0.518973 0.290789 0.036049 0.061250
0 0.700893 0.579276 0.034635 0.044375
0 0.700707 0.613816 0.042057 0.055000
0 0.594122 0.808553 0.028981 0.057500
0 0.236049 0.823355 0.030748 0.046875
0 0.194568 0.911513 0.031101 0.066875
0 0.076451 0.714803 0.027214 0.044375
0 0.113653 0.460526 0.026507 0.040000
0 0.310826 0.598355 0.022973 0.041875
0 0.871466 0.971711 0.040644 0.053750
