0 0.179874 0.565132 0.043471 0.055000
0 0.222470 0.625987 0.047358 0.060625
0 0.031808 0.148026 0.026507 0.051250
0 0.309152 0.128289 0.040290 0.065000
0 0.340588 0.447039 0.030748 0.060625
0 0.357329 0.494408 0.019438 0.044375
0 0.384115 0.412500 0.032161 0.040000
0 0.520461 0.594737 0.032515 0.065000
0 0.763765 0.747039 0.034635 0.071875
0 0.765253 0.021382 0.039584 0.040625
0 0.794085 0.747368 0.040644 0.070000
0 0.511161 0.851645 0.045945 0.064375
0 0.925967 0.482895 0.033928 0.055000
0 0.933222 0.721711 0.026507 0.063750
0 0.891369 0.805921 0.036756 0.053750
0 0.937686 0.907237 0.032161 0.055000
0 0.962240 0.754605 0.025093 0.050000
0 0.967448 0.290789 0.034282 0.061250
0 0.986793 0.903947 0.025093 0.055000
