0 0.206101 0.665132 0.034635 0.060000
0 0.389695 0.535855 0.025093 0.041875
0 0.514509 0.503947 0.033928 0.055000
0 0.935826 0.462829 0.039937 0.064375
0 0.327381 0.323026 0.025447 0.043750
0 0.745350 0.306908 0.045591 0.070625
0 0.304501 0.282895 0.038523 0.063750
0 0.272135 0.257237 0.037817 0.057500
0 0.721354 0.233882 0.030394 0.046875
0 0.496280 0.795066 0.050892 0.078125
0 0.308594 0.811842 0.036402 0.061250
0 0.109561 0.672697 0.028627 0.041875
0 0.071243 0.925329 0.028627 0.040625
0 0.697917 0.828289 0.036049 0.055000
0 0.697917 0.792105 0.028981 0.061250
0 0.610677 0.503289 0.040644 0.055000
0 0.434152 0.112171 0.040290 0.054375
0 0.974702 0.069737 0.033928 0.063750
