0 0.731027 0.765789 0.038170 0.077500
0 0.703497 0.658882 0.030394 0.066875
0 0.909412 0.520724 0.040644 0.070625
0 0.695126 0.563487 0.053367 0.090625
0 0.965774 0.299342 0.040290 0.063750
0 0.704427 0.316447 0.037817 0.050000
0 0.734561 0.207237 0.043471 0.061250
0 0.729725 0.156579 0.040644 0.080000
0 0.479539 0.413816 0.045238 0.073750
0 0.393601 0.923684 0.048065 0.083750
0 0.149554 0.604605 0.028981 0.057500
0 0.131696 0.641776 0.025447 0.044375
0 0.151786 0.691447 0.034635 0.061250
0 0.159970 0.297368 0.048065 0.077500
0 0.452939 0.055592 0.037817 0.071875
0 0.515067 0.162171 0.038523 0.078125
