0 0.718936 0.565132 0.045591 0.085000
0 0.461310 0.610197 0.036756 0.081875
0 0.393973 0.905592 0.040290 0.061875
0 0.219122 0.825658 0.047358 0.081250
0 0.184524 0.673026 0.031101 0.090000
0 0.150112 0.723355 0.028627 0.100625
0 0.138207 0.797368 0.038523 0.123750
0 0.299665 0.490132 0.040644 0.081250
0 0.778460 0.472039 0.038523 0.071875
0 0.149926 0.404934 0.045945 0.070625
0 0.970052 0.462500 0.040644 0.077500
0 0.935454 0.599013 0.044178 0.078125
0 0.898624 0.649013 0.037817 0.068125
0 0.420387 0.666118 0.031101 0.050625
0 0.657738 0.642763 0.031101 0.080000
0 0.539062 0.579605 0.030394 0.055000
0 0.561384 0.971053 0.028274 0.055000
0 0.049479 0.336842 0.031101 0.090000
0 0.302269 0.283224 0.054781 0.100625
0 0.666667 0.261184 0.049479 0.055000
0 0.844122 0.285197 0.032515 0.071875
0 0.938058 0.315461 0.043471 0.061875
0 0.486607 0.082566 0.039584 0.068125
0 0.566964 0.026645 0.026860 0.050625
