0 0.797805 0.601645 0.036402 0.071875
0 0.896019 0.248026 0.036402 0.063750
0 0.930432 0.196053 0.028981 0.081250
0 0.726749 0.181579 0.045591 0.085000
0 0.658296 0.259211 0.037817 0.081250
0 0.641927 0.940132 0.047712 0.075000
0 0.575707 0.887829 0.040644 0.074375
0 0.560454 0.591118 0.039937 0.068125
0 0.542783 0.207237 0.032515 0.080000
0 0.469122 0.226645 0.036756 0.081875
0 0.419829 0.282237 0.040644 0.085000
0 0.401786 0.522039 0.040290 0.061875
0 0.373140 0.759539 0.030394 0.051875
0 0.298921 0.749342 0.038523 0.055000
0 0.870536 0.777303 0.031101 0.070625
0 0.879278 0.945395 0.038523 0.057500
0 0.226935 0.442105 0.047358 0.081250
0 0.192336 0.289474 0.031101 0.090000
0 0.162388 0.861513 0.032161 0.074375
0 0.157924 0.339803 0.028627 0.100625
0 0.146019 0.413816 0.038523 0.123750
0 0.307478 0.106579 0.040644 0.081250
0 0.786272 0.088487 0.038523 0.071875
