0 0.023996 0.377632 0.025093 0.050000
0 0.058780 0.404605 0.028981 0.053750
0 0.076451 0.447039 0.030748 0.051875
0 0.142113 0.651974 0.036049 0.057500
0 0.245350 0.916776 0.059022 0.094375
0 0.448103 0.905921 0.036402 0.055000
0 0.449777 0.951316 0.038170 0.053750
0 0.361421 0.621053 0.034988 0.061250
0 0.267485 0.623684 0.053014 0.070000
0 0.188058 0.223684 0.042057 0.057500
0 0.475074 0.351316 0.049479 0.060000
0 0.494978 0.422368 0.051954 0.081250
0 0.687872 0.578618 0.043824 0.066875
0 0.875930 0.596053 0.043471 0.055000
0 0.918527 0.656908 0.047358 0.060625
0 0.727865 0.178947 0.026507 0.051250
0 0.070871 0.058882 0.028627 0.050625
0 0.061570 0.933224 0.025093 0.044375
