0 0.862351 0.946711 0.028981 0.057500
0 0.194940 0.772368 0.032515 0.061250
0 0.238839 0.701645 0.032515 0.048125
0 0.429315 0.746053 0.031101 0.047500
0 0.669643 0.755263 0.028274 0.057500
0 0.708519 0.698026 0.038523 0.063750
0 0.937686 0.755921 0.028627 0.047500
0 0.312500 0.676645 0.028981 0.050625
0 0.505580 0.677961 0.030394 0.046875
0 0.082031 0.593092 0.025093 0.046875
0 0.555618 0.564145 0.030748 0.048125
0 0.742374 0.559211 0.042057 0.055000
0 0.803013 0.493421 0.039937 0.050000
0 0.084635 0.373684 0.029334 0.055000
0 0.621094 0.371711 0.027214 0.050000
0 0.715402 0.400329 0.028274 0.041875
0 0.448847 0.342434 0.025093 0.044375
0 0.971168 0.352303 0.022973 0.044375
0 0.268973 0.175000 0.032515 0.055000
0 0.348958 0.111184 0.032515 0.057500
0 0.652902 0.049671 0.028274 0.050625
0 0.688058 0.025329 0.032868 0.048125
