0 0.423549 0.845066 0.021558 0.070625
0 0.363095 0.425329 0.028981 0.044375
0 0.299293 0.875000 0.044178 0.061250
0 0.119048 0.223355 0.033928 0.044375
0 0.097842 0.409868 0.047358 0.061250
0 0.063616 0.687829 0.042411 0.064375
0 0.112909 0.619079 0.028627 0.061250
0 0.035714 0.909211 0.028274 0.051250
0 0.516555 0.608224 0.021558 0.038125
0 0.804129 0.653618 0.039937 0.046875
0 0.713914 0.922039 0.031101 0.060625
0 0.602121 0.906250 0.021558 0.041875
0 0.468564 0.977961 0.026507 0.041875
0 0.843936 0.943421 0.046298 0.051250
0 0.842262 0.888158 0.034635 0.063750
0 0.895089 0.223026 0.030394 0.061250
0 0.972284 0.266447 0.023680 0.055000
0 0.733259 0.257566 0.026860 0.050625
0 0.937128 0.784211 0.050892 0.075000
0 0.562872 0.316447 0.031101 0.061250
