0 0.351004 0.549671 0.044178 0.068125
0 0.180990 0.659868 0.028627 0.063750
0 0.146019 0.664145 0.026507 0.054375
0 0.595982 0.744737 0.026860 0.051250
0 0.676153 0.711513 0.025093 0.051875
0 0.768229 0.703618 0.025447 0.046875
0 0.811012 0.704934 0.021205 0.041875
0 0.947359 0.414474 0.025093 0.035000
0 0.766183 0.045395 0.019438 0.053750
0 0.670759 0.086184 0.015551 0.033750
0 0.602307 0.107895 0.021205 0.035000
0 0.336868 0.055592 0.028627 0.056875
0 0.240885 0.124342 0.023680 0.051250
0 0.071243 0.416447 0.039937 0.067500
