0 0.362537 0.552303 0.044178 0.068125
0 0.192522 0.662500 0.028627 0.063750
0 0.157552 0.666776 0.026507 0.054375
0 0.607515 0.747368 0.026860 0.051250
0 0.687686 0.714145 0.025093 0.051875
0 0.779762 0.706250 0.025447 0.046875
0 0.822545 0.707566 0.021205 0.041875
0 0.958891 0.417105 0.025093 0.035000
0 0.777716 0.048026 0.019438 0.053750
0 0.682292 0.088816 0.015551 0.033750
0 0.613839 0.110526 0.021205 0.035000
0 0.348400 0.058224 0.028627 0.056875
0 0.252418 0.126974 0.023680 0.051250
0 0.082775 0.419079 0.039937 0.067500
