0 0.796689 0.546382 0.036402 0.071875
0 0.894903 0.192763 0.036402 0.063750
0 0.929315 0.140789 0.028981 0.081250
0 0.725632 0.126316 0.045591 0.085000
0 0.657180 0.203947 0.037817 0.081250
0 0.640811 0.884868 0.047712 0.075000
0 0.574591 0.832566 0.040644 0.074375
0 0.559338 0.535855 0.039937 0.068125
0 0.541667 0.151974 0.032515 0.080000
0 0.468006 0.171382 0.036756 0.081875
0 0.418713 0.226974 0.040644 0.085000
0 0.400670 0.466776 0.040290 0.061875
0 0.372024 0.704276 0.030394 0.051875
0 0.297805 0.694079 0.038523 0.055000
0 0.869420 0.722039 0.031101 0.070625
0 0.878162 0.890132 0.038523 0.057500
0 0.225818 0.386842 0.047358 0.081250
0 0.191220 0.234211 0.031101 0.090000
0 0.161272 0.806250 0.032161 0.074375
0 0.156808 0.284539 0.028627 0.100625
0 0.144903 0.358553 0.038523 0.123750
0 0.306362 0.051316 0.040644 0.081250
0 0.785156 0.035526 0.038523 0.067500
