0 0.308036 0.169408 0.043824 0.074375
0 0.230097 0.611184 0.039937 0.055000
0 0.455915 0.885526 0.026507 0.051250
0 0.614769 0.904276 0.021558 0.040625
0 0.749070 0.800000 0.026507 0.061250
0 0.821057 0.813158 0.028981 0.055000
0 0.844680 0.573684 0.025093 0.053750
0 0.876488 0.338816 0.031101 0.061250
0 0.914993 0.272697 0.020852 0.040625
0 0.757626 0.148026 0.025093 0.050000
0 0.597656 0.056908 0.039937 0.054375
0 0.638951 0.333224 0.021558 0.040625
0 0.602121 0.379605 0.021558 0.057500
0 0.589844 0.458553 0.025093 0.051250
0 0.674851 0.489474 0.036049 0.055000
