0 0.338356 0.977303 0.027214 0.043125
0 0.626116 0.940132 0.028981 0.051250
0 0.777344 0.813487 0.032161 0.058125
0 0.387277 0.655921 0.033928 0.061250
0 0.111049 0.641776 0.030748 0.054375
0 0.929874 0.631579 0.034282 0.055000
0 0.788876 0.596711 0.034282 0.050000
0 0.390811 0.579276 0.034988 0.061875
0 0.894159 0.529605 0.032161 0.051250
0 0.205915 0.454934 0.032868 0.058125
0 0.521019 0.413158 0.029334 0.047500
0 0.709449 0.319737 0.030394 0.053750
0 0.156250 0.286842 0.032515 0.057500
0 0.281064 0.276974 0.028627 0.050000
0 0.363653 0.270066 0.030748 0.054375
0 0.058594 0.254605 0.029334 0.067500
0 0.529018 0.246382 0.031101 0.050625
0 0.302083 0.221711 0.028274 0.061250
0 0.093936 0.229934 0.026507 0.066875
