0 0.562686 0.535855 0.025093 0.051875
0 0.604725 0.526316 0.036402 0.063750
0 0.631138 0.603618 0.028627 0.061875
0 0.712984 0.526974 0.044178 0.075000
0 0.671875 0.206579 0.050892 0.067500
0 0.779018 0.405263 0.031101 0.057500
0 0.792597 0.444408 0.021558 0.038125
0 0.629464 0.843750 0.033928 0.044375
0 0.837054 0.456579 0.034635 0.053750
0 0.864583 0.406908 0.028981 0.058125
0 0.808966 0.490132 0.025093 0.035000
0 0.786458 0.091447 0.030394 0.053750
0 0.895647 0.307895 0.040644 0.057500
0 0.981399 0.359868 0.035342 0.081250
0 0.426897 0.524342 0.025093 0.053750
0 0.256510 0.668750 0.026507 0.041875
0 0.202939 0.736513 0.034282 0.048125
0 0.175781 0.582237 0.036402 0.051250
0 0.077939 0.549342 0.025093 0.051250
0 0.106957 0.231250 0.045591 0.071875
0 0.144717 0.202303 0.031101 0.048125
0 0.022507 0.746382 0.025093 0.044375
0 0.165365 0.881908 0.036402 0.051875
0 0.393601 0.930592 0.033928 0.076875
0 0.126860 0.936184 0.028274 0.041250
