0 0.067894 0.023026 0.025093 0.043750
0 0.108445 0.092105 0.028627 0.051250
0 0.639881 0.109868 0.031101 0.057500
0 0.791853 0.137829 0.034282 0.070625
0 0.927641 0.034868 0.028627 0.061250
0 0.243490 0.255921 0.032161 0.050000
0 0.059896 0.429276 0.028274 0.060625
0 0.305246 0.537171 0.025093 0.048125
0 0.279948 0.723026 0.028627 0.055000
0 0.555804 0.740461 0.033928 0.064375
0 0.749070 0.628618 0.036402 0.071875
0 0.921503 0.575329 0.034635 0.074375
0 0.071057 0.777961 0.032515 0.060625
0 0.123698 0.816776 0.032161 0.066875
0 0.077381 0.927632 0.032515 0.067500
0 0.132440 0.963158 0.028274 0.067500
0 0.297805 0.939474 0.022973 0.061250
0 0.707961 0.937500 0.036756 0.067500
