0 0.664435 0.938158 0.032515 0.047500
0 0.627046 0.948026 0.030748 0.055000
0 0.843564 0.834539 0.049832 0.056875
0 0.336310 0.973026 0.038170 0.051250
0 0.028646 0.823026 0.028981 0.050000
0 0.269717 0.486842 0.036756 0.061250
0 0.033482 0.430921 0.038170 0.047500
0 0.407366 0.417434 0.028274 0.060625
0 0.727493 0.403289 0.019438 0.051250
0 0.064174 0.316118 0.034282 0.044375
0 0.829613 0.333224 0.028274 0.044375
0 0.300781 0.257895 0.025093 0.047500
0 0.191034 0.243421 0.028627 0.060000
0 0.425595 0.275987 0.022620 0.038125
0 0.427269 0.224671 0.029334 0.051875
0 0.880394 0.167105 0.026507 0.053750
0 0.022321 0.187500 0.030394 0.051250
0 0.558594 0.708224 0.025093 0.070625
