0 0.659970 0.528947 0.032515 0.047500
0 0.622582 0.538816 0.030748 0.055000
0 0.761161 0.887500 0.040290 0.053750
0 0.839100 0.425329 0.049832 0.056875
0 0.921689 0.863487 0.026507 0.040625
0 0.561570 0.291118 0.038523 0.050625
0 0.474516 0.917434 0.037817 0.044375
0 0.496280 0.926974 0.047358 0.033750
0 0.331845 0.564145 0.038170 0.051875
0 0.282366 0.734211 0.050892 0.051250
0 0.186570 0.961184 0.028627 0.053750
0 0.053757 0.717763 0.040644 0.070000
0 0.024182 0.413816 0.028981 0.050000
0 0.265253 0.077632 0.036756 0.061250
0 0.029018 0.023355 0.038170 0.044375
