0 0.216704 0.821053 0.043471 0.075000
0 0.471354 0.576316 0.048065 0.081250
0 0.541109 0.780921 0.022973 0.045000
0 0.569940 0.802961 0.028274 0.041875
0 0.521949 0.879605 0.022620 0.050000
0 0.336682 0.865789 0.032515 0.057500
0 0.172619 0.906908 0.022620 0.044375
0 0.187128 0.446382 0.028274 0.050625
0 0.291481 0.594079 0.021558 0.050000
0 0.369234 0.317763 0.027214 0.051250
0 0.494048 0.282895 0.034635 0.057500
0 0.588728 0.285197 0.028627 0.050625
0 0.674665 0.570724 0.032161 0.046875
0 0.675037 0.606908 0.036402 0.044375
0 0.850074 0.971711 0.031101 0.053750
0 0.917225 0.237829 0.036402 0.070625
0 0.724516 0.083224 0.053367 0.086875
0 0.700521 0.018421 0.031101 0.035000
0 0.308966 0.106579 0.028627 0.061250
0 0.286086 0.066447 0.034635 0.060000
0 0.254278 0.038816 0.027214 0.053750
0 0.094494 0.463487 0.019085 0.048125
0 0.055432 0.714803 0.016964 0.036875
