0 0.049293 0.056250 0.022973 0.041875
0 0.817336 0.139145 0.047358 0.074375
0 0.397507 0.270724 0.028627 0.050625
0 0.889881 0.344737 0.028981 0.050000
0 0.911086 0.364474 0.028274 0.031250
0 0.559896 0.379605 0.036049 0.061250
0 0.680990 0.428947 0.029334 0.053750
0 0.866815 0.444737 0.028981 0.040000
0 0.512649 0.474342 0.031101 0.050000
0 0.148438 0.567763 0.031101 0.061250
0 0.329613 0.677303 0.028981 0.066875
0 0.372210 0.767763 0.037817 0.061250
0 0.225632 0.849013 0.030748 0.044375
0 0.299851 0.927632 0.028981 0.055000
0 0.379092 0.837171 0.036049 0.068125
0 0.489025 0.900987 0.044178 0.068125
0 0.499070 0.799342 0.036402 0.060000
0 0.670387 0.840461 0.036756 0.070625
0 0.764881 0.912829 0.034635 0.061875
0 0.927083 0.796053 0.042411 0.085000
0 0.143229 0.876645 0.028981 0.046875
