0 0.039062 0.491118 0.042411 0.081875
0 0.044271 0.667763 0.036049 0.053750
0 0.128534 0.590789 0.037817 0.047500
0 0.138579 0.434868 0.028627 0.061250
0 0.204985 0.324342 0.028981 0.061250
0 0.271019 0.679934 0.039937 0.050625
0 0.215774 0.946053 0.040290 0.061250
0 0.344866 0.565789 0.028981 0.061250
0 0.494792 0.600329 0.028274 0.041875
0 0.636533 0.518750 0.031101 0.054375
0 0.658110 0.524342 0.028981 0.060000
0 0.745350 0.728947 0.034282 0.057500
0 0.752232 0.838816 0.028274 0.050000
0 0.719308 0.974013 0.025093 0.038125
0 0.815662 0.657895 0.026507 0.040000
0 0.776972 0.144079 0.029334 0.067500
0 0.813430 0.140789 0.026507 0.061250
0 0.486793 0.168750 0.027214 0.066875
0 0.445126 0.334868 0.022973 0.055000
0 0.139881 0.075987 0.034635 0.068125
0 0.172247 0.031579 0.031101 0.060000
0 0.915923 0.495395 0.028274 0.060000
