0 0.167783 0.860855 0.034635 0.050625
0 0.167411 0.824671 0.040290 0.048125
0 0.926339 0.791447 0.030394 0.055000
0 0.633371 0.559539 0.037817 0.051875
0 0.405878 0.491447 0.038170 0.057500
0 0.598214 0.501974 0.036756 0.057500
0 0.940662 0.538158 0.038523 0.061250
0 0.215960 0.345724 0.043471 0.074375
0 0.192708 0.267434 0.038170 0.071875
0 0.084635 0.544737 0.027214 0.051250
0 0.446801 0.103618 0.032515 0.054375
0 0.735491 0.059211 0.031101 0.057500
0 0.776600 0.437829 0.023680 0.044375
0 0.755952 0.393421 0.030394 0.051250
0 0.796875 0.355592 0.028274 0.040625
