0 0.098028 0.457895 0.022973 0.061250
0 0.140811 0.325000 0.026507 0.061250
0 0.341146 0.510526 0.030394 0.051250
0 0.417783 0.621711 0.034635 0.057500
0 0.293155 0.676974 0.036756 0.057500
0 0.464658 0.894408 0.031101 0.051875
0 0.496280 0.569737 0.030394 0.060000
0 0.524182 0.354605 0.034635 0.050000
0 0.572545 0.283224 0.024740 0.050625
0 0.764881 0.549671 0.036756 0.048125
0 0.887091 0.519737 0.032868 0.050000
0 0.933036 0.654934 0.028981 0.054375
0 0.898996 0.761842 0.025093 0.053750
0 0.559896 0.071711 0.031101 0.053750
0 0.827567 0.088816 0.026507 0.050000
0 0.977865 0.287171 0.030748 0.046875
0 0.397507 0.160197 0.019438 0.046875
0 0.344308 0.122697 0.020852 0.044375
0 0.346726 0.266118 0.028274 0.050625
0 0.405878 0.305592 0.036756 0.071875
