0 0.263393 0.889474 0.032515 0.055000
0 0.343378 0.825658 0.032515 0.057500
0 0.647321 0.764145 0.028274 0.050625
0 0.682478 0.736842 0.032868 0.053750
0 0.022507 0.744079 0.028627 0.053750
0 0.043527 0.652303 0.016964 0.031875
0 0.068638 0.675000 0.027214 0.050000
0 0.172991 0.473355 0.034635 0.050625
0 0.172619 0.437171 0.040290 0.048125
0 0.931548 0.403947 0.030394 0.055000
0 0.638579 0.172039 0.037817 0.051875
0 0.411086 0.103947 0.038170 0.057500
0 0.603423 0.114474 0.036756 0.057500
0 0.945871 0.150658 0.038523 0.061250
