0 0.124256 0.507237 0.030394 0.051250
0 0.200893 0.618421 0.034635 0.057500
0 0.076265 0.673684 0.036756 0.057500
0 0.247768 0.891118 0.031101 0.051875
0 0.279390 0.566447 0.030394 0.060000
0 0.307292 0.351316 0.034635 0.050000
0 0.355655 0.279934 0.024740 0.050625
0 0.547991 0.546382 0.036756 0.048125
0 0.670201 0.516447 0.032868 0.050000
0 0.716146 0.651645 0.028981 0.054375
0 0.682106 0.758553 0.025093 0.053750
0 0.343006 0.068421 0.031101 0.053750
0 0.610677 0.085526 0.026507 0.050000
0 0.760975 0.283882 0.030748 0.046875
0 0.180618 0.156908 0.019438 0.046875
0 0.127418 0.119408 0.020852 0.044375
0 0.129836 0.262829 0.028274 0.050625
0 0.188988 0.302303 0.036756 0.071875
0 0.845238 0.570066 0.028274 0.050625
0 0.955357 0.588158 0.031101 0.060000
0 0.925595 0.817434 0.030394 0.054375
