0 0.021763 0.904276 0.041351 0.094375
0 0.215216 0.893421 0.036402 0.055000
0 0.216890 0.938816 0.038170 0.053750
0 0.128534 0.608553 0.034988 0.061250
0 0.034598 0.611184 0.053014 0.070000
0 0.242188 0.338816 0.049479 0.060000
0 0.262091 0.409868 0.051954 0.081250
0 0.454985 0.566118 0.043824 0.066875
0 0.643043 0.583553 0.043471 0.055000
0 0.685640 0.644408 0.047358 0.060625
0 0.494978 0.166447 0.026507 0.051250
0 0.772321 0.146711 0.040290 0.065000
0 0.803757 0.465461 0.030748 0.060625
0 0.820499 0.512829 0.019438 0.044375
0 0.847284 0.430921 0.032161 0.040000
0 0.931920 0.025987 0.034635 0.049375
0 0.964286 0.866776 0.043824 0.071875
0 0.983259 0.613158 0.031808 0.065000
