0 0.201265 0.509868 0.030394 0.051250
0 0.277902 0.621053 0.034635 0.057500
0 0.153274 0.676316 0.036756 0.057500
0 0.324777 0.893750 0.031101 0.051875
0 0.356399 0.569079 0.030394 0.060000
0 0.384301 0.353947 0.034635 0.050000
0 0.432664 0.282566 0.024740 0.050625
0 0.625000 0.549013 0.036756 0.048125
0 0.747210 0.519079 0.032868 0.050000
0 0.793155 0.654276 0.028981 0.054375
0 0.759115 0.761184 0.025093 0.053750
0 0.420015 0.071053 0.031101 0.053750
0 0.687686 0.088158 0.026507 0.050000
0 0.837984 0.286513 0.030748 0.046875
0 0.257626 0.159539 0.019438 0.046875
0 0.204427 0.122039 0.020852 0.044375
0 0.206845 0.265461 0.028274 0.050625
0 0.265997 0.304934 0.036756 0.071875
0 0.922247 0.572697 0.028274 0.050625
