0 0.239397 0.978618 0.029334 0.040625
0 0.593750 0.970395 0.033928 0.056250
0 0.209821 0.608553 0.034635 0.060000
0 0.393415 0.479276 0.025093 0.041875
0 0.518229 0.447368 0.033928 0.055000
0 0.939546 0.406250 0.039937 0.064375
0 0.331101 0.266447 0.025447 0.043750
0 0.749070 0.250329 0.045591 0.070625
0 0.308222 0.226316 0.038523 0.063750
0 0.275856 0.200658 0.037817 0.057500
0 0.725074 0.177303 0.030394 0.046875
0 0.500000 0.738487 0.050892 0.078125
0 0.566592 0.942763 0.031101 0.063750
0 0.312314 0.755263 0.036402 0.061250
0 0.113281 0.616118 0.028627 0.041875
0 0.074963 0.868750 0.028627 0.040625
0 0.701637 0.771711 0.036049 0.055000
0 0.701637 0.735526 0.028981 0.061250
0 0.614397 0.446711 0.040644 0.055000
0 0.437872 0.055592 0.040290 0.054375
