0 0.459635 0.645066 0.034282 0.074375
0 0.466332 0.814474 0.029334 0.055000
0 0.390067 0.479276 0.036402 0.071875
0 0.488281 0.125658 0.036402 0.063750
0 0.522693 0.073684 0.028981 0.081250
0 0.676525 0.313816 0.037817 0.081250
0 0.857143 0.548026 0.034635 0.087500
0 0.988467 0.036842 0.021912 0.060000
0 0.753348 0.118421 0.032515 0.060000
0 0.319010 0.059211 0.045591 0.085000
0 0.250558 0.136842 0.037817 0.081250
0 0.234189 0.817763 0.047712 0.075000
0 0.167969 0.765461 0.040644 0.074375
0 0.152716 0.468750 0.039937 0.068125
0 0.135045 0.084868 0.032515 0.080000
