0 0.197917 0.633882 0.028981 0.050625
0 0.586310 0.623355 0.033928 0.060625
0 0.118304 0.570066 0.022620 0.041875
0 0.182850 0.545724 0.028627 0.046875
0 0.752418 0.491776 0.032161 0.058125
0 0.446429 0.358553 0.030394 0.053750
0 0.636347 0.312171 0.038523 0.070625
0 0.358073 0.288487 0.039937 0.070625
0 0.187686 0.273355 0.030748 0.060625
0 0.695499 0.258882 0.034282 0.051875
0 0.176339 0.202303 0.028981 0.050625
0 0.668713 0.195724 0.034282 0.058125
0 0.546317 0.189474 0.032868 0.055000
0 0.224330 0.150000 0.034635 0.051250
0 0.515439 0.152961 0.040644 0.070625
0 0.470796 0.145066 0.044178 0.080625
0 0.519159 0.034868 0.032161 0.051250
0 0.144903 0.033553 0.028627 0.047500
0 0.619048 0.667105 0.043824 0.080000
0 0.643043 0.709211 0.028627 0.061250
0 0.832217 0.893092 0.045945 0.078125
0 0.925781 0.896053 0.040644 0.071250
0 0.707961 0.922697 0.032515 0.044375
0 0.109003 0.951974 0.031101 0.055000
