0 0.123326 0.106579 0.034988 0.055000
0 0.023065 0.338487 0.033928 0.076875
0 0.168341 0.379276 0.038523 0.064375
0 0.308408 0.286842 0.031101 0.053750
0 0.325893 0.289474 0.024740 0.050000
0 0.417411 0.489803 0.039584 0.068125
0 0.487909 0.425329 0.025093 0.051875
0 0.588542 0.260526 0.022620 0.033750
0 0.741257 0.379276 0.027214 0.054375
0 0.754836 0.231908 0.019791 0.044375
0 0.423921 0.600658 0.032161 0.061250
0 0.389323 0.749013 0.038523 0.070625
0 0.414621 0.925000 0.029334 0.067500
0 0.583891 0.891118 0.026507 0.046875
0 0.624628 0.896711 0.028981 0.051250
