0 0.656064 0.795066 0.028627 0.041875
0 0.714844 0.744079 0.042057 0.041250
0 0.769903 0.971382 0.037817 0.054375
0 0.380208 0.767105 0.038170 0.061250
0 0.206473 0.750658 0.036756 0.053750
0 0.198289 0.675000 0.031101 0.060000
0 0.246466 0.623684 0.044178 0.061250
0 0.493304 0.621053 0.032515 0.065000
0 0.538690 0.625658 0.031101 0.055000
0 0.569010 0.674671 0.034282 0.061875
0 0.690104 0.675987 0.034635 0.061875
0 0.166109 0.506908 0.028627 0.048125
0 0.188988 0.462500 0.028274 0.051250
0 0.254836 0.452961 0.031101 0.044375
0 0.542597 0.514474 0.028627 0.060000
0 0.471726 0.839145 0.038170 0.070625
0 0.453497 0.135526 0.031101 0.061250
0 0.858631 0.433553 0.043824 0.075000
0 0.891927 0.412171 0.037817 0.064375
0 0.925037 0.288487 0.036402 0.066875
0 0.864955 0.044408 0.031101 0.064375
0 0.016927 0.219408 0.032161 0.060625
0 0.231213 0.034539 0.040644 0.065625
