0 0.683408 0.955592 0.032515 0.058125
0 0.377418 0.822368 0.029334 0.051250
0 0.566964 0.775987 0.028981 0.051875
0 0.289621 0.752303 0.029334 0.051875
0 0.118676 0.737171 0.030394 0.056875
0 0.626488 0.723026 0.033928 0.051250
0 0.108445 0.666776 0.027214 0.048125
0 0.599516 0.659539 0.032868 0.056875
0 0.477307 0.653618 0.032515 0.056875
0 0.446057 0.616447 0.031101 0.053750
0 0.156250 0.613487 0.033928 0.050625
0 0.400856 0.609868 0.034282 0.063750
0 0.076823 0.497697 0.027214 0.046875
0 0.449963 0.499013 0.032161 0.051875
0 0.098772 0.458224 0.025093 0.044375
0 0.164621 0.442434 0.028627 0.048125
0 0.767113 0.419079 0.034635 0.060000
0 0.802083 0.402632 0.030394 0.055000
0 0.838170 0.275000 0.030394 0.051250
0 0.972656 0.158224 0.034282 0.056875
0 0.360305 0.123026 0.030748 0.053750
0 0.773438 0.030921 0.032515 0.050000
0 0.140811 0.032237 0.038523 0.061250
