0 0.270275 0.552303 0.044178 0.068125
0 0.100260 0.662500 0.028627 0.063750
0 0.065290 0.666776 0.026507 0.054375
0 0.515253 0.747368 0.026860 0.051250
0 0.595424 0.714145 0.025093 0.051875
0 0.687500 0.706250 0.025447 0.046875
0 0.730283 0.707566 0.021205 0.041875
0 0.866629 0.417105 0.025093 0.035000
0 0.956845 0.366447 0.019791 0.053750
0 0.685454 0.048026 0.019438 0.053750
0 0.590030 0.088816 0.015551 0.033750
0 0.521577 0.110526 0.021205 0.035000
0 0.256138 0.058224 0.028627 0.056875
0 0.160156 0.126974 0.023680 0.051250
0 0.357701 0.982895 0.026507 0.032500
