0 0.047433 0.865789 0.053367 0.055000
0 0.021391 0.706579 0.040644 0.061250
0 0.409040 0.659539 0.025093 0.051875
0 0.451079 0.650000 0.036402 0.063750
0 0.477493 0.727303 0.028627 0.061875
0 0.559338 0.650658 0.044178 0.075000
0 0.518229 0.330263 0.050892 0.067500
0 0.625372 0.528947 0.031101 0.057500
0 0.638951 0.568092 0.021558 0.038125
0 0.475818 0.967434 0.033928 0.044375
0 0.683408 0.580263 0.034635 0.053750
0 0.710938 0.530592 0.028981 0.058125
0 0.655320 0.613816 0.025093 0.035000
0 0.669271 0.040132 0.036049 0.061250
0 0.718006 0.031579 0.038170 0.060000
0 0.632812 0.215132 0.030394 0.053750
0 0.742001 0.431579 0.040644 0.057500
0 0.835193 0.483553 0.049479 0.081250
0 0.273251 0.648026 0.025093 0.053750
0 0.102679 0.785197 0.024740 0.044375
