0 0.315476 0.869408 0.028274 0.051875
0 0.857143 0.825329 0.025447 0.048125
0 0.017671 0.740789 0.030748 0.050000
0 0.199963 0.693092 0.023680 0.044375
0 0.260231 0.641118 0.028627 0.044375
0 0.113653 0.571711 0.026507 0.045000
0 0.234003 0.576316 0.039584 0.065000
0 0.906436 0.501974 0.030748 0.055000
0 0.628534 0.486513 0.032868 0.056875
0 0.909226 0.425329 0.032515 0.056875
0 0.087240 0.418092 0.025093 0.041875
0 0.401228 0.331908 0.032161 0.054375
0 0.433780 0.313158 0.028274 0.051250
0 0.723958 0.296053 0.033928 0.055000
0 0.672061 0.126316 0.034282 0.057500
0 0.799851 0.120724 0.026860 0.044375
0 0.881696 0.117763 0.028274 0.047500
0 0.569010 0.090789 0.037817 0.070000
0 0.816778 0.068092 0.034988 0.054375
0 0.608817 0.062829 0.032868 0.051875
0 0.036830 0.531908 0.033928 0.064375
0 0.083891 0.531908 0.025093 0.054375
0 0.470982 0.186184 0.033928 0.061250
