0 0.070871 0.375658 0.025093 0.050000
0 0.105655 0.402632 0.028981 0.053750
0 0.123326 0.445066 0.030748 0.051875
0 0.188988 0.650000 0.036049 0.057500
0 0.292225 0.914803 0.059022 0.094375
0 0.494978 0.903947 0.036402 0.055000
0 0.496652 0.949342 0.038170 0.053750
0 0.408296 0.619079 0.034988 0.061250
0 0.314360 0.621711 0.053014 0.070000
0 0.234933 0.221711 0.042057 0.057500
0 0.521949 0.349342 0.049479 0.060000
0 0.541853 0.420395 0.051954 0.081250
0 0.734747 0.576645 0.043824 0.066875
0 0.922805 0.594079 0.043471 0.055000
0 0.965402 0.654934 0.047358 0.060625
0 0.774740 0.176974 0.026507 0.051250
0 0.117746 0.056908 0.028627 0.050625
0 0.108445 0.931250 0.025093 0.044375
0 0.013021 0.781579 0.024740 0.050000
