0 0.624256 0.950987 0.032515 0.058125
0 0.318266 0.817763 0.029334 0.051250
0 0.507812 0.771382 0.028981 0.051875
0 0.230469 0.747697 0.029334 0.051875
0 0.059524 0.732566 0.030394 0.056875
0 0.567336 0.718421 0.033928 0.051250
0 0.049293 0.662171 0.027214 0.048125
0 0.540365 0.654934 0.032868 0.056875
0 0.418155 0.649013 0.032515 0.056875
0 0.386905 0.611842 0.031101 0.053750
0 0.097098 0.608882 0.033928 0.050625
0 0.341704 0.605263 0.034282 0.063750
0 0.017671 0.493092 0.027214 0.046875
0 0.390811 0.494408 0.032161 0.051875
0 0.039621 0.453618 0.025093 0.044375
0 0.105469 0.437829 0.028627 0.048125
0 0.707961 0.414474 0.034635 0.060000
0 0.742932 0.398026 0.030394 0.055000
0 0.779018 0.270395 0.030394 0.051250
0 0.913504 0.153618 0.034282 0.056875
0 0.301153 0.118421 0.030748 0.053750
0 0.714286 0.026316 0.032515 0.050000
0 0.081659 0.029934 0.038523 0.056875
0 0.976004 0.214474 0.039937 0.083750
0 0.933594 0.568421 0.037817 0.063750
