0 0.239397 0.935526 0.029334 0.043750
0 0.593750 0.925987 0.033928 0.056875
0 0.209821 0.563816 0.034635 0.060000
0 0.393415 0.434539 0.025093 0.041875
0 0.518229 0.402632 0.033928 0.055000
0 0.939546 0.361513 0.039937 0.064375
0 0.331101 0.221711 0.025447 0.043750
0 0.749070 0.205592 0.045591 0.070625
0 0.308222 0.181579 0.038523 0.063750
0 0.275856 0.155921 0.037817 0.057500
0 0.725074 0.132566 0.030394 0.046875
0 0.500000 0.693750 0.050892 0.078125
0 0.566592 0.898026 0.031101 0.063750
0 0.363467 0.978289 0.036049 0.041250
0 0.312314 0.710526 0.036402 0.061250
0 0.113281 0.571382 0.028627 0.041875
0 0.074963 0.824013 0.028627 0.040625
0 0.701637 0.726974 0.036049 0.055000
0 0.701637 0.690789 0.028981 0.061250
0 0.614397 0.401974 0.040644 0.055000
