0 0.591332 0.458224 0.029334 0.046875
0 0.602121 0.379276 0.028627 0.054375
0 0.637277 0.330921 0.023326 0.055000
0 0.675409 0.490132 0.025093 0.050000
0 0.750930 0.800658 0.026507 0.060000
0 0.822359 0.811842 0.032161 0.051250
0 0.845610 0.568092 0.028274 0.040625
0 0.871094 0.336184 0.027214 0.050000
0 0.914993 0.274671 0.027214 0.046875
0 0.985863 0.246711 0.026860 0.057500
0 0.758371 0.150987 0.022973 0.048125
0 0.599702 0.058882 0.028981 0.048125
0 0.305618 0.170724 0.040644 0.066875
0 0.228423 0.614145 0.028274 0.046875
0 0.456101 0.878947 0.034635 0.061250
0 0.612537 0.909211 0.028627 0.055000
0 0.067336 0.761842 0.028981 0.053750
0 0.016741 0.566447 0.031808 0.075000
0 0.029948 0.479605 0.040644 0.063750
0 0.054874 0.175000 0.027214 0.057500
0 0.062500 0.034868 0.031101 0.057500
0 0.132999 0.082566 0.036402 0.064375
