0 0.069754 0.035526 0.026507 0.067500
0 0.297805 0.057237 0.037817 0.057500
0 0.773251 0.106908 0.026507 0.061875
0 0.247954 0.316776 0.028627 0.060625
0 0.743676 0.356579 0.031101 0.060000
0 0.777530 0.224013 0.025447 0.048125
0 0.073475 0.566447 0.032868 0.050000
0 0.149740 0.587829 0.036402 0.040625
0 0.584635 0.626645 0.047712 0.068125
0 0.774740 0.546053 0.040644 0.055000
0 0.049665 0.800987 0.025093 0.044375
0 0.020275 0.820724 0.025093 0.040625
0 0.904204 0.648026 0.042057 0.055000
0 0.845796 0.042763 0.027214 0.055000
0 0.468378 0.938158 0.022620 0.045000
0 0.552083 0.979276 0.031101 0.039375
0 0.768601 0.951316 0.036049 0.051250
0 0.941034 0.511842 0.023680 0.047500
0 0.983259 0.520395 0.031808 0.063750
