0 0.145275 0.909539 0.029334 0.070625
0 0.486421 0.711513 0.022973 0.048125
0 0.521949 0.705921 0.033928 0.053750
0 0.187686 0.746053 0.039937 0.067500
0 0.936756 0.804605 0.031101 0.061250
0 0.414249 0.471382 0.021558 0.071875
0 0.700893 0.606579 0.036756 0.080000
0 0.127418 0.261513 0.021558 0.070625
0 0.263021 0.184868 0.031101 0.061250
0 0.284412 0.041776 0.032868 0.044375
0 0.161644 0.033553 0.021558 0.061250
0 0.046875 0.020066 0.028274 0.038125
0 0.581659 0.164803 0.025093 0.044375
0 0.685268 0.100329 0.026860 0.044375
0 0.949777 0.171053 0.050892 0.057500
0 0.939174 0.205921 0.037817 0.050000
