0 0.475632 0.643750 0.034282 0.074375
0 0.482329 0.813158 0.029334 0.055000
0 0.406064 0.477961 0.036402 0.071875
0 0.504278 0.124342 0.036402 0.063750
0 0.538690 0.072368 0.028981 0.081250
0 0.692522 0.312500 0.037817 0.081250
0 0.873140 0.546711 0.034635 0.087500
0 0.769345 0.117105 0.032515 0.060000
0 0.335007 0.057895 0.045591 0.085000
0 0.266555 0.135526 0.037817 0.081250
0 0.250186 0.816447 0.047712 0.075000
0 0.183966 0.764145 0.040644 0.074375
0 0.168713 0.467434 0.039937 0.068125
0 0.151042 0.083553 0.032515 0.080000
0 0.077381 0.102961 0.036756 0.081875
0 0.028088 0.158553 0.040644 0.085000
