0 0.057478 0.019079 0.018024 0.036250
0 0.070685 0.029276 0.021205 0.040625
0 0.064174 0.072039 0.023680 0.046875
0 0.810268 0.155921 0.030394 0.050000
0 0.775856 0.200658 0.032868 0.051250
0 0.766555 0.253289 0.026507 0.057500
0 0.849144 0.315132 0.029334 0.055000
0 0.199777 0.278289 0.026860 0.047500
0 0.097842 0.406579 0.028274 0.047500
0 0.130952 0.388158 0.019085 0.037500
0 0.186942 0.370724 0.026507 0.044375
0 0.403274 0.432237 0.034635 0.051250
0 0.023251 0.544737 0.022973 0.045000
0 0.237537 0.571382 0.037817 0.061875
0 0.061570 0.607566 0.025093 0.046875
0 0.102121 0.678289 0.028627 0.051250
0 0.633557 0.696053 0.031101 0.057500
0 0.785528 0.724013 0.034282 0.070625
0 0.921317 0.621053 0.028627 0.061250
0 0.237165 0.842105 0.032161 0.050000
