0 0.904018 0.853618 0.028274 0.050625
0 0.031808 0.795724 0.027214 0.044375
0 0.187128 0.723684 0.024740 0.043750
0 0.191592 0.676974 0.050892 0.067500
0 0.608445 0.632566 0.034988 0.061875
0 0.350446 0.621053 0.025447 0.043750
0 0.186570 0.608553 0.029334 0.047500
0 0.433594 0.535855 0.025093 0.044375
0 0.898624 0.526316 0.022973 0.041250
0 0.624070 0.508882 0.032868 0.054375
0 0.276228 0.480592 0.022973 0.041875
0 0.360119 0.459868 0.022620 0.040000
0 0.802641 0.453618 0.026507 0.050625
0 0.514881 0.442763 0.028981 0.057500
0 0.632999 0.409868 0.028627 0.043750
0 0.507254 0.375329 0.026507 0.046875
0 0.464658 0.296053 0.028274 0.041250
0 0.031064 0.482895 0.028627 0.050000
0 0.119048 0.420724 0.036049 0.044375
0 0.324777 0.923355 0.019791 0.041875
0 0.894717 0.912500 0.030394 0.057500
0 0.280320 0.173355 0.034282 0.051875
0 0.035714 0.135197 0.023326 0.044375
0 0.648065 0.076974 0.034635 0.055000
0 0.814918 0.041447 0.040644 0.067500
