0 0.843564 0.645066 0.049832 0.056875
0 0.028646 0.633553 0.028981 0.050000
0 0.269717 0.297368 0.036756 0.061250
0 0.033482 0.241447 0.038170 0.047500
0 0.407366 0.227961 0.028274 0.060625
0 0.727493 0.213816 0.019438 0.051250
0 0.064174 0.126645 0.034282 0.044375
0 0.829613 0.143750 0.028274 0.044375
0 0.300781 0.068421 0.025093 0.047500
0 0.191034 0.053947 0.028627 0.060000
0 0.425595 0.086513 0.022620 0.038125
0 0.427269 0.035197 0.029334 0.051875
0 0.558594 0.518750 0.025093 0.070625
0 0.337054 0.786184 0.028274 0.055000
0 0.632068 0.766447 0.034635 0.055000
0 0.670759 0.759211 0.031101 0.057500
0 0.296317 0.955263 0.025093 0.050000
0 0.058594 0.943750 0.023680 0.066875
