0 0.207961 0.663158 0.034635 0.060000
0 0.391555 0.533882 0.025093 0.041875
0 0.516369 0.501974 0.033928 0.055000
0 0.937686 0.460855 0.039937 0.064375
0 0.329241 0.321053 0.025447 0.043750
0 0.747210 0.304934 0.045591 0.070625
0 0.306362 0.280921 0.038523 0.063750
0 0.273996 0.255263 0.037817 0.057500
0 0.723214 0.231908 0.030394 0.046875
0 0.498140 0.793092 0.050892 0.078125
0 0.310454 0.809868 0.036402 0.061250
0 0.111421 0.670724 0.028627 0.041875
0 0.073103 0.923355 0.028627 0.040625
0 0.699777 0.826316 0.036049 0.055000
0 0.699777 0.790132 0.028981 0.061250
0 0.612537 0.501316 0.040644 0.055000
0 0.436012 0.110197 0.040290 0.054375
0 0.976562 0.067763 0.033928 0.063750
