0 0.370722 0.811842 0.028627 0.063750
0 0.652902 0.678618 0.033928 0.061875
0 0.695312 0.612171 0.039584 0.090625
0 0.768601 0.590461 0.036756 0.071875
0 0.279762 0.333882 0.034635 0.076875
0 0.537574 0.278947 0.045945 0.073750
0 0.376302 0.401645 0.023680 0.060625
0 0.418155 0.680921 0.031101 0.050000
0 0.380580 0.725329 0.031101 0.050625
0 0.456845 0.838487 0.034635 0.068125
0 0.537946 0.490132 0.026860 0.050000
0 0.627418 0.916118 0.021558 0.041875
0 0.724516 0.088816 0.032161 0.057500
0 0.888765 0.661184 0.028981 0.053750
