0 0.097842 0.535855 0.036756 0.048125
0 0.220052 0.505921 0.032868 0.050000
0 0.265997 0.641118 0.028981 0.054375
0 0.231957 0.748026 0.025093 0.053750
0 0.160528 0.075000 0.026507 0.050000
0 0.310826 0.273355 0.030748 0.046875
0 0.395089 0.559539 0.028274 0.050625
0 0.505208 0.577632 0.031101 0.060000
0 0.475446 0.806908 0.030394 0.054375
0 0.618862 0.742105 0.025093 0.061250
0 0.596168 0.301316 0.026507 0.065000
0 0.635789 0.537500 0.032515 0.065000
0 0.638393 0.592763 0.031101 0.057500
0 0.730469 0.439474 0.038523 0.070000
0 0.195126 0.858553 0.042057 0.073750
0 0.845610 0.162829 0.038170 0.044375
0 0.933594 0.722697 0.028627 0.050625
0 0.948847 0.053618 0.030748 0.074375
0 0.970052 0.276645 0.025093 0.061875
