0 0.198475 0.973684 0.043471 0.050000
0 0.335193 0.898684 0.028981 0.081250
0 0.357143 0.897697 0.025447 0.071875
0 0.614583 0.866447 0.034635 0.055000
0 0.777902 0.848684 0.028981 0.070000
0 0.145275 0.714145 0.029334 0.070625
0 0.047061 0.944737 0.020852 0.075000
0 0.486421 0.516118 0.022973 0.048125
0 0.521949 0.510526 0.033928 0.053750
0 0.187686 0.550658 0.039937 0.067500
0 0.936756 0.609211 0.031101 0.061250
0 0.414249 0.275987 0.021558 0.071875
0 0.700893 0.411184 0.036756 0.080000
0 0.127418 0.066118 0.021558 0.070625
