0 0.158854 0.429934 0.028274 0.064375
0 0.117374 0.592763 0.034988 0.055000
0 0.017485 0.824671 0.033222 0.076875
0 0.162388 0.865461 0.038523 0.064375
0 0.302455 0.773026 0.031101 0.053750
0 0.319940 0.775658 0.024740 0.050000
0 0.411458 0.970066 0.039584 0.056875
0 0.481957 0.911513 0.025093 0.051875
0 0.582589 0.746711 0.022620 0.033750
0 0.735305 0.865461 0.027214 0.054375
0 0.748884 0.718092 0.019791 0.044375
0 0.904204 0.477303 0.021558 0.036875
0 0.984003 0.443092 0.030394 0.038125
0 0.661272 0.278947 0.030748 0.047500
0 0.487351 0.388816 0.034635 0.055000
0 0.444754 0.396711 0.040644 0.057500
0 0.375744 0.155921 0.031101 0.055000
