0 0.330171 0.977303 0.027214 0.043125
0 0.617932 0.940132 0.028981 0.051250
0 0.769159 0.813487 0.032161 0.058125
0 0.379092 0.655921 0.033928 0.061250
0 0.102865 0.641776 0.030748 0.054375
0 0.921689 0.631579 0.034282 0.055000
0 0.780692 0.596711 0.034282 0.050000
0 0.382626 0.579276 0.034988 0.061875
0 0.885975 0.529605 0.032161 0.051250
0 0.197731 0.454934 0.032868 0.058125
0 0.512835 0.413158 0.029334 0.047500
0 0.701265 0.319737 0.030394 0.053750
0 0.148065 0.286842 0.032515 0.057500
0 0.272879 0.276974 0.028627 0.050000
0 0.355469 0.270066 0.030748 0.054375
0 0.050409 0.254605 0.029334 0.067500
0 0.520833 0.246382 0.031101 0.050625
0 0.293899 0.221711 0.028274 0.061250
0 0.085751 0.229934 0.026507 0.066875
