0 0.120350 0.888816 0.036402 0.055000
0 0.122024 0.934211 0.038170 0.053750
0 0.033668 0.603947 0.034988 0.061250
0 0.147321 0.334211 0.049479 0.060000
0 0.167225 0.405263 0.051954 0.081250
0 0.360119 0.561513 0.043824 0.066875
0 0.548177 0.578947 0.043471 0.055000
0 0.590774 0.639803 0.047358 0.060625
0 0.400112 0.161842 0.026507 0.051250
0 0.677455 0.142105 0.040290 0.065000
0 0.708891 0.460855 0.030748 0.060625
0 0.725632 0.508224 0.019438 0.044375
0 0.752418 0.426316 0.032161 0.040000
0 0.837054 0.023684 0.034635 0.045000
0 0.869420 0.862171 0.043824 0.071875
0 0.888765 0.608553 0.032515 0.065000
