0 0.016741 0.681579 0.031808 0.061250
0 0.135231 0.871711 0.053367 0.055000
0 0.104539 0.712500 0.049479 0.061250
0 0.042597 0.350000 0.040644 0.051250
0 0.074591 0.329276 0.047712 0.070625
0 0.496838 0.665461 0.025093 0.051875
0 0.538876 0.655921 0.036402 0.063750
0 0.565290 0.733224 0.028627 0.061875
0 0.647135 0.656579 0.044178 0.075000
0 0.606027 0.336184 0.050892 0.067500
0 0.713170 0.534868 0.031101 0.057500
0 0.726749 0.574013 0.021558 0.038125
0 0.563616 0.973355 0.033928 0.044375
0 0.771205 0.586184 0.034635 0.053750
0 0.798735 0.536513 0.028981 0.058125
0 0.743118 0.619737 0.025093 0.035000
0 0.757068 0.046053 0.036049 0.061250
0 0.805804 0.034539 0.038170 0.065625
0 0.720610 0.221053 0.030394 0.053750
0 0.829799 0.437500 0.040644 0.057500
0 0.922991 0.489474 0.049479 0.081250
0 0.361049 0.653947 0.025093 0.053750
0 0.190476 0.791118 0.024740 0.044375
