0 0.548549 0.664145 0.025093 0.051875
0 0.590588 0.654605 0.036402 0.063750
0 0.617001 0.731908 0.028627 0.061875
0 0.698847 0.655263 0.044178 0.075000
0 0.657738 0.334868 0.050892 0.067500
0 0.764881 0.533553 0.031101 0.057500
0 0.778460 0.572697 0.021558 0.038125
0 0.615327 0.972039 0.033928 0.044375
0 0.822917 0.584868 0.034635 0.053750
0 0.850446 0.535197 0.028981 0.058125
0 0.794829 0.618421 0.025093 0.035000
0 0.808780 0.044737 0.036049 0.061250
0 0.857515 0.033882 0.038170 0.064375
0 0.772321 0.219737 0.030394 0.053750
0 0.881510 0.436184 0.040644 0.057500
0 0.974330 0.488158 0.048772 0.081250
0 0.412760 0.652632 0.025093 0.053750
0 0.242374 0.797039 0.026507 0.041875
0 0.188802 0.864803 0.034282 0.048125
0 0.161644 0.710526 0.036402 0.051250
0 0.063802 0.677632 0.025093 0.051250
0 0.092820 0.359539 0.045591 0.071875
0 0.130580 0.330592 0.031101 0.048125
