0 0.324405 0.899671 0.034635 0.050625
0 0.324033 0.863487 0.040290 0.048125
0 0.789993 0.598355 0.037817 0.051875
0 0.562500 0.530263 0.038170 0.057500
0 0.754836 0.540789 0.036756 0.057500
0 0.372582 0.384539 0.043471 0.074375
0 0.349330 0.306250 0.038170 0.071875
0 0.241257 0.583553 0.027214 0.051250
0 0.603423 0.142434 0.032515 0.054375
0 0.892113 0.098026 0.031101 0.057500
0 0.933222 0.476645 0.023680 0.044375
0 0.912574 0.432237 0.030394 0.051250
0 0.953497 0.394408 0.028274 0.040625
0 0.154390 0.575987 0.043824 0.051875
0 0.121280 0.874671 0.045238 0.066875
0 0.021949 0.613816 0.033928 0.060000
0 0.070871 0.189803 0.044178 0.060625
