0 0.195312 0.889803 0.028981 0.050625
0 0.583705 0.879276 0.033928 0.060625
0 0.115699 0.825987 0.022620 0.041875
0 0.180246 0.801645 0.028627 0.046875
0 0.749814 0.747697 0.032161 0.058125
0 0.443824 0.614474 0.030394 0.053750
0 0.633743 0.568092 0.038523 0.070625
0 0.355469 0.544408 0.039937 0.070625
0 0.185082 0.529276 0.030748 0.060625
0 0.692894 0.514803 0.034282 0.051875
0 0.173735 0.458224 0.028981 0.050625
0 0.666109 0.451645 0.034282 0.058125
0 0.543713 0.445395 0.032868 0.055000
0 0.221726 0.405921 0.034635 0.051250
0 0.512835 0.408882 0.040644 0.070625
0 0.468192 0.400987 0.044178 0.080625
0 0.516555 0.290789 0.032161 0.051250
0 0.142299 0.289474 0.028627 0.047500
0 0.164435 0.249671 0.025447 0.046875
0 0.229911 0.233224 0.028981 0.048125
0 0.832775 0.213158 0.034988 0.060000
0 0.868676 0.197697 0.030394 0.054375
0 0.903460 0.070066 0.028627 0.048125
0 0.616443 0.923026 0.043824 0.080000
0 0.640439 0.965132 0.028627 0.061250
