0 0.103237 0.908553 0.034282 0.061250
0 0.048549 0.593092 0.025093 0.044375
0 0.044085 0.618092 0.030748 0.041875
0 0.021949 0.743092 0.028274 0.044375
0 0.761719 0.871711 0.043471 0.081250
0 0.795201 0.922039 0.036402 0.066875
0 0.816964 0.964145 0.033928 0.048125
0 0.810454 0.570724 0.028627 0.041875
0 0.869234 0.519737 0.042057 0.041250
0 0.924293 0.747368 0.037817 0.055000
0 0.534598 0.542763 0.038170 0.061250
0 0.360863 0.526316 0.036756 0.053750
0 0.290551 0.818421 0.030394 0.055000
0 0.372954 0.880263 0.034988 0.057500
0 0.352679 0.450658 0.031101 0.060000
0 0.400856 0.399342 0.044178 0.061250
0 0.647693 0.396711 0.032515 0.065000
0 0.693080 0.401316 0.031101 0.055000
0 0.723400 0.450329 0.034282 0.061875
0 0.844494 0.451645 0.034635 0.061875
0 0.320499 0.282566 0.028627 0.048125
0 0.343378 0.238158 0.028274 0.051250
0 0.409226 0.228618 0.031101 0.044375
0 0.696987 0.290132 0.028627 0.060000
0 0.626116 0.614803 0.038170 0.070625
0 0.357515 0.797039 0.038170 0.066875
