0 0.290737 0.652303 0.034282 0.074375
0 0.297433 0.821711 0.029334 0.055000
0 0.221168 0.486513 0.036402 0.071875
0 0.319382 0.132895 0.036402 0.063750
0 0.353795 0.080921 0.028981 0.081250
0 0.507626 0.321053 0.037817 0.081250
0 0.688244 0.555263 0.034635 0.087500
0 0.839472 0.500329 0.032161 0.041875
0 0.837054 0.415789 0.030394 0.077500
0 0.823103 0.044079 0.028627 0.060000
0 0.584449 0.125658 0.032515 0.060000
0 0.150112 0.066447 0.045591 0.085000
0 0.081659 0.144079 0.037817 0.081250
0 0.065290 0.825000 0.047712 0.075000
