0 0.306920 0.684539 0.028981 0.041875
0 0.315290 0.725658 0.022973 0.060000
0 0.460751 0.904605 0.025093 0.045000
0 0.513021 0.944737 0.019085 0.033750
0 0.674107 0.855263 0.022620 0.040000
0 0.694940 0.669079 0.032515 0.055000
0 0.944754 0.875658 0.026507 0.043750
0 0.632626 0.385855 0.027214 0.044375
0 0.499814 0.231579 0.025093 0.050000
0 0.632999 0.120066 0.040644 0.070625
0 0.459449 0.153289 0.033928 0.047500
0 0.418341 0.102961 0.032161 0.044375
0 0.281994 0.116447 0.028981 0.051250
0 0.248140 0.306579 0.028274 0.053750
0 0.042783 0.158882 0.030394 0.064375
0 0.027344 0.478289 0.027214 0.060000
0 0.446243 0.554605 0.027214 0.055000
