0 0.086124 0.072697 0.028627 0.068125
0 0.078683 0.432566 0.025093 0.061875
0 0.147321 0.330921 0.032515 0.057500
0 0.385045 0.356579 0.031101 0.057500
0 0.429688 0.184539 0.031101 0.071875
0 0.065104 0.591118 0.028274 0.048125
0 0.284598 0.581908 0.033928 0.068125
0 0.438244 0.616776 0.032515 0.051875
0 0.213356 0.693750 0.034282 0.050625
0 0.585938 0.534211 0.079873 0.090000
0 0.687128 0.735197 0.049479 0.054375
0 0.696243 0.856579 0.040644 0.060000
0 0.664249 0.972697 0.043471 0.046875
0 0.161458 0.950329 0.043824 0.046875
0 0.718006 0.167434 0.032515 0.044375
0 0.756324 0.161842 0.033928 0.050000
0 0.759301 0.680921 0.031101 0.053750
0 0.116443 0.033224 0.032515 0.048125
0 0.851935 0.495724 0.036756 0.044375
0 0.929874 0.045066 0.040644 0.048125
