0 0.109561 0.034211 0.026507 0.065000
0 0.337612 0.054605 0.037817 0.057500
0 0.813058 0.104276 0.026507 0.061875
0 0.287760 0.314145 0.028627 0.060625
0 0.783482 0.353947 0.031101 0.060000
0 0.817336 0.221382 0.025447 0.048125
0 0.113281 0.563816 0.032868 0.050000
0 0.189546 0.585197 0.036402 0.040625
0 0.624442 0.624013 0.047712 0.068125
0 0.814546 0.543421 0.040644 0.055000
0 0.089472 0.798355 0.025093 0.044375
0 0.060082 0.818092 0.025093 0.040625
0 0.944010 0.645395 0.042057 0.055000
0 0.885603 0.040132 0.027214 0.055000
0 0.508185 0.935526 0.022620 0.045000
0 0.591890 0.977961 0.031101 0.041875
0 0.808408 0.948684 0.036049 0.051250
0 0.980841 0.509211 0.023680 0.047500
