0 0.130952 0.445724 0.033928 0.078125
0 0.050037 0.403947 0.040644 0.090000
0 0.211868 0.693750 0.040644 0.071875
0 0.319568 0.577632 0.043824 0.081250
0 0.341518 0.800987 0.034635 0.046875
0 0.445871 0.643092 0.028627 0.071875
0 0.376488 0.379276 0.031101 0.066875
0 0.572173 0.328618 0.024740 0.070625
0 0.704985 0.475329 0.036049 0.066875
0 0.795201 0.607566 0.034282 0.068125
0 0.479539 0.110855 0.033928 0.070625
0 0.243862 0.114803 0.039937 0.058125
0 0.174107 0.065461 0.038170 0.066875
0 0.900112 0.524671 0.036402 0.071875
