0 0.197545 0.822039 0.028981 0.050625
0 0.585938 0.811513 0.033928 0.060625
0 0.117932 0.758224 0.022620 0.041875
0 0.182478 0.733882 0.028627 0.046875
0 0.752046 0.679934 0.032161 0.058125
0 0.446057 0.546711 0.030394 0.053750
0 0.635975 0.500329 0.038523 0.070625
0 0.357701 0.476645 0.039937 0.070625
0 0.187314 0.461513 0.030748 0.060625
0 0.695126 0.447039 0.034282 0.051875
0 0.175967 0.390461 0.028981 0.050625
0 0.668341 0.383882 0.034282 0.058125
0 0.545945 0.377632 0.032868 0.055000
0 0.223958 0.338158 0.034635 0.051250
0 0.515067 0.341118 0.040644 0.070625
0 0.470424 0.333224 0.044178 0.080625
0 0.518787 0.223026 0.032161 0.051250
0 0.144531 0.221711 0.028627 0.047500
0 0.166667 0.181908 0.025447 0.046875
0 0.232143 0.165461 0.028981 0.048125
0 0.835007 0.145395 0.034988 0.060000
0 0.870908 0.129934 0.030394 0.054375
0 0.618676 0.855263 0.043824 0.080000
0 0.642671 0.897368 0.028627 0.061250
