0 0.017485 0.710197 0.032515 0.044375
0 0.279948 0.268750 0.029334 0.046875
0 0.057664 0.541447 0.033928 0.051250
0 0.388393 0.511842 0.032515 0.047500
0 0.351004 0.521711 0.030748 0.055000
0 0.205171 0.896711 0.040644 0.055000
0 0.226935 0.904276 0.034635 0.044375
0 0.489583 0.870395 0.040290 0.053750
0 0.567522 0.408224 0.049832 0.056875
0 0.064546 0.973684 0.027214 0.031250
0 0.650112 0.846382 0.026507 0.040625
0 0.805060 0.604934 0.048065 0.040625
0 0.889881 0.574013 0.043824 0.046875
0 0.972842 0.569408 0.051599 0.044375
