0 0.304688 0.672697 0.028981 0.041875
0 0.313058 0.713816 0.022973 0.060000
0 0.458519 0.892763 0.025093 0.045000
0 0.510789 0.932895 0.019085 0.033750
0 0.671875 0.843421 0.022620 0.040000
0 0.692708 0.657237 0.032515 0.055000
0 0.942522 0.863816 0.026507 0.043750
0 0.630394 0.374013 0.027214 0.044375
0 0.497582 0.219737 0.025093 0.050000
0 0.630766 0.108224 0.040644 0.070625
0 0.457217 0.141447 0.033928 0.047500
0 0.416109 0.091118 0.032161 0.044375
0 0.279762 0.104605 0.028981 0.051250
0 0.245908 0.294737 0.028274 0.053750
0 0.040551 0.147039 0.030394 0.064375
0 0.025112 0.466447 0.027214 0.060000
0 0.444010 0.542763 0.027214 0.055000
