0 0.946429 0.127303 0.028981 0.044375
0 0.651228 0.746711 0.038523 0.055000
0 0.622768 0.708224 0.034635 0.044375
0 0.627232 0.588816 0.033928 0.051250
0 0.576451 0.701645 0.025093 0.064375
0 0.538132 0.214145 0.021558 0.046875
0 0.468006 0.848026 0.031101 0.050000
0 0.346912 0.542434 0.038523 0.044375
0 0.337054 0.716118 0.034635 0.041875
0 0.279948 0.555921 0.040644 0.063750
0 0.255766 0.597368 0.040644 0.050000
0 0.286644 0.753947 0.034988 0.055000
0 0.296689 0.826645 0.028627 0.066875
0 0.781064 0.758882 0.023680 0.044375
0 0.804315 0.826645 0.031101 0.058125
0 0.748698 0.874671 0.029334 0.040625
0 0.557292 0.923684 0.031101 0.055000
0 0.946057 0.519737 0.036756 0.050000
0 0.978051 0.503618 0.028274 0.064375
0 0.316592 0.114145 0.028981 0.081875
0 0.094866 0.309868 0.028274 0.051250
