0 0.017857 0.529605 0.028981 0.061250
0 0.309524 0.482566 0.031101 0.054375
0 0.331101 0.488158 0.028981 0.060000
0 0.418341 0.692763 0.034282 0.057500
0 0.425223 0.802632 0.028274 0.050000
0 0.392299 0.937829 0.025093 0.038125
0 0.488653 0.621711 0.026507 0.040000
0 0.449963 0.107895 0.029334 0.067500
0 0.486421 0.104605 0.026507 0.061250
0 0.159784 0.132566 0.027214 0.066875
0 0.118118 0.298684 0.022973 0.055000
0 0.588914 0.459211 0.028274 0.060000
0 0.739583 0.580921 0.034635 0.057500
0 0.753162 0.433553 0.037817 0.055000
0 0.905692 0.195395 0.023680 0.060000
0 0.172247 0.583224 0.034635 0.064375
