0 0.742932 0.965132 0.028981 0.051250
0 0.638765 0.971382 0.042411 0.046875
0 0.325335 0.864145 0.044178 0.040625
0 0.352121 0.906579 0.040644 0.053750
0 0.408854 0.457895 0.043824 0.047500
0 0.671875 0.272697 0.043824 0.038125
0 0.148996 0.571053 0.034282 0.061250
0 0.094308 0.255592 0.025093 0.044375
0 0.089844 0.280592 0.030748 0.041875
0 0.067708 0.405592 0.028274 0.044375
0 0.046875 0.434539 0.034635 0.038125
0 0.807478 0.534211 0.043471 0.081250
0 0.840960 0.584539 0.036402 0.066875
0 0.862723 0.626645 0.033928 0.048125
0 0.926525 0.840461 0.026507 0.036875
0 0.856213 0.233224 0.028627 0.041875
0 0.914993 0.182237 0.042057 0.041250
0 0.970052 0.409868 0.037817 0.055000
0 0.580357 0.205263 0.038170 0.061250
0 0.406622 0.188816 0.036756 0.053750
0 0.336310 0.480921 0.030394 0.055000
0 0.418713 0.542763 0.034988 0.057500
0 0.398438 0.113158 0.031101 0.060000
0 0.446615 0.061842 0.044178 0.061250
0 0.693452 0.059211 0.032515 0.065000
0 0.738839 0.063816 0.031101 0.055000
0 0.769159 0.112829 0.034282 0.061875
0 0.890253 0.114145 0.034635 0.061875
