0 0.894345 0.040132 0.028981 0.050000
0 0.915551 0.059868 0.028274 0.031250
0 0.564360 0.075000 0.036049 0.061250
0 0.685454 0.124342 0.029334 0.053750
0 0.871280 0.140132 0.028981 0.040000
0 0.517113 0.169737 0.031101 0.050000
0 0.152902 0.263158 0.031101 0.061250
0 0.334077 0.372697 0.028981 0.066875
0 0.376674 0.463158 0.037817 0.061250
0 0.230097 0.544408 0.030748 0.044375
0 0.304315 0.623026 0.028981 0.055000
0 0.383557 0.532566 0.036049 0.068125
0 0.493490 0.596382 0.044178 0.068125
0 0.503534 0.494737 0.036402 0.060000
0 0.674851 0.535855 0.036756 0.070625
0 0.769345 0.608224 0.034635 0.061875
0 0.931548 0.491447 0.042411 0.085000
0 0.147693 0.572039 0.028981 0.046875
0 0.055618 0.695066 0.021558 0.038125
0 0.055246 0.758882 0.018024 0.041875
0 0.068452 0.772039 0.021205 0.040625
0 0.218936 0.714145 0.027214 0.044375
0 0.476935 0.724013 0.050892 0.074375
0 0.929688 0.708553 0.036756 0.050000
0 0.061942 0.814803 0.023680 0.046875
0 0.808036 0.898684 0.030394 0.050000
0 0.773624 0.943421 0.032868 0.051250
